5.2573E+06 -1.3576E+01 3.7623E+02 6.6341E+01 -8.4926E-02 1.0014E-04
5.3704E+06 3.3849E+01 4.8356E+02 9.2097E+01 -7.8829E-02 6.1743E-05
5.5510E+06 -3.6790E+01 4.7293E+02 7.1744E+01 -4.5279E-02 3.8660E-05
5.1908E+06 1.0973E+01 3.9699E+02 8.2284E+01 -1.1389E-01 9.2769E-05
5.4740E+06 -6.3877E+01 4.5572E+02 6.6374E+01 -3.9060E-02 4.0395E-05
5.0126E+06 -1.1557E+01 3.9281E+02 8.0529E+01 -1.0446E-01 8.9722E-05
4.9466E+06 -1.4488E+01 5.8843E+02 1.1477E+02 -1.0483E-01 7.0268E-05
5.2316E+06 -4.3292E-01 4.3826E+02 7.9012E+01 -5.8016E-02 5.1638E-05
5.4532E+06 5.8737E+00 3.9410E+02 5.4597E+01 -2.3782E-02 3.9011E-05
5.2127E+06 1.1359E+01 4.0924E+02 6.8949E+01 -5.8497E-02 5.6208E-05
5.1743E+06 -9.8058E+01 3.0030E+02 3.0223E+01 -1.3153E-02 5.2502E-05
5.4399E+06 -3.2382E+01 5.1106E+02 5.7258E+01 -6.1919E-02 6.7900E-05
5.6939E+06 -1.8264E+01 5.1842E+02 7.9319E+01 -5.1023E-02 4.3417E-05
5.6906E+06 -3.5925E+00 2.7563E+02 5.1824E+01 -9.9693E-02 1.2484E-04
5.7845E+06 -2.7653E+01 4.0970E+02 5.9377E+01 -4.8547E-02 5.2839E-05
5.5322E+06 1.7439E+01 4.0402E+02 7.2699E+01 -7.5583E-02 6.9409E-05
5.0961E+06 -2.1383E+00 4.2608E+02 8.2151E+01 -8.3062E-02 6.5529E-05
5.1943E+06 8.6326E-01 4.6338E+02 7.1086E+01 -3.0565E-02 2.5444E-05
5.5046E+06 -1.2366E+01 4.2631E+02 6.9320E+01 -4.8442E-02 5.5485E-05
5.3502E+06 2.4040E+01 3.4720E+02 7.8797E+01 -1.5807E-01 1.5958E-04
4.8350E+06 -3.1486E+02 5.1570E+02 3.2523E+01 5.3167E-02 -1.1076E-05
5.6349E+06 -4.9827E+01 3.5702E+02 4.9791E+01 -3.2196E-02 4.5344E-05
5.3090E+06 -3.6595E+01 4.5038E+02 6.3984E+01 -5.3013E-02 5.2018E-05
5.7956E+06 -2.0921E+01 4.9736E+02 6.7336E+01 -4.8936E-06 -3.4719E-06
5.3923E+06 -2.7050E+01 3.2532E+02 5.5646E+01 -8.9552E-02 1.0059E-04
5.3266E+06 -3.5094E+01 4.0347E+02 7.0892E+01 -6.2001E-02 5.7529E-05
5.8553E+06 -1.7661E+01 3.9812E+02 5.9757E+01 -6.3223E-02 6.3690E-05
5.5915E+06 -2.5348E+01 5.0017E+02 7.6263E+01 -7.3806E-02 5.9188E-05
5.1938E+06 -2.5339E+01 3.6849E+02 5.9806E+01 -3.1538E-02 4.7581E-05
5.1696E+06 -1.1632E+01 3.9472E+02 6.9442E+01 -4.6615E-02 4.3447E-05
5.0894E+06 -1.4688E+01 5.2486E+02 9.6534E+01 -5.8256E-02 4.0488E-05
5.3952E+06 -1.4816E+01 4.1936E+02 8.4657E+01 -8.6364E-02 6.9273E-05
5.1508E+06 -5.4234E+01 3.3511E+02 4.9373E+01 -2.3145E-02 4.6973E-05
5.1031E+06 4.1857E+00 2.8476E+02 5.8707E+01 -9.4911E-02 1.1414E-04
5.5668E+06 1.0609E+01 5.2426E+02 8.4966E+01 -8.2362E-02 5.0975E-05
5.1974E+06 -9.1747E-01 5.1943E+02 1.0987E+02 -1.1006E-01 6.5062E-05
5.3760E+06 -1.7826E+01 3.1881E+02 5.5670E+01 -5.8847E-02 7.4997E-05
5.4358E+06 -1.1297E+01 2.4667E+02 5.0401E+01 -9.0423E-02 1.2565E-04
5.1955E+06 -4.3207E+01 3.2982E+02 4.0287E+01 -3.8146E-02 6.2925E-05
5.3941E+06 -9.9003E+00 5.7883E+02 1.1651E+02 -1.3883E-01 8.6873E-05
5.2686E+06 -5.0765E+00 3.4011E+02 5.3865E+01 -2.7047E-02 4.4860E-05
5.4715E+06 -2.3905E+01 4.7224E+02 7.1695E+01 -6.9330E-02 5.7473E-05
5.3934E+06 2.6915E+01 4.4724E+02 8.9517E+01 -1.0431E-01 8.1526E-05
4.8323E+06 -1.0694E+01 4.4357E+02 7.3815E+01 -9.2791E-04 9.6300E-06
5.1298E+06 2.4231E+01 3.1250E+02 7.4833E+01 -1.1253E-01 1.1133E-04
5.2082E+06 -2.1562E+00 5.0808E+02 9.4528E+01 -9.4304E-02 7.0087E-05
5.6456E+06 6.5493E+00 3.1077E+02 6.9420E+01 -1.1104E-01 1.1322E-04
5.0928E+06 -1.0366E+01 5.1935E+02 9.5419E+01 -7.3222E-02 4.9090E-05
5.5778E+06 -2.5877E+01 5.0704E+02 8.3514E+01 -6.2598E-02 4.8909E-05
5.2828E+06 -3.3630E+01 4.7911E+02 7.7086E+01 -4.9778E-02 4.0002E-05
5.2855E+06 3.6656E+01 3.4056E+02 6.3035E+01 -1.0798E-01 1.1095E-04
5.5469E+06 -2.5512E+01 5.2463E+02 7.9042E+01 -5.9268E-02 4.6425E-05
5.3617E+06 1.5242E+01 3.3586E+02 6.2425E+01 -7.2262E-02 7.6101E-05
5.0619E+06 -5.8943E-01 3.5726E+02 6.2609E+01 -7.3924E-02 8.0625E-05
5.3877E+06 9.0939E+00 2.9543E+02 6.0120E+01 -9.9476E-02 1.1489E-04
5.4800E+06 -2.4105E+01 4.2439E+02 6.1907E+01 -5.4986E-02 5.8674E-05
5.0655E+06 -1.4558E+01 4.3194E+02 9.1126E+01 -6.5544E-02 6.7984E-05
5.4527E+06 -6.6219E+01 4.1824E+02 6.2570E+01 -3.3225E-02 3.6041E-05
5.4570E+06 -9.4213E+00 4.6671E+02 9.6914E+01 -8.8940E-02 6.6196E-05
5.4741E+06 7.8663E+00 3.3608E+02 6.3039E+01 -7.3674E-02 7.9255E-05
4.6039E+06 2.0448E+01 2.8615E+02 8.1440E+01 -1.0455E-01 9.9440E-05
4.6416E+06 -7.8981E+01 4.8011E+02 6.7282E+01 6.7216E-03 -2.7810E-06
5.3387E+06 -1.9805E+01 2.6720E+02 4.9533E+01 -7.0777E-02 1.0084E-04
4.9329E+06 4.6987E+00 2.9464E+02 7.1546E+01 -1.0098E-01 1.0285E-04
5.6028E+06 -2.0715E+01 5.0016E+02 6.7257E+01 -6.0876E-02 5.3805E-05
5.7397E+06 -1.4044E+01 3.0943E+02 5.0598E+01 -6.1760E-02 8.0241E-05
5.7697E+06 -2.8289E+01 3.7691E+02 5.6473E+01 -4.9411E-02 5.6844E-05
5.6768E+06 -1.6842E+01 3.5326E+02 5.6424E+01 -5.6750E-02 6.6273E-05
5.6338E+06 -1.6488E+01 3.6847E+02 6.4754E+01 -8.2677E-02 7.6680E-05
5.4227E+06 -2.5658E+01 4.2208E+02 7.3561E+01 -7.5872E-02 8.8331E-05
5.4482E+06 -1.8954E+01 4.8619E+02 8.8141E+01 -5.5802E-02 3.7927E-05
5.4665E+06 1.6638E+01 4.1659E+02 8.0486E+01 -7.2814E-02 6.5134E-05
5.7463E+06 -4.8941E+01 4.9816E+02 7.5458E+01 -4.9801E-02 3.8224E-05
5.1422E+06 2.6600E+00 4.7186E+02 8.7683E+01 -8.0247E-02 6.0909E-05
5.2323E+06 -1.9735E+01 4.0676E+02 8.0824E+01 -1.3640E-01 1.5190E-04
5.4935E+06 -8.5537E+00 3.5307E+02 6.4304E+01 -9.0113E-02 9.0913E-05
5.0027E+06 -3.2287E+01 4.6375E+02 6.2860E+01 2.7535E-02 -2.1998E-05
5.5971E+06 -4.5433E+01 3.7795E+02 4.6728E+01 -2.0271E-02 3.4515E-05
5.3696E+06 1.9283E+01 4.4651E+02 7.5022E+01 -6.5087E-02 5.5865E-05
5.1010E+06 -9.5430E+01 3.7752E+02 4.3221E+01 7.6633E-03 2.5474E-05
5.4816E+06 -7.6206E+01 4.4634E+02 6.3005E+01 -1.5746E-02 2.7183E-05
5.2337E+06 -3.5217E+00 3.6997E+02 7.7893E+01 -8.4816E-02 7.4409E-05
5.2581E+06 -4.3876E+00 2.6940E+02 5.7380E+01 -8.6354E-02 1.0777E-04
5.3913E+06 -6.9559E+00 3.4551E+02 6.4629E+01 -8.9000E-02 9.0692E-05
5.7485E+06 -1.0735E+01 4.9624E+02 7.5408E+01 -7.2500E-02 5.4622E-05
5.2099E+06 -4.2483E+00 3.6616E+02 7.6982E+01 -6.6060E-02 5.4883E-05
5.2030E+06 -1.1488E+01 3.3697E+02 6.0806E+01 -7.6608E-02 8.3093E-05
5.5252E+06 -6.8394E+00 3.1632E+02 6.4263E+01 -7.5578E-02 8.0325E-05
5.3310E+06 1.5781E+01 5.0661E+02 1.0605E+02 -9.8883E-02 7.3869E-05
5.3020E+06 -8.3931E+00 3.9315E+02 8.3042E+01 -1.0772E-01 8.7692E-05
5.2938E+06 4.0178E+01 4.8471E+02 8.3256E+01 -7.9662E-02 5.8578E-05
5.5030E+06 -4.3838E+01 4.6593E+02 7.6994E+01 -4.1628E-02 3.7343E-05
5.4213E+06 -4.9785E+01 5.1709E+02 6.1302E+01 -2.4695E-02 2.2973E-05
5.5928E+06 2.7846E+00 3.1145E+02 6.2437E+01 -9.1733E-02 1.0067E-04
5.3949E+06 -2.8688E+01 5.0920E+02 7.8696E+01 -7.1784E-02 5.9248E-05
5.1596E+06 -2.3853E+02 4.4756E+02 3.5385E+01 2.5101E-02 2.5640E-06
4.9962E+06 -1.0787E+02 4.9266E+02 6.5924E+01 2.3589E-03 1.1848E-05
5.4417E+06 -3.8003E+01 5.0217E+02 7.3720E+01 -4.4969E-02 3.8135E-05
5.3932E+06 -1.0342E+01 3.0066E+02 6.2115E+01 -1.0048E-01 1.0871E-04
5.2687E+06 -5.2460E+00 4.6983E+02 8.7788E+01 -6.5417E-02 5.4002E-05
5.5915E+06 -1.8840E+01 3.9804E+02 7.1861E+01 -8.0324E-02 6.9172E-05
5.3386E+06 1.4289E+00 3.3585E+02 7.3617E+01 -1.1437E-01 1.1220E-04
5.3759E+06 -4.1834E+01 5.4320E+02 7.8710E+01 -2.6402E-02 1.9427E-05
5.9214E+06 -1.1154E+01 5.1303E+02 8.6087E+01 -6.6069E-02 4.4588E-05
5.1195E+06 -1.2129E+01 2.8176E+02 6.2219E+01 -1.1854E-01 1.3457E-04
5.6097E+06 -1.9882E+01 3.7689E+02 6.6447E+01 -6.1912E-02 6.1692E-05
5.6811E+06 -1.2738E+00 4.1496E+02 6.6904E+01 -5.7023E-02 5.6378E-05
5.6834E+06 -4.6189E+01 3.9455E+02 5.4035E+01 -2.4872E-02 3.5465E-05
5.3746E+06 -1.3698E+01 5.6719E+02 7.5985E+01 -2.7146E-02 2.0889E-05
5.5272E+06 -8.6555E+00 4.7319E+02 7.7540E+01 -4.4292E-02 4.0557E-05
5.2193E+06 -1.8969E+00 5.0253E+02 9.4703E+01 -7.6528E-02 5.2779E-05
5.1929E+06 -6.4585E+00 5.0246E+02 8.9036E+01 -5.0998E-02 3.4260E-05
4.7986E+06 1.8715E+00 4.9467E+02 8.3075E+01 -5.0519E-02 6.5432E-05
5.7769E+06 -5.5308E+01 4.3750E+02 6.2008E+01 -3.6036E-02 4.0520E-05
5.0835E+06 2.9389E+01 6.7544E+02 1.2857E+02 -1.4591E-01 7.8728E-05
5.5827E+06 2.9863E+01 4.5741E+02 7.4564E+01 -7.4456E-02 6.1820E-05
5.0174E+06 -9.5241E+00 3.7527E+02 6.9345E+01 -7.2483E-02 7.1639E-05
5.3643E+06 -5.2811E+00 2.4915E+02 4.5472E+01 -5.9821E-02 9.7995E-05
5.1809E+06 -2.2360E+01 4.2131E+02 6.7511E+01 -2.2660E-02 2.1316E-05
5.5756E+06 -5.7161E+01 4.8791E+02 7.0958E+01 -5.0239E-02 4.9284E-05
5.4465E+06 -3.7026E+01 3.1038E+02 4.4791E+01 -5.8257E-02 8.4084E-05
5.2990E+06 -1.4310E+01 5.8345E+02 1.1206E+02 -1.1919E-01 7.9623E-05
4.8197E+06 -1.7901E+01 4.5719E+02 8.3143E+01 -5.0746E-02 4.5740E-05
5.5109E+06 -4.1970E+00 4.8948E+02 7.7245E+01 -5.9372E-02 5.4741E-05
5.1963E+06 -9.2670E+00 4.0346E+02 7.2153E+01 -4.7906E-02 5.3295E-05
5.4190E+06 -2.8106E+01 3.4916E+02 5.2240E+01 -1.7769E-02 2.8497E-05
5.6209E+06 -6.0782E+01 4.0591E+02 5.3961E+01 -4.2328E-02 4.5591E-05
4.9081E+06 2.2694E+00 4.4489E+02 8.9335E+01 -9.5522E-02 6.7521E-05
5.2651E+06 -3.7493E+01 3.1209E+02 4.5149E+01 -4.2084E-02 7.0328E-05
5.5571E+06 8.2403E+00 3.0619E+02 5.9112E+01 -9.1175E-02 1.0368E-04
4.9290E+06 -2.0173E+01 3.9743E+02 6.4390E+01 -8.2805E-03 1.8119E-05
5.8204E+06 -3.8524E+01 4.9947E+02 6.7099E+01 -4.7241E-02 4.5558E-05
5.7776E+06 -1.4324E+02 5.2652E+02 4.8921E+01 -1.3211E-02 2.6946E-05
5.4329E+06 5.9768E+01 5.9475E+02 1.0004E+02 -9.0667E-02 6.1671E-05
5.4855E+06 -3.3907E+01 3.6887E+02 5.3394E+01 -4.5111E-02 5.6644E-05
5.2984E+06 -3.9254E-01 3.0782E+02 7.1178E+01 -1.1537E-01 1.1542E-04
5.3911E+06 -2.9318E+01 4.6666E+02 7.5922E+01 -6.5134E-02 4.9400E-05
5.4613E+06 -6.4310E+01 4.5019E+02 6.3440E+01 -4.4435E-02 4.5384E-05
5.5141E+06 9.9490E+00 2.8753E+02 4.8334E+01 -8.2442E-02 1.1197E-04
5.4431E+06 6.0353E-01 3.7563E+02 5.4927E+01 -4.6473E-02 5.6598E-05
5.3829E+06 -1.6676E+01 3.8990E+02 6.6840E+01 -5.3756E-02 5.2772E-05
5.0084E+06 -4.0638E+01 4.1363E+02 5.5410E+01 -9.4566E-03 3.6247E-05
5.3964E+06 -7.1528E+01 5.3022E+02 6.6366E+01 -2.2305E-02 2.5373E-05
5.6729E+06 -6.6594E+00 3.7002E+02 7.4160E+01 -9.3424E-02 8.7358E-05
5.2881E+06 -1.5365E+01 4.7629E+02 9.1416E+01 -6.3766E-02 4.4782E-05
5.7746E+06 -1.9769E+01 3.5690E+02 5.8756E+01 -5.9033E-02 6.3160E-05
5.2782E+06 -2.4794E+01 4.3138E+02 6.8432E+01 -6.6918E-02 6.6625E-05
5.5179E+06 -1.2788E+02 4.2232E+02 4.1175E+01 1.3070E-02 7.1549E-06
5.3937E+06 -3.3439E+01 3.5779E+02 5.7441E+01 -6.0528E-02 7.1586E-05
5.4488E+06 -8.8441E+01 5.2498E+02 6.7644E+01 -2.8262E-02 2.9709E-05
4.7019E+06 -1.1008E+01 2.7815E+02 5.1535E+01 -4.8375E-02 7.4319E-05
4.6048E+06 5.0545E+01 3.7140E+02 9.7759E+01 -1.1369E-01 8.3101E-05
5.1255E+06 -3.1235E+00 4.1163E+02 8.5687E+01 -6.8621E-02 6.0127E-05
5.3048E+06 -6.5207E+01 4.4182E+02 7.0099E+01 -5.8757E-02 5.8937E-05
5.4246E+06 1.0561E+01 4.5997E+02 6.9031E+01 -5.1403E-02 4.9058E-05
5.3486E+06 5.5752E-01 3.1570E+02 7.7647E+01 -1.2787E-01 1.2069E-04
5.8414E+06 -3.1786E+01 4.7330E+02 7.8823E+01 -4.6635E-02 3.0884E-05
5.5431E+06 -1.8112E+00 5.3782E+02 8.8689E+01 -6.8200E-02 4.9192E-05
5.2907E+06 -3.6729E+01 4.9008E+02 9.1541E+01 -7.1004E-02 4.8486E-05
5.2437E+06 1.3920E+01 4.6832E+02 7.6506E+01 -5.1960E-02 4.9892E-05
4.7188E+06 -8.4097E+00 4.7612E+02 9.0854E+01 -3.4985E-02 1.6994E-05
5.1519E+06 -2.0648E+00 2.9281E+02 6.2138E+01 -1.0511E-01 1.1619E-04
5.1062E+06 1.1563E+01 4.0554E+02 8.7987E+01 -9.1373E-02 6.8055E-05
5.0065E+06 1.5175E+01 5.7259E+02 9.9660E+01 -9.0149E-02 5.6097E-05
5.1482E+06 4.3184E+01 3.4509E+02 7.6697E+01 -1.4062E-01 1.3473E-04
5.3694E+06 -1.5149E+01 3.1382E+02 5.4457E+01 -6.8198E-02 8.3318E-05
5.1286E+06 -5.3111E+01 3.8191E+02 5.5698E+01 -4.2638E-02 4.7945E-05
5.1171E+06 -2.1097E+01 3.7138E+02 6.3637E+01 -3.0004E-02 3.6185E-05
5.7554E+06 6.4238E+00 4.6579E+02 9.5767E+01 -1.1704E-01 8.4477E-05
5.4096E+06 -9.6164E+01 3.9560E+02 4.4519E+01 -8.6398E-03 2.3464E-05
5.6179E+06 -9.2248E-01 2.5252E+02 4.9710E+01 -9.3578E-02 1.2867E-04
4.9737E+06 -2.0828E+01 3.6250E+02 6.1856E+01 -3.5598E-02 4.3809E-05
5.1599E+06 -1.0814E+01 5.0765E+02 8.9598E+01 -7.5696E-02 5.1686E-05
5.5722E+06 -3.4778E+01 3.9963E+02 6.6341E+01 -8.0291E-02 7.4578E-05
4.9618E+06 -3.0220E+01 3.6981E+02 7.0049E+01 -9.0863E-02 8.2873E-05
5.3199E+06 -1.8239E+02 5.5337E+02 2.7193E+01 4.5205E-02 -1.7515E-05
5.3276E+06 -1.5870E+01 3.2726E+02 6.2438E+01 -7.9029E-02 8.6626E-05
5.6324E+06 1.3156E+01 3.9021E+02 6.6548E+01 -6.6435E-02 6.6397E-05
5.6811E+06 -3.9468E+01 5.2830E+02 7.0532E+01 -4.2824E-02 3.6884E-05
4.9680E+06 -2.4247E+01 3.4168E+02 4.3636E+01 -1.4657E-02 4.8191E-05
5.4860E+06 -1.3511E+01 2.8606E+02 5.3066E+01 -7.9317E-02 1.0256E-04
5.1422E+06 -6.5572E+01 4.3801E+02 6.2047E+01 -3.3002E-02 4.9492E-05
5.1855E+06 1.9313E+01 5.9936E+02 9.9787E+01 -5.2357E-02 2.8753E-05
5.1785E+06 4.0446E+01 4.9496E+02 7.9970E+01 -3.6882E-02 2.7876E-05
5.3570E+06 -5.0844E+00 3.4468E+02 7.3046E+01 -8.6927E-02 8.5000E-05
5.3677E+06 -9.3190E+00 4.0207E+02 8.0102E+01 -7.8457E-02 6.4921E-05
5.7424E+06 -6.4046E+01 3.7814E+02 5.7234E+01 -4.7668E-02 5.2460E-05
5.1555E+06 -2.0160E+01 5.7042E+02 8.9932E+01 -5.6359E-02 4.0675E-05
5.9433E+06 -3.1827E+01 4.6894E+02 6.2060E+01 -4.6218E-02 4.0839E-05
4.6354E+06 -4.2469E+00 4.8363E+02 1.0348E+02 -5.8936E-02 5.4007E-05
5.5909E+06 -5.6808E+00 3.4755E+02 6.4039E+01 -9.1682E-02 9.0439E-05
4.9984E+06 1.1007E+01 3.2178E+02 4.3832E+01 -3.3433E-02 6.6630E-05
5.2821E+06 -1.8590E+01 4.0210E+02 7.4807E+01 -6.6550E-02 6.5005E-05
5.5656E+06 -5.6325E+00 4.3470E+02 9.3250E+01 -1.1204E-01 9.4293E-05
5.5541E+06 -1.3006E+01 4.3334E+02 7.3556E+01 -7.9775E-02 7.2049E-05
5.5133E+06 3.1566E+01 5.4031E+02 8.6131E+01 -7.4881E-02 6.1254E-05
5.2801E+06 5.7253E+01 6.0326E+02 1.1986E+02 -1.1793E-01 7.1815E-05
5.5126E+06 -6.9294E+01 4.3091E+02 6.0775E+01 -2.1200E-02 2.8419E-05
5.0063E+06 -6.8473E-01 3.4747E+02 7.8662E+01 -1.1070E-01 1.0114E-04
5.3946E+06 -2.8312E+01 3.6618E+02 6.9177E+01 -7.9465E-02 7.4002E-05
5.4897E+06 -4.0828E+01 5.6578E+02 8.4845E+01 -6.4662E-02 5.3405E-05
5.3423E+06 8.0991E+00 3.9001E+02 6.0674E+01 -5.4420E-02 5.6239E-05
4.9012E+06 -9.3915E+00 4.4813E+02 7.4592E+01 -4.0509E-02 3.1636E-05
5.1078E+06 1.8038E+01 4.1326E+02 8.1033E+01 -6.5283E-02 5.6823E-05
5.4754E+06 -1.0874E+01 3.8281E+02 7.1570E+01 -7.2236E-02 7.3155E-05
5.1260E+06 -1.4791E+01 5.0746E+02 8.1820E+01 -1.0176E-01 1.0973E-04
5.4963E+06 -8.1114E+01 4.4486E+02 6.0394E+01 -1.1786E-02 2.1784E-05
4.9369E+06 -9.1603E+01 4.7572E+02 6.6186E+01 1.7485E-02 -3.0340E-06
5.0508E+06 -3.7511E+01 5.2612E+02 8.7100E+01 -7.3393E-02 7.9852E-05
5.0983E+06 -8.2612E-02 5.4214E+02 9.9023E+01 -8.0720E-02 4.7793E-05
5.4235E+06 -1.6426E+01 4.3401E+02 6.6970E+01 -3.0573E-02 2.7427E-05
5.7041E+06 -1.7502E+01 4.5393E+02 7.6983E+01 -6.7547E-02 5.6099E-05
5.4739E+06 -5.0142E+00 4.7952E+02 9.0322E+01 -7.9785E-02 6.2116E-05
5.1902E+06 -9.0447E+00 2.9703E+02 5.5686E+01 -8.0770E-02 1.0002E-04
5.4430E+06 -7.0344E+00 5.1308E+02 9.7336E+01 -8.4148E-02 5.7564E-05
5.7310E+06 -9.9107E+00 3.3352E+02 5.5244E+01 -9.1298E-02 1.0137E-04
5.4534E+06 -1.2254E+01 2.8235E+02 4.9824E+01 -6.7728E-02 9.5028E-05
5.0336E+06 1.4768E+01 3.1142E+02 6.3548E+01 -9.3763E-02 1.0632E-04
4.7336E+06 -1.0282E+01 5.5856E+02 1.1203E+02 -1.4988E-01 1.3054E-04
5.5269E+06 -9.7238E+00 3.9798E+02 6.9396E+01 -5.1895E-02 4.7754E-05
5.3270E+06 -4.4148E+01 4.4919E+02 8.1770E+01 -4.0993E-02 3.3753E-05
4.6788E+06 -8.1438E+01 4.0143E+02 4.1060E+01 6.0401E-02 -2.1362E-05
5.2727E+06 -5.4329E+01 5.1392E+02 8.8467E+01 -4.9593E-02 2.7600E-05
5.0393E+06 -2.4707E+01 4.4891E+02 7.1905E+01 -9.6421E-03 1.6040E-05
5.7027E+06 -2.5121E+01 3.8831E+02 6.0969E+01 -4.8452E-02 4.9571E-05
4.6334E+06 -3.5203E+00 4.0991E+02 7.2154E+01 -4.0454E-02 3.6604E-05
5.7855E+06 -6.6159E+00 3.9684E+02 7.1786E+01 -7.1807E-02 6.1305E-05
5.6126E+06 -1.4568E+00 3.5143E+02 6.8074E+01 -1.1224E-01 1.1589E-04
5.6296E+06 -1.6308E+00 4.5031E+02 7.8323E+01 -4.6076E-02 3.5834E-05
5.7506E+06 -1.7249E+01 3.8797E+02 6.4311E+01 -7.1998E-02 7.4121E-05
5.3668E+06 -9.5334E+00 3.6231E+02 6.2288E+01 -4.9766E-02 4.9875E-05
5.4285E+06 -5.7301E+00 3.6810E+02 6.1528E+01 -6.2564E-02 6.7793E-05
5.1341E+06 -9.4852E+01 3.9968E+02 4.4872E+01 2.1792E-02 1.4789E-06
5.4196E+06 -1.6943E+01 4.5648E+02 6.7591E+01 -6.2677E-02 7.4565E-05
5.5866E+06 -9.5151E+01 4.7869E+02 5.6252E+01 -2.6678E-02 3.2075E-05
5.0070E+06 -8.1095E+00 3.5243E+02 7.0098E+01 -7.3784E-02 6.9392E-05
5.1939E+06 -1.3183E+01 3.8926E+02 7.0425E+01 -4.3568E-02 4.4321E-05
5.4403E+06 -7.4464E+00 4.9541E+02 7.6861E+01 -2.6602E-02 2.0482E-05
5.2595E+06 1.5098E+00 4.6393E+02 9.6028E+01 -7.0231E-02 4.7427E-05
5.6156E+06 -1.0376E+01 3.7820E+02 7.2152E+01 -7.9299E-02 7.3442E-05
5.8322E+06 -4.4806E+01 4.8771E+02 7.3706E+01 -6.1983E-02 4.9442E-05
5.5162E+06 -1.6662E+01 4.1526E+02 8.2044E+01 -7.1550E-02 6.6443E-05
5.4356E+06 -1.6521E+01 4.9784E+02 8.7723E+01 -6.3811E-02 4.5600E-05
4.8956E+06 -4.7072E+01 3.9561E+02 5.9402E+01 -1.0695E-02 1.7660E-05
5.2232E+06 -1.3837E+01 4.3480E+02 8.1789E+01 -5.2565E-02 5.3379E-05
4.8836E+06 -2.5300E+01 3.5908E+02 6.7039E+01 -6.8954E-02 7.2700E-05
5.0652E+06 -4.9369E+01 4.5983E+02 7.6600E+01 -3.0613E-02 3.1887E-05
5.5586E+06 -2.4471E+01 3.4922E+02 5.6988E+01 -5.1155E-02 5.8986E-05
5.3307E+06 -8.0634E+00 4.0393E+02 8.3220E+01 -6.1424E-02 5.1936E-05
5.5246E+06 -2.2625E+01 4.1029E+02 7.1963E+01 -7.3114E-02 6.7773E-05
5.5837E+06 6.0658E-01 3.3777E+02 6.4164E+01 -1.0122E-01 1.0468E-04
5.4816E+06 4.0531E-01 2.7859E+02 5.7239E+01 -9.3628E-02 1.1522E-04
5.5318E+06 -2.0248E+01 3.1004E+02 5.7422E+01 -8.3327E-02 9.5271E-05
4.9991E+06 -3.9902E+01 5.8991E+02 8.9372E+01 -1.5987E-02 -6.1249E-06
5.3900E+06 -8.6374E+01 4.4666E+02 6.4717E+01 -3.7081E-02 4.4630E-05
5.6378E+06 -6.2176E+01 5.5098E+02 7.4718E+01 -5.0735E-02 4.1072E-05
5.5310E+06 -1.6676E+01 5.1385E+02 8.9778E+01 -5.1938E-02 3.2436E-05
5.5235E+06 -6.4736E+01 3.9742E+02 5.6035E+01 -3.9384E-02 5.2730E-05
5.6700E+06 -6.0408E+01 4.9096E+02 6.3978E+01 -3.0617E-02 2.9465E-05
5.2900E+06 -1.1142E+02 3.5128E+02 3.8625E+01 1.6057E-02 1.3249E-05
5.2204E+06 -4.2702E+01 4.0366E+02 6.4791E+01 -7.9738E-02 7.6381E-05
5.2607E+06 -1.5719E+01 3.9971E+02 7.5734E+01 -7.9463E-02 7.5135E-05
5.7529E+06 -4.5464E+01 4.7344E+02 7.8948E+01 -5.8423E-02 4.6734E-05
4.7718E+06 -1.0544E+01 3.4336E+02 7.3344E+01 -9.1345E-02 8.3937E-05
5.4863E+06 -1.6775E+01 3.0526E+02 5.8573E+01 -7.7935E-02 8.8687E-05
5.2676E+06 3.2022E+01 5.1030E+02 9.5756E+01 -7.0431E-02 5.1272E-05
5.4365E+06 -1.9105E+01 3.0130E+02 5.7931E+01 -8.0082E-02 9.2226E-05
5.2709E+06 5.2407E+00 4.0479E+02 7.6639E+01 -7.7348E-02 7.0943E-05
5.7342E+06 -1.8014E+01 4.5824E+02 6.8904E+01 -5.7541E-02 5.2334E-05
5.4097E+06 4.2026E+00 3.8878E+02 6.4568E+01 -6.8012E-02 7.2466E-05
5.5487E+06 3.7381E+01 4.4470E+02 8.6208E+01 -7.4612E-02 6.1836E-05
5.1366E+06 3.2757E+01 3.3258E+02 6.4221E+01 -7.1999E-02 8.6615E-05
4.7681E+06 5.1389E+00 4.5556E+02 8.9641E+01 -4.6542E-02 2.5276E-05
4.4068E+06 -1.0389E+02 5.5872E+02 6.0165E+01 5.2837E-02 5.8211E-06
5.2971E+06 -8.6903E+00 3.5277E+02 4.9696E+01 -6.6409E-02 8.0835E-05
4.9810E+06 -2.1111E+01 3.7425E+02 6.5186E+01 -2.6840E-02 3.2371E-05
4.7202E+06 -7.8504E+01 4.6509E+02 5.1144E+01 6.6364E-03 1.2081E-05
5.4722E+06 -1.4564E+01 3.3889E+02 5.0544E+01 -5.7409E-02 7.9133E-05
5.4083E+06 9.6052E-01 4.5297E+02 8.0114E+01 -9.2638E-02 8.9080E-05
5.3439E+06 1.8601E+01 3.1799E+02 6.5939E+01 -9.6968E-02 1.0597E-04
5.1587E+06 -1.7014E+01 4.7067E+02 7.4407E+01 -3.1031E-02 2.3530E-05
5.3191E+06 -1.0993E+01 3.9932E+02 6.9609E+01 -3.5734E-02 4.0411E-05
5.4089E+06 -1.2758E+01 3.8970E+02 6.9658E+01 -8.0904E-02 7.3540E-05
5.5248E+06 1.4540E+01 3.5616E+02 7.3657E+01 -1.1676E-01 1.0708E-04
5.3715E+06 -2.0212E+01 2.3967E+02 4.7028E+01 -7.4334E-02 1.1115E-04
5.2380E+06 -3.3296E+01 3.6937E+02 5.1676E+01 -3.6587E-02 4.8375E-05
5.4682E+06 -1.9080E+01 4.8447E+02 8.1791E+01 -6.5733E-02 4.8989E-05
5.0226E+06 -3.7858E+01 3.3096E+02 5.5165E+01 -2.4820E-02 3.6394E-05
5.4671E+06 -5.8348E+00 3.2991E+02 6.3022E+01 -7.7081E-02 8.6668E-05
5.2847E+06 -1.0067E+01 2.8740E+02 5.3230E+01 -7.9916E-02 1.0295E-04
4.6462E+06 1.2100E+01 5.0107E+02 9.9629E+01 -1.2774E-01 1.2575E-04
5.6120E+06 -7.9737E+00 5.0362E+02 8.5169E+01 -7.6181E-02 5.2246E-05
5.4431E+06 -1.2890E+01 4.7090E+02 7.3767E+01 -4.9934E-02 5.2943E-05
5.8440E+06 -8.7670E+00 3.4342E+02 5.1388E+01 -6.0368E-02 7.7145E-05
5.4339E+06 -3.4912E+01 5.0796E+02 6.7077E+01 -5.1223E-02 4.6143E-05
5.5588E+06 1.2433E+01 5.7919E+02 9.4841E+01 -9.5169E-02 7.4824E-05
5.2545E+06 -6.9748E+01 4.1455E+02 4.0353E+01 -4.6917E-03 2.1588E-05
5.7326E+06 -1.1489E+01 3.1178E+02 5.8137E+01 -7.5253E-02 8.8305E-05
4.8635E+06 -4.8120E+00 4.3511E+02 7.9557E+01 -3.5911E-02 4.8791E-05
4.8042E+06 -3.3219E+01 3.7735E+02 6.8714E+01 -5.7519E-02 5.2550E-05
5.3998E+06 4.7675E-01 3.1895E+02 6.5123E+01 -9.4218E-02 1.0022E-04
5.3213E+06 -1.7265E+01 4.2889E+02 7.6611E+01 -4.2741E-02 3.9058E-05
4.9105E+06 1.6096E+01 6.5751E+02 1.2961E+02 -1.6773E-01 1.1466E-04
5.4275E+06 -2.4714E+01 3.0715E+02 5.3366E+01 -7.0915E-02 8.9672E-05
5.5709E+06 -2.3270E+01 4.0509E+02 6.4390E+01 -8.8861E-02 9.1423E-05
5.4402E+06 -1.4071E+00 3.2275E+02 5.2990E+01 -8.2398E-02 9.8788E-05
5.2448E+06 3.5082E-01 2.9177E+02 6.3389E+01 -1.0427E-01 1.1677E-04
5.7485E+06 2.5173E+01 4.1099E+02 6.8238E+01 -7.7632E-02 7.4311E-05
5.3654E+06 -3.0583E+01 5.9154E+02 8.4723E+01 -5.9741E-02 4.2181E-05
5.3381E+06 -3.5513E+01 4.8373E+02 7.9244E+01 -8.0766E-02 6.3216E-05
5.6434E+06 -2.2361E+01 5.1176E+02 7.4775E+01 -4.2346E-02 3.3052E-05
5.0550E+06 -1.3859E+01 3.0990E+02 6.5572E+01 -9.4349E-02 9.9028E-05
5.1624E+06 -1.5414E+01 4.8453E+02 9.5043E+01 -1.0421E-01 9.2844E-05
5.3511E+06 -8.0267E+01 5.1521E+02 6.9888E+01 -2.3145E-02 2.7517E-05
5.4770E+06 -3.8134E+01 4.5280E+02 5.4198E+01 -2.9472E-02 3.7433E-05
5.6194E+06 -1.5287E+01 3.8818E+02 5.8064E+01 -6.8924E-02 7.2715E-05
4.9329E+06 -2.0065E+01 4.6191E+02 1.0132E+02 -1.3965E-01 9.6528E-05
5.0091E+06 7.1493E-02 3.4390E+02 6.6810E+01 -8.8800E-02 9.0228E-05
5.0705E+06 -5.0809E+00 5.8552E+02 1.1078E+02 -1.0003E-01 5.2816E-05
5.5623E+06 -1.9489E+01 4.4875E+02 6.9127E+01 -7.7114E-02 6.3981E-05
5.4200E+06 -1.0060E+01 2.7307E+02 5.0311E+01 -7.2975E-02 1.0211E-04
5.8912E+06 -4.3727E-01 2.7499E+02 5.3705E+01 -1.0148E-01 1.2405E-04
5.5888E+06 6.8184E+01 5.4714E+02 7.7882E+01 -8.0731E-02 6.9139E-05
4.7017E+06 -1.2890E+02 4.7561E+02 5.4741E+01 7.8082E-03 2.9740E-05
5.5377E+06 1.5557E+01 4.5033E+02 7.9813E+01 -6.1975E-02 5.4312E-05
5.4218E+06 -4.4379E-01 2.7175E+02 5.1395E+01 -8.3140E-02 1.1209E-04
5.4257E+06 -4.6288E+01 3.2971E+02 5.1800E+01 -4.7838E-02 6.4025E-05
5.2746E+06 3.5722E+01 3.0499E+02 6.2261E+01 -1.0431E-01 1.1747E-04
5.7270E+06 1.1036E+01 5.5536E+02 8.6327E+01 -8.3727E-02 6.5398E-05
5.8959E+06 -1.5686E+01 4.2075E+02 7.6499E+01 -6.7691E-02 5.8760E-05
5.4983E+06 -3.4205E+01 3.5164E+02 5.4609E+01 -7.4798E-02 8.4723E-05
5.6219E+06 -2.9685E+01 4.0528E+02 5.8744E+01 -5.4178E-02 5.4616E-05
5.3873E+06 -8.9075E+00 3.7765E+02 6.9840E+01 -5.9078E-02 5.9386E-05
5.6015E+06 -2.5623E+01 5.4058E+02 7.2758E+01 -3.9109E-02 2.9912E-05
5.3900E+06 2.5878E+01 4.9507E+02 8.2831E+01 -8.5556E-02 6.4966E-05
5.2550E+06 -2.7986E+01 3.5186E+02 6.5245E+01 -7.0369E-02 7.5994E-05
5.2746E+06 -8.1661E+01 4.3918E+02 2.7748E+01 3.1268E-02 -3.3565E-06
4.9046E+06 -3.2802E+01 4.0482E+02 6.3359E+01 -1.2497E-02 2.7564E-05
5.6836E+06 -3.8107E+00 3.7678E+02 7.0278E+01 -8.3822E-02 7.3191E-05
4.9987E+06 -5.0215E+01 4.2592E+02 7.0335E+01 -2.7990E-02 3.1066E-05
5.5718E+06 5.7964E+00 4.3540E+02 7.0382E+01 -6.0118E-02 5.9026E-05
4.8244E+06 6.6219E+00 5.1660E+02 7.0926E+01 -2.5081E-02 3.3676E-05
5.7488E+06 -2.2113E+00 4.8944E+02 6.9395E+01 -5.3846E-02 4.2913E-05
5.4386E+06 -5.2700E+00 2.9933E+02 5.6883E+01 -1.0557E-01 1.1903E-04
5.3284E+06 -8.0323E+01 4.9302E+02 6.0798E+01 -1.9290E-02 1.7585E-05
5.2012E+06 -1.4895E+01 3.7601E+02 7.4164E+01 -5.1072E-02 5.1140E-05
5.2142E+06 -3.9530E+02 3.9791E+02 1.9462E+01 3.7260E-02 5.0033E-07
5.7536E+06 5.5250E+00 2.9514E+02 5.0177E+01 -6.9901E-02 9.0249E-05
5.4007E+06 -2.6254E+00 4.4544E+02 6.8679E+01 -6.4687E-02 7.3050E-05
5.2553E+06 -2.2481E+01 2.7218E+02 4.8283E+01 -8.2772E-02 1.1196E-04
5.4170E+06 -9.2334E+01 3.5966E+02 4.2327E+01 1.9587E-03 2.5171E-05
5.2617E+06 9.7034E+00 4.7370E+02 9.5414E+01 -7.0176E-02 5.6660E-05
5.7814E+06 -3.0586E+01 5.7391E+02 7.9039E+01 -6.4423E-02 5.0272E-05
5.8763E+06 -2.1230E+01 3.7427E+02 6.2031E+01 -6.4049E-02 6.7323E-05
5.3290E+06 -7.3241E+00 3.9129E+02 6.1472E+01 -3.6932E-02 3.7546E-05
5.0339E+06 -1.5632E+01 4.1608E+02 7.7830E+01 -5.4536E-02 3.9392E-05
5.5206E+06 -8.8017E+01 4.9781E+02 6.2211E+01 -1.6426E-02 2.7167E-05
5.1774E+06 -6.0731E+01 3.5443E+02 5.3041E+01 -2.9406E-02 4.1882E-05
5.7045E+06 -2.1908E+00 4.2558E+02 8.0896E+01 -7.4574E-02 6.0799E-05
4.9147E+06 -5.3070E+00 3.0776E+02 5.1499E+01 -5.3336E-02 8.2180E-05
5.4044E+06 -2.3716E+01 3.9132E+02 6.6358E+01 -7.2035E-02 8.1932E-05
5.1958E+06 1.3428E+01 3.8803E+02 6.8758E+01 -6.6894E-02 7.6924E-05
5.4907E+06 9.7663E+00 4.0722E+02 8.6448E+01 -1.0771E-01 9.0076E-05
5.4422E+06 -1.6877E+01 3.0550E+02 5.2753E+01 -6.9604E-02 9.6141E-05
5.3013E+06 -2.0823E+00 4.1196E+02 6.8148E+01 -4.4671E-02 4.2443E-05
5.4233E+06 2.9291E-01 3.5892E+02 7.2022E+01 -1.0009E-01 9.7111E-05
5.1729E+06 1.0831E+01 4.7285E+02 8.6524E+01 -5.2227E-02 3.4679E-05
5.4444E+06 -5.9417E+01 3.9507E+02 5.8136E+01 -2.8951E-02 3.1551E-05
5.3756E+06 -9.6207E+00 3.4693E+02 6.3060E+01 -8.7410E-02 9.0831E-05
4.8085E+06 -2.3763E+01 3.9366E+02 6.7646E+01 -1.8023E-02 2.8989E-05
5.1224E+06 -1.0201E+01 4.6877E+02 7.9664E+01 -1.5827E-02 4.3220E-06
5.6893E+06 -2.3009E+01 4.7045E+02 8.7829E+01 -7.5647E-02 5.9360E-05
4.9650E+06 -1.6307E+02 5.4628E+02 5.7728E+01 1.6903E-05 -4.6818E-06
5.6771E+06 7.9916E+00 5.0154E+02 8.2661E+01 -6.9213E-02 5.8162E-05
5.3940E+06 -1.1173E+01 3.3295E+02 6.3075E+01 -9.2601E-02 9.4774E-05
5.1168E+06 -2.7751E+01 4.6604E+02 8.2006E+01 -4.5778E-02 4.0920E-05
5.3459E+06 -4.8958E+00 3.1933E+02 5.4874E+01 -3.5363E-02 5.2794E-05
5.3012E+06 3.5122E+01 5.5672E+02 8.7013E+01 -4.1487E-02 3.7136E-05
5.3201E+06 -2.9250E+00 2.7825E+02 5.5380E+01 -8.7117E-02 1.0776E-04
5.4841E+06 -1.9992E-01 4.9472E+02 1.0220E+02 -1.0496E-01 7.8083E-05
5.4604E+06 -1.1865E+01 3.8753E+02 6.1095E+01 -6.0846E-02 5.9326E-05
5.6939E+06 3.4601E+01 5.2118E+02 9.4481E+01 -9.7996E-02 6.4590E-05
5.6140E+06 -2.3384E+01 4.8569E+02 6.4724E+01 -3.5784E-02 3.7560E-05
5.2511E+06 -1.2062E+01 5.1718E+02 9.1418E+01 -5.4924E-02 3.8079E-05
5.1157E+06 2.6040E+01 3.6114E+02 7.7913E+01 -9.1361E-02 8.2317E-05
5.3100E+06 3.5612E+00 4.9189E+02 9.0092E+01 -6.6991E-02 5.9442E-05
5.3480E+06 2.3946E+00 5.1132E+02 8.3556E+01 -3.6065E-02 2.1068E-05
5.5374E+06 5.2068E+01 5.8495E+02 9.7969E+01 -1.0366E-01 6.9383E-05
5.0710E+06 -3.7253E+01 4.5727E+02 6.2355E+01 -1.8907E-02 2.0311E-05
5.7512E+06 -1.5819E+01 4.0069E+02 7.6260E+01 -7.7995E-02 6.7511E-05
5.3719E+06 -6.6634E+01 3.9983E+02 5.9587E+01 -3.0232E-02 3.4358E-05
5.4647E+06 -8.4827E+01 3.9882E+02 4.7813E+01 1.3469E-02 5.5856E-06
5.3393E+06 -1.2010E+01 5.1103E+02 1.0765E+02 -9.1166E-02 6.0236E-05
4.9454E+06 -3.3231E+00 4.8626E+02 1.0529E+02 -9.1994E-02 5.8271E-05
5.3523E+06 -3.8244E+01 2.7362E+02 4.1959E+01 -4.5127E-02 7.8327E-05
5.3880E+06 1.5103E+01 4.4765E+02 7.8478E+01 -6.4969E-02 6.1336E-05
5.3607E+06 6.2409E+00 5.0755E+02 8.6333E+01 -7.4867E-02 5.9643E-05
4.8865E+06 9.3852E+00 4.9971E+02 1.0048E+02 -9.3150E-02 6.0463E-05
4.9584E+06 6.1966E+00 4.1834E+02 7.5249E+01 -3.6715E-02 4.7831E-05
5.3522E+06 -6.7409E+01 4.3396E+02 4.8668E+01 -2.2534E-02 3.5231E-05
5.3623E+06 -3.4117E+01 4.8654E+02 8.8344E+01 -7.6125E-02 6.0823E-05
5.6148E+06 1.5736E+00 4.7650E+02 8.4758E+01 -7.9657E-02 6.3532E-05
5.0957E+06 -4.5201E+01 3.5240E+02 5.3583E+01 -4.1643E-02 5.7185E-05
5.2854E+06 -1.5207E+01 4.8877E+02 8.8906E+01 -5.9324E-02 4.3803E-05
5.7541E+06 1.7666E+01 3.3825E+02 6.4408E+01 -1.0014E-01 1.0309E-04
5.0891E+06 2.0981E+01 5.0190E+02 9.3153E+01 -6.3041E-02 5.6799E-05
4.8949E+06 -1.4860E+00 3.0211E+02 6.3666E+01 -1.1454E-01 1.2483E-04
5.6123E+06 -1.7558E+01 4.6225E+02 8.5332E+01 -8.1911E-02 7.1799E-05
5.8264E+06 -1.1522E+01 3.1566E+02 5.4092E+01 -6.0338E-02 7.8806E-05
5.0571E+06 -2.4601E+01 3.9957E+02 5.6991E+01 -2.2211E-02 4.0822E-05
5.4435E+06 -1.5413E+01 5.2771E+02 7.3586E+01 -4.7732E-02 4.4640E-05
5.1768E+06 -7.1959E+01 4.3035E+02 6.2610E+01 -4.1380E-02 5.4095E-05
5.0954E+06 4.9895E+01 4.8092E+02 6.9779E+01 -2.8065E-02 2.7442E-05
5.8343E+06 2.2065E+01 4.7133E+02 7.8580E+01 -7.0283E-02 5.4735E-05
5.4416E+06 -1.8464E+01 5.2304E+02 8.7208E+01 -6.4476E-02 4.9371E-05
5.6062E+06 -2.3837E+01 4.9117E+02 8.3963E+01 -8.0084E-02 6.3281E-05
5.8872E+06 8.9090E+01 5.4445E+02 9.9681E+01 -1.0440E-01 7.3855E-05
5.6893E+06 -1.3755E+01 4.2289E+02 8.7002E+01 -8.8367E-02 7.0461E-05
5.6218E+06 1.8667E+01 4.4808E+02 7.9540E+01 -1.0152E-01 8.1488E-05
5.1904E+06 -6.1047E+01 2.7572E+02 3.0559E+01 5.6073E-03 3.4007E-05
5.2498E+06 3.8146E+01 4.1303E+02 6.0527E+01 -1.6148E-02 2.0617E-05
5.0793E+06 -2.3267E+01 4.4119E+02 7.2458E+01 -2.7917E-02 3.0457E-05
5.7654E+06 -1.5312E+01 5.4033E+02 8.5569E+01 -6.4873E-02 4.5606E-05
5.0194E+06 9.5936E+00 2.7250E+02 5.3770E+01 -5.5563E-02 8.3356E-05
5.5558E+06 2.1422E+01 4.2568E+02 8.1006E+01 -8.7191E-02 7.3306E-05
5.7205E+06 -2.7042E+01 4.4737E+02 7.0140E+01 -4.0140E-02 3.5759E-05
4.9466E+06 -6.3852E+00 3.4880E+02 7.4362E+01 -7.9938E-02 7.2207E-05
4.8841E+06 -8.0454E+00 3.9167E+02 7.2964E+01 -5.3176E-02 4.0883E-05
5.5109E+06 -1.6405E+01 3.9983E+02 7.8574E+01 -7.6881E-02 6.7200E-05
5.2292E+06 -5.3762E+01 3.6686E+02 5.0723E+01 -2.7797E-02 4.4760E-05
5.1945E+06 -6.3258E+01 5.2272E+02 8.1598E+01 -3.4635E-02 3.0832E-05
5.3106E+06 -4.6882E+01 5.2611E+02 5.7927E+01 -2.3225E-02 3.3011E-05
5.4027E+06 3.4746E+01 3.0416E+02 5.8991E+01 -1.0524E-01 1.2246E-04
5.2987E+06 -8.5848E+01 4.1267E+02 5.4388E+01 -1.1724E-03 1.5000E-05
5.1029E+06 -1.2350E+01 3.6060E+02 6.2186E+01 -5.5630E-02 6.2558E-05
4.8608E+06 -5.4839E+01 5.3968E+02 7.8019E+01 2.0837E-02 -9.0291E-06
5.3056E+06 -1.9764E+01 5.4674E+02 9.9481E+01 -8.1583E-02 5.3891E-05
5.3903E+06 1.3229E+01 5.5364E+02 9.7955E+01 -9.0690E-02 6.7161E-05
5.1264E+06 -1.1619E+02 4.4684E+02 3.8304E+01 5.0737E-02 -1.8773E-05
5.4124E+06 -1.6653E+01 4.7310E+02 8.9055E+01 -6.8799E-02 4.9903E-05
5.0670E+06 -2.4798E+01 2.7718E+02 3.6664E+01 -1.8479E-02 5.9078E-05
5.5100E+06 -1.5293E+01 3.3251E+02 6.3751E+01 -9.2608E-02 9.5460E-05
4.9688E+06 -2.7482E+01 4.3743E+02 7.1400E+01 -3.5722E-02 4.5604E-05
4.6306E+06 -3.2589E+02 5.3087E+02 3.3091E+01 5.8244E-02 -1.6285E-05
5.1481E+06 8.2567E+00 4.6570E+02 9.7475E+01 -8.4192E-02 5.5167E-05
5.2921E+06 -2.1640E+01 4.5196E+02 6.9579E+01 -6.6105E-02 5.9171E-05
5.4246E+06 -3.0212E+00 3.0373E+02 5.3215E+01 -6.6060E-02 8.5165E-05
5.4852E+06 1.6702E+01 5.4259E+02 9.1730E+01 -7.1178E-02 4.5008E-05
5.1684E+06 3.8773E+00 3.9027E+02 5.6716E+01 -5.2362E-02 5.5071E-05
5.4301E+06 -1.1387E+01 3.8996E+02 6.5637E+01 -6.8111E-02 6.3961E-05
5.4506E+06 -1.7919E+01 4.7373E+02 9.4072E+01 -1.0705E-01 9.1159E-05
4.9240E+06 1.5729E+01 3.3019E+02 7.0515E+01 -1.0350E-01 1.0605E-04
5.7579E+06 -2.3782E+01 4.4693E+02 7.1647E+01 -6.2522E-02 6.0061E-05
5.6658E+06 -2.0497E+01 4.6091E+02 8.9448E+01 -6.6892E-02 5.3804E-05
5.6091E+06 9.7729E+00 3.4118E+02 6.9858E+01 -1.1260E-01 1.0824E-04
4.9888E+06 -6.7595E+00 5.7348E+02 1.1358E+02 -1.1594E-01 7.4851E-05
5.3170E+06 3.5862E+00 3.3688E+02 7.0753E+01 -9.7869E-02 1.0371E-04
5.1119E+06 -3.3174E+00 3.6234E+02 7.6259E+01 -9.4619E-02 8.4052E-05
5.7229E+06 -1.0096E+01 4.1939E+02 7.9087E+01 -1.1151E-01 1.0326E-04
5.4600E+06 1.0047E+00 3.8655E+02 6.6488E+01 -7.0465E-02 7.3063E-05
5.3753E+06 -2.6871E+01 3.2042E+02 4.8132E+01 -3.3446E-02 5.4390E-05
5.3744E+06 -5.0436E+01 3.6602E+02 5.7969E+01 -3.8746E-02 4.9210E-05
4.8458E+06 -5.7234E+01 5.0168E+02 6.1954E+01 5.5916E-03 1.9259E-06
5.3056E+06 6.2524E+00 2.8888E+02 5.9063E+01 -9.5898E-02 1.1340E-04
5.2511E+06 -4.8523E+01 4.1072E+02 6.7226E+01 -4.6968E-02 4.9898E-05
5.3849E+06 -2.3836E+01 4.9392E+02 7.8190E+01 -6.5279E-02 5.0575E-05
5.1240E+06 -5.6925E+01 5.1705E+02 7.1950E+01 -3.4811E-02 4.0875E-05
5.5371E+06 9.5239E+00 3.0240E+02 5.9888E+01 -9.3654E-02 1.0646E-04
5.6019E+06 -3.4443E+00 4.8529E+02 9.3189E+01 -1.1516E-01 8.6322E-05
4.9956E+06 -9.0994E+00 3.2870E+02 6.4927E+01 -5.8398E-02 6.6205E-05
5.1596E+06 -1.2142E+01 3.6229E+02 6.5967E+01 -6.4115E-02 7.0507E-05
4.9729E+06 -2.0239E+01 5.4081E+02 9.0608E+01 -5.9893E-02 3.5699E-05
5.6519E+06 -2.0091E+01 4.0693E+02 6.2734E+01 -4.9373E-02 5.0818E-05
5.4775E+06 -1.2339E+01 3.8211E+02 6.8961E+01 -5.9037E-02 5.7735E-05
5.5707E+06 -3.8194E+01 4.8980E+02 6.9024E+01 -1.6437E-02 1.5702E-05
5.4696E+06 -2.4678E+00 4.1320E+02 7.4607E+01 -7.2549E-02 6.4425E-05
5.4401E+06 -9.4510E+00 4.5004E+02 7.6198E+01 -7.6843E-02 6.6716E-05
5.4178E+06 -1.2515E+01 2.8598E+02 5.8416E+01 -1.0065E-01 1.1809E-04
5.0566E+06 -3.0441E+01 3.6680E+02 5.6023E+01 -5.1336E-02 6.6794E-05
5.3131E+06 -6.6290E+00 6.0437E+02 1.0930E+02 -9.6405E-02 6.0934E-05
4.9735E+06 -3.4863E+01 4.1415E+02 5.8323E+01 -2.7706E-02 3.6672E-05
5.5961E+06 5.9327E+00 4.1482E+02 7.4613E+01 -7.5004E-02 7.4000E-05
5.7574E+06 -1.9182E+01 3.8376E+02 6.9253E+01 -7.7838E-02 7.6984E-05
4.9119E+06 2.5664E+01 5.5500E+02 1.1173E+02 -6.0967E-02 2.7259E-05
5.3309E+06 -6.1036E+01 4.8545E+02 7.7768E+01 -4.3397E-02 3.5366E-05
5.4001E+06 -1.1465E+02 5.1667E+02 5.6881E+01 -8.9934E-03 1.2760E-05
4.9540E+06 -2.2146E+00 3.0630E+02 6.6546E+01 -9.2465E-02 1.0198E-04
5.2139E+06 -4.6828E+01 5.2973E+02 7.2991E+01 1.7152E-04 1.1888E-06
5.5165E+06 7.8672E+00 3.3803E+02 6.9907E+01 -1.0337E-01 1.0159E-04
5.5229E+06 1.5559E+01 3.3015E+02 5.9837E+01 -8.0013E-02 9.0339E-05
5.9081E+06 2.9262E+01 4.1287E+02 7.2204E+01 -8.6452E-02 7.6117E-05
5.5075E+06 -4.7912E-01 3.5712E+02 6.9074E+01 -9.5931E-02 9.0007E-05
5.1108E+06 -2.5337E+01 3.7516E+02 5.3811E+01 -2.1299E-02 3.5441E-05
4.8739E+06 1.8000E+01 5.4998E+02 1.0201E+02 -9.3726E-02 9.9519E-05
5.2002E+06 -5.1229E+00 3.3220E+02 5.8331E+01 -1.0613E-01 1.1604E-04
5.7810E+06 -3.4326E+00 4.4715E+02 6.5912E+01 -5.6704E-02 4.8839E-05
5.1910E+06 -2.0782E+01 4.3421E+02 7.6484E+01 -4.2583E-02 6.1592E-05
5.4553E+06 -2.7423E+01 2.8296E+02 4.5279E+01 -5.7574E-02 8.7584E-05
5.0469E+06 -3.1508E+02 4.6606E+02 2.9160E+01 5.9723E-02 -2.2916E-05
4.7366E+06 -3.4052E+01 5.7246E+02 8.1855E+01 -1.8038E-02 3.5560E-05
4.6305E+06 3.7313E+01 3.6108E+02 8.6167E+01 -1.1643E-01 1.0051E-04
5.5543E+06 3.9541E+00 5.0080E+02 9.2896E+01 -9.0598E-02 6.7819E-05
5.6943E+06 -1.5063E+01 3.4772E+02 6.2882E+01 -6.0228E-02 6.3581E-05
5.4035E+06 -6.7265E+00 3.9062E+02 7.9181E+01 -8.0409E-02 6.6422E-05
5.3319E+06 -6.0094E+00 4.2586E+02 8.3492E+01 -8.8210E-02 7.1211E-05
5.4284E+06 -2.7616E+01 3.3771E+02 6.2904E+01 -8.1579E-02 8.7864E-05
5.8268E+06 -1.2401E+01 4.5899E+02 6.1753E+01 -5.9222E-02 5.8573E-05
5.3844E+06 -1.3805E+02 3.9732E+02 2.7069E+01 -3.9829E-03 3.3081E-05
5.2221E+06 2.6470E+01 3.6207E+02 7.6085E+01 -1.2079E-01 1.1074E-04
5.5529E+06 -9.8804E+00 2.6241E+02 5.0674E+01 -8.6736E-02 1.1665E-04
4.7055E+06 -3.8467E+00 4.0895E+02 9.3027E+01 -1.1211E-01 8.8477E-05
5.5352E+06 -8.4166E+01 4.3239E+02 5.5233E+01 -2.3085E-02 3.9897E-05
5.4582E+06 1.4295E+01 3.2498E+02 6.4216E+01 -1.0478E-01 1.1165E-04
5.5809E+06 -5.0099E+01 5.2357E+02 8.3104E+01 -6.2335E-02 4.7336E-05
5.0525E+06 -1.3727E+01 4.5504E+02 8.6775E+01 -4.8074E-02 3.6025E-05
5.6039E+06 -5.3794E+00 2.8752E+02 5.4074E+01 -7.7949E-02 9.8028E-05
4.9995E+06 3.9569E+01 5.2254E+02 8.8389E+01 -5.4550E-02 3.0689E-05
5.2196E+06 -6.0703E+01 4.5960E+02 5.2892E+01 -4.1923E-03 1.4478E-05
5.3947E+06 -9.0332E+00 3.8860E+02 5.2965E+01 -2.1443E-02 3.7594E-05
5.2769E+06 -1.9321E+01 5.3023E+02 7.9133E+01 -4.1585E-02 3.2082E-05
4.7669E+06 -1.6371E+01 3.0468E+02 6.1879E+01 -4.7764E-02 6.0678E-05
5.5896E+06 -8.5186E+00 3.9893E+02 7.7372E+01 -9.0591E-02 7.6902E-05
5.4114E+06 -9.5327E+00 3.8796E+02 7.5241E+01 -7.7756E-02 6.5133E-05
5.3356E+06 -6.3998E+01 4.4120E+02 6.9882E+01 -2.8850E-02 2.6892E-05
4.8449E+06 1.6112E+01 5.6886E+02 8.5634E+01 1.1562E-02 -1.5243E-05
5.2448E+06 -3.3648E+01 4.9437E+02 8.3241E+01 -3.7197E-02 3.4307E-05
5.1296E+06 7.4518E+00 3.6784E+02 7.0563E+01 -6.2362E-02 6.5489E-05
5.5059E+06 3.4246E+00 4.3375E+02 7.3885E+01 -5.8086E-02 5.0253E-05
5.4512E+06 -4.5337E+00 5.2658E+02 1.0238E+02 -7.4779E-02 5.0087E-05
5.3303E+06 -1.0285E+01 3.0486E+02 5.2799E+01 -8.5748E-02 1.0445E-04
4.8996E+06 -9.1961E+00 4.8454E+02 1.0075E+02 -9.1297E-02 5.2681E-05
5.5177E+06 -1.4735E+01 3.4384E+02 6.3727E+01 -1.0512E-01 1.0822E-04
5.4987E+06 2.7009E+01 4.9149E+02 9.0346E+01 -8.7596E-02 6.2861E-05
5.5251E+06 -1.8923E+01 5.1555E+02 8.8636E+01 -7.0864E-02 5.1518E-05
5.2722E+06 4.8459E+00 5.0211E+02 9.3300E+01 -5.7490E-02 3.5390E-05
5.4588E+06 -4.7936E+01 3.7617E+02 5.7134E+01 -3.1311E-02 3.9032E-05
5.7159E+06 -1.8753E+01 4.3639E+02 7.2464E+01 -5.7298E-02 4.7068E-05
5.5440E+06 -9.4975E+00 4.6260E+02 8.8690E+01 -6.8423E-02 5.4499E-05
5.7336E+06 7.3269E-02 4.1953E+02 5.1676E+01 -5.9306E-02 6.0118E-05
5.8061E+06 -2.2416E+01 4.8980E+02 8.4229E+01 -8.0136E-02 5.9732E-05
5.2375E+06 -6.7403E+01 5.8736E+02 6.9667E+01 -1.4527E-02 1.7852E-05
5.8153E+06 -3.3755E+01 3.5873E+02 5.3436E+01 -5.6293E-02 6.9095E-05
5.5182E+06 6.3101E+00 4.7264E+02 8.1766E+01 -8.5669E-02 7.2830E-05
5.6849E+06 -1.0856E+01 3.1678E+02 5.6781E+01 -7.2727E-02 8.4792E-05
5.0503E+06 -2.1412E+01 4.0615E+02 7.2194E+01 -4.6778E-02 4.2390E-05
5.5911E+06 -4.0010E+01 3.3125E+02 4.8066E+01 -3.4662E-02 5.2903E-05
5.1317E+06 -1.5199E+01 3.8655E+02 6.2998E+01 -2.0326E-02 1.9538E-05
5.3322E+06 -2.4634E+01 5.1257E+02 8.8036E+01 -5.1832E-02 3.5024E-05
5.4088E+06 7.3290E+01 5.2943E+02 8.3695E+01 -5.7767E-02 4.3100E-05
5.2013E+06 -2.7586E+00 2.9659E+02 5.9715E+01 -7.7297E-02 9.1324E-05
5.6918E+06 -1.0014E+01 3.3369E+02 6.5880E+01 -9.3665E-02 8.9805E-05
5.2883E+06 3.8907E+01 3.4895E+02 6.4995E+01 -1.0895E-01 1.1073E-04
5.4614E+06 3.5332E+00 3.9497E+02 7.4341E+01 -9.3067E-02 7.8249E-05
5.4079E+06 -1.7407E+01 3.6642E+02 6.0225E+01 -4.0343E-02 4.7601E-05
5.5861E+06 1.7756E+01 3.7465E+02 6.9518E+01 -8.1581E-02 7.8601E-05
5.2145E+06 -2.6307E+01 4.6417E+02 6.9768E+01 -4.5254E-02 4.7371E-05
5.5269E+06 -3.8426E+01 5.2676E+02 8.6400E+01 -5.7435E-02 4.5907E-05
5.1551E+06 -2.9931E+01 5.0123E+02 8.8507E+01 -5.2385E-02 3.4532E-05
5.2305E+06 -1.4601E+02 4.4613E+02 3.1863E+01 3.3925E-03 1.9842E-05
5.7055E+06 -1.3125E+02 4.8438E+02 4.3842E+01 3.5388E-03 1.1216E-05
5.4269E+06 -1.0710E+01 5.0124E+02 9.3932E+01 -9.4832E-02 6.2453E-05
4.8244E+06 -3.7766E+01 4.8957E+02 5.9366E+01 2.4332E-02 -1.4975E-05
4.9539E+06 -2.5981E+01 4.6230E+02 6.2316E+01 1.3924E-03 1.4063E-05
5.7032E+06 -1.2339E+01 3.4559E+02 6.7888E+01 -8.4284E-02 8.1621E-05
5.7986E+06 -2.6778E+01 4.9834E+02 8.9696E+01 -1.0518E-01 8.2360E-05
5.5728E+06 -3.8292E+01 2.9824E+02 4.9867E+01 -5.7836E-02 8.4086E-05
5.2498E+06 6.2980E+00 4.7131E+02 7.8806E+01 -4.2391E-02 3.2744E-05
4.9913E+06 -1.8845E+01 4.8259E+02 7.1723E+01 -3.5829E-02 4.3320E-05
4.8793E+06 -1.9497E+01 4.4081E+02 7.1349E+01 -4.9947E-03 1.7485E-06
5.5373E+06 1.2715E+00 3.3505E+02 6.3647E+01 -8.6321E-02 8.9855E-05
5.0082E+06 -7.2919E+00 3.3042E+02 5.6280E+01 -7.3663E-03 2.2796E-05
5.3314E+06 8.0813E-01 3.7614E+02 5.9585E+01 -5.6929E-02 6.0774E-05
4.8490E+06 -4.9097E+01 4.6131E+02 5.9948E+01 1.7061E-02 3.1089E-06
5.4293E+06 1.4803E+01 3.3702E+02 6.3889E+01 -7.1747E-02 8.2241E-05
5.1040E+06 6.1850E+01 3.7867E+02 6.6274E+01 -6.4123E-02 6.3413E-05
5.4651E+06 -8.4591E+00 2.6394E+02 4.9965E+01 -7.2663E-02 1.0346E-04
5.2305E+06 -3.1950E+01 4.7067E+02 7.9784E+01 -6.4491E-02 5.4944E-05
5.5367E+06 -7.6795E+01 4.5637E+02 6.5511E+01 -2.0927E-02 2.0122E-05
5.5961E+06 1.3416E+01 3.7522E+02 6.6072E+01 -8.6564E-02 8.1013E-05
5.5096E+06 -2.6216E+01 5.0125E+02 6.6724E+01 -2.9742E-02 2.7169E-05
5.5662E+06 2.3673E-01 4.0141E+02 6.2097E+01 -7.0383E-02 6.9582E-05
5.2846E+06 -2.6693E+01 3.2371E+02 5.8181E+01 -7.4713E-02 9.0065E-05
4.9227E+06 -3.0125E+01 3.9825E+02 7.2270E+01 -6.0761E-02 5.1263E-05
5.5901E+06 -9.9079E+00 4.8812E+02 8.5332E+01 -5.0909E-02 4.0930E-05
4.5563E+06 -1.4704E+01 3.0495E+02 4.3285E+01 4.2817E-03 2.7903E-05
5.5672E+06 -6.0767E+01 5.0542E+02 6.9626E+01 -4.8470E-02 5.6248E-05
5.6565E+06 2.4102E+01 4.5386E+02 8.4028E+01 -7.9963E-02 6.5457E-05
5.3761E+06 -3.1052E+01 4.9729E+02 8.3596E+01 -9.0689E-02 7.2112E-05
5.2414E+06 -1.1579E+02 4.9261E+02 5.7924E+01 8.0460E-03 1.2227E-06
5.4831E+06 -5.4626E+00 6.6656E+02 9.7319E+01 -1.1404E-01 7.6232E-05
5.5528E+06 -1.8120E+01 4.3701E+02 7.8144E+01 -7.0633E-02 5.6808E-05
4.7822E+06 1.2171E+01 3.2449E+02 8.5940E+01 -1.5130E-01 1.3508E-04
4.8883E+06 -7.8842E+00 3.5295E+02 7.7028E+01 -9.8872E-02 8.8453E-05
5.3279E+06 -5.1608E+01 3.2621E+02 5.0395E+01 -6.4069E-02 8.4054E-05
5.6897E+06 -3.3099E+01 3.7535E+02 4.2368E+01 -4.7181E-02 6.7903E-05
5.4402E+06 1.5474E+01 4.0667E+02 5.5875E+01 -7.9458E-02 8.4571E-05
5.7202E+06 -5.9475E+00 4.3436E+02 6.3761E+01 -3.9119E-02 3.7811E-05
5.5854E+06 1.2043E+01 3.2754E+02 6.3047E+01 -9.3239E-02 9.5795E-05
5.3111E+06 1.4055E+01 2.8392E+02 6.2412E+01 -1.1396E-01 1.2999E-04
5.4804E+06 -4.0674E+00 5.1242E+02 9.2499E+01 -8.6666E-02 8.3119E-05
5.7677E+06 -3.8277E+01 4.5148E+02 6.5702E+01 -5.3206E-02 5.5048E-05
5.4947E+06 -2.6868E+01 4.6240E+02 6.0653E+01 -2.5010E-02 2.8716E-05
5.3962E+06 -6.3676E+00 3.6005E+02 7.0532E+01 -9.1040E-02 9.4940E-05
5.0334E+06 -7.3492E+01 3.3829E+02 4.5565E+01 7.0728E-03 1.6657E-05
5.7070E+06 -3.7076E+00 2.9772E+02 4.8776E+01 -6.8104E-02 9.1561E-05
5.4794E+06 -9.1581E+00 4.7859E+02 7.5563E+01 -6.1544E-02 5.2638E-05
5.7701E+06 -1.4203E+01 4.3343E+02 6.5744E+01 -6.4099E-02 6.1254E-05
5.4886E+06 -1.0675E+01 3.0423E+02 6.2539E+01 -1.0448E-01 1.1121E-04
5.0501E+06 -8.9590E+00 5.1502E+02 9.6561E+01 -7.7708E-02 8.0235E-05
5.1406E+06 9.4567E+00 3.2930E+02 5.8026E+01 -7.1947E-02 8.4552E-05
5.3104E+06 4.0942E-01 4.0310E+02 7.8647E+01 -1.1009E-01 9.1268E-05
5.2479E+06 -3.0127E+01 4.6489E+02 6.4728E+01 -2.6843E-02 2.6482E-05
5.5148E+06 -7.2989E+01 5.3204E+02 6.3137E+01 -5.4992E-03 9.6817E-06
5.6068E+06 1.6565E+01 2.9315E+02 5.3842E+01 -1.0261E-01 1.2577E-04
5.2514E+06 -1.9997E+01 3.9594E+02 7.0258E+01 -6.9314E-02 6.0211E-05
5.0758E+06 7.2303E+01 3.7263E+02 8.3926E+01 -1.3970E-01 1.2174E-04
5.7536E+06 1.6388E+01 4.3909E+02 4.4329E+01 -5.2250E-02 5.8262E-05
5.3935E+06 -5.6638E+00 3.7336E+02 7.0247E+01 -5.0395E-02 5.5133E-05
5.2085E+06 -1.1552E+01 3.0631E+02 5.8099E+01 -6.7727E-02 8.9018E-05
5.3162E+06 -1.0455E+01 4.4533E+02 8.2914E+01 -6.4639E-02 5.3828E-05
4.9827E+06 -1.6512E+02 3.6671E+02 1.7861E+01 4.4904E-02 -9.0697E-06
5.0759E+06 -4.5973E+01 4.8341E+02 8.0641E+01 -4.6848E-02 3.8538E-05
5.1422E+06 -1.0989E+01 3.1544E+02 6.1853E+01 -6.8941E-02 8.3189E-05
5.6076E+06 -2.0679E+01 4.9865E+02 8.5177E+01 -4.4156E-02 3.1310E-05
5.5684E+06 -5.0987E+00 5.0349E+02 9.2277E+01 -9.0119E-02 6.2403E-05
5.1931E+06 -2.7354E+01 5.1724E+02 9.4795E+01 -5.8909E-02 4.5571E-05
5.1494E+06 -2.1947E+01 4.2809E+02 7.9055E+01 -7.1714E-02 6.0604E-05
5.2766E+06 -2.4187E+01 4.7716E+02 8.8649E+01 -6.6528E-02 4.4494E-05
5.7312E+06 1.8340E+01 3.1851E+02 5.6745E+01 -7.2512E-02 9.4018E-05
5.3610E+06 1.8511E+01 4.4411E+02 7.9937E+01 -6.7494E-02 5.8764E-05
5.6094E+06 -9.6944E+00 5.1273E+02 8.4973E+01 -5.7541E-02 4.1668E-05
5.0795E+06 1.9922E+01 3.2550E+02 5.0276E+01 -6.2911E-02 8.7182E-05
5.2036E+06 -1.4845E+01 3.5111E+02 6.4464E+01 -5.0936E-02 5.1012E-05
5.5261E+06 -9.9550E+00 2.8119E+02 5.2765E+01 -8.0049E-02 1.0266E-04
5.2163E+06 -3.0759E+01 2.8565E+02 4.6015E+01 -4.8121E-02 7.4608E-05
5.6421E+06 -9.3243E+00 4.5112E+02 6.6867E+01 -4.3031E-02 3.6484E-05
5.4290E+06 -6.6103E+01 3.3412E+02 4.3682E+01 -2.7906E-02 5.0288E-05
5.3988E+06 -1.5234E+01 5.2421E+02 8.6457E+01 -5.0692E-02 3.4620E-05
5.2270E+06 4.5387E+01 4.7866E+02 9.0293E+01 -7.0693E-02 5.0773E-05
5.7146E+06 -2.6740E+01 3.4754E+02 4.3672E+01 -4.9813E-02 7.2812E-05
5.4533E+06 -2.1703E+01 4.4904E+02 8.3956E+01 -6.0757E-02 4.7035E-05
4.9314E+06 2.1702E-01 2.6297E+02 6.2550E+01 -1.1395E-01 1.3468E-04
5.7438E+06 -3.9116E+01 4.5409E+02 7.3233E+01 -4.6023E-02 3.7365E-05
5.0535E+06 -1.7785E+01 2.9303E+02 5.2652E+01 -6.8167E-02 9.1332E-05
5.1120E+06 -3.1932E+01 5.4010E+02 8.9132E+01 -4.3547E-02 2.7323E-05
5.2753E+06 4.4427E+00 2.6569E+02 5.7522E+01 -9.9768E-02 1.2375E-04
5.2042E+06 -4.0896E+01 5.8556E+02 1.0590E+02 -9.8496E-02 5.8235E-05
5.1221E+06 1.2047E+01 3.4697E+02 8.5147E+01 -1.5955E-01 1.4293E-04
5.6800E+06 -9.2181E+01 4.9879E+02 6.4847E+01 -3.2887E-02 2.9097E-05
5.3868E+06 -4.9194E+01 2.9858E+02 4.1816E+01 -3.5140E-02 6.4084E-05
5.5369E+06 -4.4969E+01 4.3604E+02 7.5866E+01 -6.6776E-02 5.9346E-05
5.0787E+06 1.9104E+01 5.8263E+02 1.1226E+02 -8.4462E-02 4.0007E-05
5.3358E+06 2.3260E+01 5.0685E+02 9.7387E+01 -8.8615E-02 5.6817E-05
5.1171E+06 -8.5320E+01 4.8967E+02 6.8085E+01 -1.1850E-02 1.7479E-05
5.7667E+06 -3.1476E+01 4.4225E+02 6.4952E+01 -5.3551E-02 5.5719E-05
5.8067E+06 4.8528E+01 5.4991E+02 9.6792E+01 -8.6610E-02 6.1994E-05
5.5127E+06 -9.8116E+00 2.7232E+02 5.1935E+01 -9.5951E-02 1.2122E-04
5.2730E+06 -7.0887E+01 5.2503E+02 7.6630E+01 -6.6341E-02 5.7467E-05
4.8825E+06 -2.4686E+01 3.0172E+02 4.3140E+01 -4.2065E-02 7.2103E-05
5.4866E+06 -4.3596E+01 3.3178E+02 5.2823E+01 -3.5518E-02 4.8382E-05
5.3390E+06 -2.0973E+01 3.9903E+02 5.5543E+01 -1.5781E-02 3.3226E-05
5.5240E+06 -1.5707E+01 4.2174E+02 7.4184E+01 -7.2912E-02 6.2291E-05
5.4202E+06 -1.0672E+01 3.9838E+02 7.6894E+01 -1.0500E-01 8.8619E-05
5.4603E+06 -5.7417E+01 4.6418E+02 7.6338E+01 -4.8731E-02 4.1415E-05
5.4339E+06 1.3372E+02 5.6774E+02 9.4732E+01 -8.8076E-02 5.9409E-05
5.2308E+06 -2.6283E+01 4.1311E+02 7.9353E+01 -8.2385E-02 6.5035E-05
5.5758E+06 -2.3500E+00 5.0487E+02 7.8314E+01 -4.2909E-02 3.6464E-05
5.2822E+06 -3.9923E+01 3.5668E+02 6.0007E+01 -6.1499E-02 6.4248E-05
5.5138E+06 1.8840E+01 3.9005E+02 7.5002E+01 -7.8905E-02 7.0007E-05
5.5803E+06 -9.4048E+00 4.2747E+02 8.2333E+01 -1.1152E-01 8.8634E-05
5.4736E+06 -2.0571E+01 4.9849E+02 8.7261E+01 -7.4968E-02 5.8683E-05
5.5726E+06 -1.9498E+01 4.7841E+02 9.5509E+01 -7.6764E-02 5.7352E-05
5.3684E+06 7.2646E+00 4.3040E+02 7.6655E+01 -7.3995E-02 5.8091E-05
5.8057E+06 -3.1052E+01 4.9849E+02 7.8430E+01 -5.1731E-02 4.6263E-05
5.4075E+06 -1.8382E+01 3.5892E+02 6.2728E+01 -9.2734E-02 9.2221E-05
5.4040E+06 4.1852E+00 2.6938E+02 5.3074E+01 -9.1550E-02 1.1885E-04
5.2964E+06 -2.7464E+01 4.6010E+02 6.9585E+01 -3.0843E-02 2.5519E-05
5.5834E+06 6.9840E+00 5.0531E+02 8.0108E+01 -5.8822E-02 5.0307E-05
5.2138E+06 -3.9222E+01 5.6413E+02 9.1806E+01 -6.9072E-02 4.6664E-05
4.7305E+06 -1.6868E+01 3.5990E+02 5.1596E+01 -5.7880E-03 3.6855E-05
5.3638E+06 -2.0094E+01 2.5904E+02 4.7400E+01 -3.4866E-02 6.3190E-05
5.3034E+06 -2.2288E+01 4.0187E+02 7.2472E+01 -4.3312E-02 4.8486E-05
5.1241E+06 4.8124E+01 5.4984E+02 1.0429E+02 -8.8288E-02 6.3500E-05
5.4107E+06 -5.7088E+01 4.6761E+02 5.9124E+01 -2.4530E-02 2.5939E-05
5.3946E+06 -1.8270E+00 3.3514E+02 6.1835E+01 -9.7566E-02 1.0490E-04
4.9073E+06 -1.7030E+02 5.9510E+02 5.2619E+01 2.4755E-02 -7.0485E-06
5.8130E+06 -5.8875E+01 4.2744E+02 6.4161E+01 -3.5852E-02 3.5081E-05
5.4139E+06 1.2584E+01 3.3526E+02 6.5977E+01 -1.0617E-01 1.0986E-04
4.9609E+06 -9.6873E+00 4.8332E+02 9.4276E+01 -3.4242E-02 2.6181E-05
4.8146E+06 -4.4151E+00 2.8456E+02 4.7869E+01 -2.5858E-02 5.6058E-05
5.3848E+06 3.9695E+00 3.4651E+02 6.4519E+01 -9.9421E-02 1.0123E-04
5.3350E+06 -2.0878E+01 4.7104E+02 8.7968E+01 -6.9218E-02 5.0503E-05
5.5031E+06 6.0434E+00 2.7663E+02 5.8887E+01 -9.6705E-02 1.1920E-04
5.1280E+06 -4.2043E+01 4.7526E+02 5.7958E+01 4.3174E-03 4.6832E-10
5.3823E+06 -2.1210E+01 3.2073E+02 4.4596E+01 -6.5012E-02 8.5176E-05
5.3274E+06 9.9260E+00 5.4039E+02 7.9984E+01 -3.8381E-02 3.3813E-05
5.2871E+06 -1.9718E+01 3.8776E+02 4.8729E+01 -3.2551E-02 4.8125E-05
5.1064E+06 -2.9772E+01 4.7921E+02 7.6511E+01 -5.2457E-03 8.9680E-06
5.0689E+06 -5.4675E+01 2.9304E+02 4.0312E+01 -2.3112E-02 5.5809E-05
5.7604E+06 -2.8598E+01 5.0936E+02 8.1565E+01 -4.7808E-02 3.4297E-05
5.2898E+06 -1.8070E+01 4.5162E+02 8.1415E+01 -7.0599E-02 8.2894E-05
5.4934E+06 9.3548E+00 3.3389E+02 6.2301E+01 -7.4049E-02 8.0261E-05
5.1159E+06 -2.7275E+01 3.1676E+02 3.8593E+01 -8.6366E-03 4.1753E-05
5.6488E+06 -2.1706E+01 4.3333E+02 7.9713E+01 -5.4985E-02 4.4482E-05
5.5680E+06 -9.7071E+01 4.8769E+02 5.7488E+01 -1.3386E-02 1.4546E-05
5.0830E+06 1.5293E+01 3.3523E+02 6.0076E+01 -8.4676E-02 9.3184E-05
4.9379E+06 3.8948E+00 3.4685E+02 7.4636E+01 -9.0250E-02 8.0807E-05
5.4630E+06 -5.0606E+01 2.9867E+02 4.2897E+01 -2.6942E-02 5.3914E-05
4.7864E+06 3.6804E-01 3.1976E+02 5.9675E+01 -5.6286E-02 6.8331E-05
5.0703E+06 -1.3596E+01 5.0500E+02 8.5610E+01 -5.0748E-02 3.6932E-05
5.3526E+06 -8.1331E+00 5.0450E+02 8.5231E+01 -6.2309E-02 5.0998E-05
4.8317E+06 -1.9176E+01 4.4436E+02 8.9706E+01 -9.8189E-02 6.7705E-05
5.4566E+06 -2.9463E+01 4.9205E+02 9.0775E+01 -9.7729E-02 7.9931E-05
5.2486E+06 -1.5154E+01 4.8789E+02 1.0351E+02 -1.1391E-01 1.0643E-04
5.2868E+06 -4.4567E+00 6.2570E+02 1.3082E+02 -1.5014E-01 8.4528E-05
5.1865E+06 -4.6906E+01 3.6678E+02 5.8456E+01 -3.5149E-02 4.9092E-05
5.3184E+06 1.2763E+01 4.0172E+02 7.0070E+01 -6.4451E-02 5.9928E-05
5.6606E+06 -1.1411E+01 5.0343E+02 8.9268E+01 -8.5466E-02 7.0409E-05
5.3812E+06 -1.1161E+01 5.4428E+02 1.0808E+02 -1.1711E-01 8.4014E-05
5.5520E+06 2.5514E+01 4.7606E+02 8.1889E+01 -6.3719E-02 4.5043E-05
5.6809E+06 1.8699E+01 4.3979E+02 8.1374E+01 -7.2190E-02 5.6548E-05
5.2818E+06 -1.7958E+01 4.7256E+02 9.4245E+01 -1.0091E-01 7.9366E-05
5.3277E+06 -4.5568E+01 5.4090E+02 8.4164E+01 -6.2383E-02 5.6067E-05
5.5954E+06 -7.4864E+01 4.5513E+02 6.6136E+01 -7.6473E-03 1.2144E-05
4.9227E+06 -4.0645E+00 2.4786E+02 4.8054E+01 -3.8811E-02 7.4270E-05
5.1290E+06 2.0881E+01 3.1386E+02 6.3077E+01 -1.0212E-01 1.1316E-04
5.3487E+06 -4.7745E+01 4.8438E+02 8.0812E+01 -2.3618E-02 1.8685E-05
5.1018E+06 1.1764E+01 4.5410E+02 8.3056E+01 -6.4034E-02 4.6884E-05
5.3692E+06 -1.1417E+01 4.7302E+02 9.0128E+01 -1.0099E-01 7.4302E-05
4.6378E+06 -3.8306E+00 3.2697E+02 7.7701E+01 -9.1526E-02 8.4426E-05
5.0654E+06 -3.1259E+01 3.5684E+02 6.5671E+01 -4.6456E-02 4.7150E-05
5.1307E+06 -1.5488E+01 4.6088E+02 9.6619E+01 -8.4062E-02 6.3979E-05
5.3600E+06 -4.5400E+01 5.4306E+02 7.4941E+01 -2.5361E-02 1.9701E-05
5.3320E+06 -2.5871E+01 3.6151E+02 4.3001E+01 -2.5362E-02 4.7554E-05
5.8690E+06 -1.9505E+01 4.0146E+02 6.4228E+01 -7.1142E-02 6.8412E-05
5.3151E+06 5.8420E+00 5.7685E+02 9.2358E+01 -6.7652E-02 5.3401E-05
5.4230E+06 -7.2293E+00 4.1664E+02 8.8762E+01 -7.5515E-02 6.5241E-05
5.4496E+06 1.8097E+00 5.0047E+02 7.9100E+01 -6.4260E-02 5.7920E-05
5.3727E+06 3.0576E+01 3.2030E+02 5.5000E+01 -6.8264E-02 8.5645E-05
5.4529E+06 -1.9390E+01 5.0691E+02 6.9815E+01 -4.2746E-02 3.4703E-05
5.2126E+06 -1.9632E+00 3.1941E+02 5.8851E+01 -1.0641E-01 1.1756E-04
5.7274E+06 -3.7159E+01 3.4035E+02 5.5008E+01 -5.7367E-02 6.6597E-05
5.4719E+06 -2.2145E+00 3.4669E+02 6.9366E+01 -1.1158E-01 1.0757E-04
5.3180E+06 -1.6291E+01 4.1771E+02 8.4052E+01 -6.8461E-02 5.9172E-05
5.0542E+06 -7.5238E+00 5.0141E+02 1.1031E+02 -1.3003E-01 9.6611E-05
5.3738E+06 3.4935E+00 4.1094E+02 7.1612E+01 -7.7392E-02 6.5728E-05
5.7994E+06 -3.1178E+01 2.8414E+02 4.7177E+01 -6.0962E-02 8.7959E-05
5.0756E+06 2.0051E+01 3.1066E+02 5.2523E+01 -6.6521E-02 9.8148E-05
4.9633E+06 -1.1503E+01 3.1566E+02 6.5271E+01 -7.8947E-02 8.6064E-05
5.7173E+06 2.7408E+01 4.9107E+02 9.1709E+01 -8.9373E-02 6.4637E-05
5.5420E+06 -5.8599E+01 3.3048E+02 4.9508E+01 -2.9397E-02 4.4618E-05
5.4170E+06 -3.0144E+01 4.9504E+02 8.8455E+01 -6.7385E-02 6.2521E-05
5.1321E+06 -2.7692E+01 5.0415E+02 9.2133E+01 -5.2191E-02 3.6043E-05
5.4773E+06 4.7501E+01 5.4425E+02 1.0195E+02 -8.1890E-02 5.7881E-05
5.3579E+06 -1.5590E+01 5.0612E+02 9.9251E+01 -6.8945E-02 4.6931E-05
5.6919E+06 3.4287E+01 3.7750E+02 6.1671E+01 -7.0895E-02 7.8500E-05
4.8588E+06 -1.8784E+01 3.7243E+02 7.7074E+01 -8.4700E-02 7.8506E-05
5.0733E+06 -7.8740E+01 3.3719E+02 3.9386E+01 1.0767E-02 2.0497E-05
4.8125E+06 -3.4460E+01 3.0119E+02 4.3156E+01 7.4497E-03 2.0681E-05
5.2959E+06 1.1783E+01 3.0686E+02 6.2700E+01 -9.3862E-02 1.0487E-04
5.4146E+06 3.2210E+00 5.4870E+02 8.9859E+01 -6.0459E-02 4.4033E-05
5.5269E+06 -4.3587E+00 3.5489E+02 6.3393E+01 -7.3987E-02 7.5957E-05
5.6730E+06 2.4806E+01 5.9176E+02 9.0669E+01 -9.2976E-02 6.5841E-05
5.2989E+06 3.9759E+01 4.5746E+02 8.0652E+01 -9.5500E-02 8.9010E-05
5.4110E+06 -1.2913E+01 2.9769E+02 5.4719E+01 -6.3845E-02 8.6911E-05
5.4378E+06 -1.0197E+02 5.9072E+02 6.6515E+01 -5.4981E-02 4.4987E-05
5.4302E+06 -1.4530E+01 4.8796E+02 8.9230E+01 -5.5686E-02 4.5492E-05
5.2571E+06 5.3393E+01 5.7192E+02 6.1032E+01 -1.0139E-02 8.8168E-06
5.6232E+06 1.6178E+01 3.7680E+02 6.9126E+01 -9.5903E-02 9.4488E-05
5.4095E+06 -1.8617E+01 4.0587E+02 7.6827E+01 -7.2322E-02 6.0892E-05
5.3104E+06 9.8877E-01 3.1432E+02 6.2212E+01 -8.4428E-02 9.3498E-05
5.0128E+06 -1.5225E+01 2.9923E+02 6.4475E+01 -9.4834E-02 1.1389E-04
5.0609E+06 -3.9356E+01 5.5154E+02 8.3496E+01 -1.0735E-02 1.3829E-05
5.3507E+06 -9.8940E-01 2.9740E+02 6.2057E+01 -1.1633E-01 1.2729E-04
5.1023E+06 2.9897E+01 4.4904E+02 4.8064E+01 -3.0312E-03 1.1494E-05
5.0687E+06 -1.1411E+00 6.3339E+02 9.0463E+01 -9.9108E-03 -5.2263E-06
5.8160E+06 -2.7801E-02 5.2881E+02 9.4855E+01 -9.5863E-02 7.2092E-05
5.1279E+06 -2.7557E+01 5.5103E+02 9.4209E+01 -7.1679E-02 5.6136E-05
5.0142E+06 -9.4665E+00 5.4393E+02 1.0198E+02 -5.5638E-02 3.4370E-05
5.6224E+06 -8.9858E+00 4.9640E+02 8.4205E+01 -8.4336E-02 6.2448E-05
5.8143E+06 -3.9221E+00 4.0896E+02 7.3002E+01 -8.7729E-02 7.3919E-05
5.2136E+06 -5.0214E+01 4.9699E+02 8.4408E+01 -3.3876E-02 2.6057E-05
5.4642E+06 -6.9332E+00 3.5512E+02 6.6032E+01 -7.2999E-02 7.4367E-05
5.4184E+06 -5.5121E+01 4.1568E+02 6.3227E+01 -5.0006E-02 5.9349E-05
5.0166E+06 4.0766E+00 5.2056E+02 7.4605E+01 -5.0434E-02 3.7529E-05
5.1551E+06 -3.7028E+01 5.1532E+02 8.0654E+01 -3.3413E-02 2.3445E-05
5.7909E+06 -1.9106E+01 4.6126E+02 9.0661E+01 -7.3456E-02 5.3099E-05
4.8428E+06 4.8547E+00 4.0410E+02 7.6731E+01 -4.7791E-02 5.2507E-05
5.1718E+06 2.1098E+01 3.7474E+02 6.6020E+01 -1.8049E-02 2.3826E-05
5.1325E+06 -6.4242E+00 4.5688E+02 6.5767E+01 -4.9278E-02 4.7718E-05
5.5878E+06 1.7085E+00 3.3633E+02 5.4692E+01 -7.6824E-02 8.7925E-05
5.4617E+06 -9.6409E+00 4.9085E+02 7.9122E+01 -4.9421E-02 4.0240E-05
5.0355E+06 1.7269E+01 5.8415E+02 7.7003E+01 -5.2772E-02 3.7857E-05
5.0140E+06 -2.7775E+01 5.3059E+02 8.4130E+01 -5.8562E-02 4.4188E-05
5.0589E+06 -8.1719E+01 4.9955E+02 6.7028E+01 -7.9860E-03 1.2479E-05
5.1187E+06 -1.7714E+00 3.1052E+02 6.9468E+01 -1.2889E-01 1.2844E-04
5.2773E+06 -3.2960E+01 3.6933E+02 6.6446E+01 -8.1368E-02 7.9357E-05
5.4281E+06 -2.0375E+02 4.7057E+02 4.1476E+01 3.7036E-02 -8.9685E-06
5.6475E+06 1.3008E+01 4.6016E+02 8.6923E+01 -1.0258E-01 8.2349E-05
5.2926E+06 -1.8316E+01 3.6971E+02 7.6667E+01 -9.3529E-02 8.0910E-05
5.6652E+06 -1.6782E+01 4.6595E+02 8.5788E+01 -8.0661E-02 5.6983E-05
5.2742E+06 -4.2780E+02 4.5541E+02 2.2377E+01 2.8750E-02 8.2132E-06
5.4939E+06 -2.3857E+01 4.7115E+02 8.5441E+01 -6.2061E-02 4.6423E-05
5.0866E+06 -3.5763E+01 4.0105E+02 7.0632E+01 -4.5769E-02 4.4493E-05
5.5087E+06 -4.3676E+00 2.5013E+02 4.9904E+01 -8.6677E-02 1.2209E-04
5.0650E+06 3.5583E-01 3.0196E+02 6.4356E+01 -9.1625E-02 1.0002E-04
5.4138E+06 -2.3722E+01 3.0856E+02 5.1574E+01 -8.4179E-02 1.0416E-04
5.7800E+06 -2.1347E+01 3.8737E+02 6.9981E+01 -7.7766E-02 7.1501E-05
5.5339E+06 -6.4920E+01 5.2378E+02 7.4266E+01 -5.6989E-02 4.9359E-05
5.0525E+06 -3.7175E+01 3.3640E+02 4.6699E+01 -1.6231E-02 5.0303E-05
5.4272E+06 -6.8756E+01 4.3225E+02 6.3749E+01 -2.5684E-02 3.2310E-05
5.5056E+06 -1.2513E+01 4.3645E+02 8.5902E+01 -9.8907E-02 1.0731E-04
5.4994E+06 -9.0010E+01 4.3731E+02 5.6651E+01 -2.4468E-02 3.0487E-05
5.0185E+06 -3.7769E+00 3.2628E+02 5.6874E+01 -5.1494E-02 6.5769E-05
5.1764E+06 -2.2106E+01 4.6797E+02 8.7366E+01 -7.2375E-02 5.8538E-05
5.3521E+06 -1.6029E+01 4.5093E+02 8.4372E+01 -7.0656E-02 5.4850E-05
5.5700E+06 7.8087E+01 4.6785E+02 7.6990E+01 -8.9255E-02 7.7200E-05
5.1424E+06 1.6488E+01 5.1873E+02 8.8302E+01 -4.9519E-02 3.5417E-05
5.1812E+06 -2.7183E+01 5.3234E+02 8.0050E+01 -3.4296E-02 3.0835E-05
5.6966E+06 -1.4676E+01 4.9424E+02 7.4548E+01 -5.2478E-02 5.2470E-05
5.2693E+06 -4.6553E+01 4.1059E+02 6.8211E+01 -5.2505E-02 5.0387E-05
5.1840E+06 1.0861E+01 3.9534E+02 6.4362E+01 -4.4792E-02 4.9899E-05
5.3472E+06 -3.4269E+00 3.8660E+02 6.6005E+01 -6.2619E-02 6.0913E-05
5.0929E+06 -3.3310E+01 4.5985E+02 7.9946E+01 -7.1991E-02 5.1478E-05
5.0417E+06 -2.1361E+01 3.8857E+02 6.6364E+01 -4.2600E-02 4.3102E-05
5.6673E+06 -3.3606E+01 4.5493E+02 7.2126E+01 -7.5352E-02 6.4566E-05
5.5324E+06 -1.8557E+01 5.0813E+02 9.4177E+01 -9.2707E-02 7.9570E-05
5.6438E+06 -9.9287E+00 3.7283E+02 6.2805E+01 -6.0213E-02 6.1931E-05
5.4809E+06 -5.1487E+01 4.0343E+02 5.2493E+01 -2.6963E-02 4.0525E-05
5.6249E+06 -1.0164E+01 5.0097E+02 9.3402E+01 -1.1019E-01 8.3635E-05
5.2907E+06 -1.9267E+01 4.4882E+02 6.7871E+01 -2.9386E-02 3.1640E-05
5.2804E+06 2.6171E+01 3.8128E+02 5.3652E+01 -5.0835E-02 6.2763E-05
5.5907E+06 4.0471E+00 3.6597E+02 6.4379E+01 -8.3295E-02 8.6046E-05
5.2883E+06 -2.1259E+01 4.5327E+02 8.5930E+01 -9.5061E-02 1.0159E-04
5.4975E+06 -8.3546E+01 4.7983E+02 6.1528E+01 -2.0822E-02 2.2498E-05
5.3900E+06 -2.1279E+01 3.6822E+02 6.0953E+01 -6.1305E-02 6.4729E-05
5.3646E+06 -2.4278E+01 5.1228E+02 8.5689E+01 -6.3392E-02 4.7750E-05
5.3532E+06 3.9694E+00 2.8351E+02 5.6826E+01 -1.0455E-01 1.2876E-04
4.7316E+06 -1.1923E+01 4.9960E+02 7.3522E+01 2.2235E-02 -1.3085E-05
5.3132E+06 -1.0307E+01 4.1797E+02 7.4635E+01 -5.3985E-02 4.8678E-05
5.5721E+06 -4.0480E+01 4.7522E+02 7.9070E+01 -7.5146E-02 6.1422E-05
5.1736E+06 -4.4851E+01 4.1361E+02 5.4647E+01 -5.7832E-02 5.7897E-05
5.5037E+06 1.1567E+01 3.0364E+02 4.5834E+01 -7.7600E-02 1.0766E-04
5.7253E+06 1.4607E+01 4.9665E+02 9.0580E+01 -7.8199E-02 5.9205E-05
5.2520E+06 -2.1837E+01 3.1572E+02 4.4194E+01 -4.9212E-02 7.5258E-05
5.6689E+06 -9.7030E+01 4.8980E+02 6.3895E+01 -2.8807E-02 2.5286E-05
5.4153E+06 -1.1217E+01 5.1987E+02 9.9442E+01 -7.5853E-02 4.8909E-05
5.4021E+06 7.8836E+01 5.8255E+02 1.1430E+02 -1.2710E-01 9.3471E-05
5.2144E+06 -1.4291E+01 2.8442E+02 5.6033E+01 -9.5358E-02 1.1433E-04
5.7383E+06 -6.3921E+01 4.5133E+02 7.0106E+01 -4.5552E-02 4.3386E-05
5.3535E+06 -6.9945E+01 4.2667E+02 3.7116E+01 2.6401E-02 -4.7714E-06
5.1760E+06 -3.0712E+01 4.2480E+02 7.8233E+01 -6.4338E-02 5.4250E-05
5.3217E+06 -1.5642E+01 3.9090E+02 6.1441E+01 -6.3005E-02 6.4649E-05
5.3327E+06 -2.0280E+01 4.7311E+02 8.3825E+01 -6.3983E-02 5.0330E-05
5.4951E+06 -5.7027E+01 4.7385E+02 7.6007E+01 -3.6378E-02 2.7548E-05
5.5291E+06 -3.8764E+01 4.1397E+02 6.8237E+01 -6.9826E-02 6.1699E-05
5.4297E+06 -1.4785E+01 4.2915E+02 7.9501E+01 -7.4084E-02 6.4241E-05
4.9675E+06 -5.5536E+01 4.5441E+02 6.0601E+01 -3.3054E-02 3.1290E-05
5.3572E+06 3.8863E+00 5.0631E+02 8.3525E+01 -5.7410E-02 4.3681E-05
5.5202E+06 -5.2636E+01 2.7602E+02 3.7789E+01 -5.4576E-02 9.1899E-05
5.4912E+06 2.6444E+00 4.9551E+02 9.0125E+01 -5.4060E-02 4.2243E-05
5.5039E+06 -6.3234E+01 4.8277E+02 8.1854E+01 -6.4363E-02 4.7783E-05
5.4524E+06 -1.0942E+02 5.4086E+02 5.7236E+01 3.5473E-03 1.5201E-05
5.6372E+06 8.8765E+00 3.1852E+02 5.9583E+01 -1.0202E-01 1.1576E-04
5.3619E+06 -2.3616E+01 4.5878E+02 7.5588E+01 -3.8355E-02 2.6696E-05
5.2445E+06 -7.7752E+00 4.9522E+02 8.4187E+01 -8.4465E-02 6.6664E-05
5.7228E+06 7.1277E+00 4.6917E+02 9.0452E+01 -9.3403E-02 7.8060E-05
5.2675E+06 -1.3354E+00 5.1715E+02 1.0536E+02 -8.0886E-02 4.8656E-05
5.3526E+06 1.5848E+01 3.4914E+02 5.3468E+01 -5.5799E-02 6.9237E-05
5.6300E+06 -6.8687E+00 3.8321E+02 6.2192E+01 -7.2948E-02 7.7820E-05
4.8526E+06 2.3585E+01 3.3199E+02 8.4759E+01 -1.4956E-01 1.3882E-04
5.0554E+06 3.1959E+01 3.0931E+02 6.6449E+01 -1.1967E-01 1.3052E-04
5.3982E+06 -2.9769E+01 4.7217E+02 7.9312E+01 -6.0412E-02 5.0011E-05
5.1134E+06 -2.1560E+01 5.0602E+02 8.9286E+01 -9.7148E-02 1.1214E-04
5.6565E+06 -1.2128E+01 2.6374E+02 4.4718E+01 -6.7220E-02 1.0056E-04
5.3533E+06 -2.5151E+01 4.7395E+02 8.6124E+01 -5.6464E-02 4.4537E-05
5.3028E+06 -2.4538E+01 2.7850E+02 5.2107E+01 -6.4275E-02 8.9093E-05
4.9616E+06 -8.7947E-01 3.5867E+02 7.4115E+01 -1.0154E-01 9.4797E-05
5.5748E+06 -1.8954E+01 5.0610E+02 7.7640E+01 -5.5897E-02 4.4333E-05
5.4218E+06 -3.6555E+00 4.9385E+02 7.5858E+01 -4.8731E-02 4.7936E-05
4.7244E+06 -2.8092E+01 4.3785E+02 6.6820E+01 -5.4375E-02 5.2382E-05
5.5679E+06 -1.5269E+01 2.6875E+02 5.4040E+01 -9.0037E-02 1.1482E-04
5.4038E+06 -1.6481E+01 5.1188E+02 9.8597E+01 -7.6130E-02 6.0533E-05
5.5378E+06 7.7539E+00 5.0070E+02 9.9034E+01 -1.0245E-01 6.7012E-05
5.4650E+06 -3.7623E+01 3.9442E+02 6.2169E+01 -5.1314E-02 4.9311E-05
5.5263E+06 6.6630E+01 3.9638E+02 6.1610E+01 -7.2140E-02 7.6045E-05
5.5867E+06 1.7731E+01 3.3660E+02 5.0289E+01 -8.3739E-02 1.0110E-04
5.6334E+06 2.8564E+01 3.3124E+02 6.5388E+01 -9.2364E-02 9.5704E-05
5.5758E+06 -2.0513E+01 4.3861E+02 7.4372E+01 -6.3761E-02 6.5594E-05
5.0839E+06 -9.5585E+01 5.4995E+02 7.4418E+01 -2.4905E-03 -4.6874E-07
5.1259E+06 -8.0804E+00 3.0617E+02 5.6171E+01 -7.4895E-02 8.9270E-05
4.8261E+06 -6.3957E+01 4.9170E+02 8.2918E+01 -1.3769E-02 1.1230E-05
5.3374E+06 -5.0011E+01 4.8140E+02 8.7441E+01 -7.1532E-02 5.6908E-05
5.1617E+06 -3.0568E+01 5.3621E+02 7.6910E+01 -2.5962E-02 3.0774E-05
5.9433E+06 -3.2940E+01 4.9169E+02 7.3863E+01 -6.1362E-02 5.3952E-05
5.7286E+06 3.9290E+01 4.2484E+02 6.1518E+01 -7.4826E-02 7.7588E-05
5.9733E+06 -2.7910E+01 4.5686E+02 7.7084E+01 -6.4667E-02 5.0966E-05
5.4273E+06 1.4794E+01 3.5637E+02 6.2224E+01 -8.6997E-02 8.8416E-05
5.1406E+06 -1.2470E+01 4.7919E+02 9.7496E+01 -5.3481E-02 3.8871E-05
5.6764E+06 -2.4196E+00 3.6107E+02 6.0078E+01 -8.1003E-02 8.4865E-05
5.4916E+06 3.2313E+01 4.0027E+02 6.9408E+01 -7.9030E-02 7.3738E-05
5.7332E+06 1.2758E+01 3.9376E+02 7.7913E+01 -8.9175E-02 8.1244E-05
5.4235E+06 -1.0788E+01 3.3890E+02 5.0536E+01 -4.4203E-02 6.3292E-05
5.2713E+06 -3.0070E+01 3.1713E+02 5.7757E+01 -6.2107E-02 7.9580E-05
5.3522E+06 -2.1150E+01 4.5583E+02 6.0042E+01 -4.0296E-02 4.6578E-05
5.0615E+06 3.8388E+00 3.3735E+02 6.8455E+01 -9.3288E-02 9.5852E-05
5.6497E+06 -3.7332E+01 4.3844E+02 6.3221E+01 -3.6725E-02 3.7472E-05
5.1992E+06 -6.5758E+01 4.3731E+02 5.6414E+01 -2.3044E-02 2.4309E-05
4.9069E+06 -1.2118E+01 4.6966E+02 9.9320E+01 -9.5693E-02 6.4889E-05
5.4092E+06 3.5101E+01 4.6978E+02 7.1182E+01 -7.2443E-02 6.9239E-05
5.2659E+06 7.6738E+01 4.4351E+02 8.8048E+01 -1.0847E-01 9.0111E-05
5.3190E+06 -1.7045E+01 4.7575E+02 8.5981E+01 -5.0380E-02 3.9475E-05
5.1878E+06 -6.2914E+01 4.1312E+02 6.3729E+01 -2.7936E-02 2.9416E-05
5.7275E+06 -1.0949E+01 4.0895E+02 6.9112E+01 -7.7873E-02 7.0655E-05
5.3749E+06 -9.0698E+00 4.5848E+02 7.5997E+01 -6.1567E-02 5.1698E-05
5.3962E+06 -1.1198E+01 5.2408E+02 9.4802E+01 -8.6371E-02 6.5189E-05
5.2421E+06 -6.3903E+01 4.4002E+02 5.0796E+01 -2.3340E-02 3.4145E-05
5.5139E+06 -3.4090E+01 3.3062E+02 5.1293E+01 -5.4610E-02 7.0611E-05
5.6666E+06 -5.5849E+01 4.2371E+02 7.1248E+01 -5.1332E-02 4.5825E-05
5.2789E+06 7.2479E+01 6.2971E+02 1.3615E+02 -1.2636E-01 6.5941E-05
5.4340E+06 -8.7719E+01 5.0235E+02 6.7334E+01 -2.5621E-02 2.9278E-05
5.3165E+06 -7.4543E+00 4.9567E+02 9.6219E+01 -8.1818E-02 5.3262E-05
5.3519E+06 -2.8998E+01 4.7451E+02 7.3819E+01 -3.9327E-02 3.4400E-05
5.3267E+06 1.5324E+01 4.9572E+02 8.1704E+01 -6.8054E-02 5.7461E-05
5.6570E+06 1.1553E+01 2.7991E+02 5.3552E+01 -1.0433E-01 1.2914E-04
5.4400E+06 -1.2101E+01 3.4452E+02 5.9095E+01 -5.9929E-02 6.5082E-05
5.5291E+06 -2.6073E+01 4.4511E+02 6.5495E+01 -3.5038E-02 3.1162E-05
5.3021E+06 -1.5997E+01 4.4672E+02 7.1266E+01 -6.1219E-02 4.9543E-05
5.2197E+06 2.5324E+00 4.0249E+02 7.0469E+01 -7.0459E-02 7.2119E-05
5.5048E+06 -1.3276E+01 3.6767E+02 6.3182E+01 -5.6116E-02 5.9802E-05
5.2751E+06 2.2336E+01 3.5630E+02 6.8733E+01 -1.1027E-01 1.0868E-04
5.5526E+06 1.2836E+01 5.0904E+02 8.8842E+01 -1.0767E-01 9.2835E-05
5.3202E+06 2.0846E+00 2.8903E+02 5.2320E+01 -7.3274E-02 9.5724E-05
5.1358E+06 -4.0117E+01 3.8607E+02 5.4999E+01 4.4733E-03 9.1442E-06
4.9891E+06 6.3213E+00 3.6766E+02 7.7627E+01 -7.8883E-02 7.0863E-05
4.9317E+06 -3.3277E+01 5.4217E+02 8.7290E+01 -6.3243E-02 5.5044E-05
5.6604E+06 -1.1815E+01 4.7068E+02 8.7057E+01 -7.4678E-02 5.7622E-05
5.3692E+06 -1.5112E+01 3.7143E+02 5.4402E+01 -3.6504E-02 4.6511E-05
5.1270E+06 -1.7477E+01 5.2073E+02 7.6594E+01 -3.3045E-02 2.9563E-05
5.3866E+06 2.3057E+01 3.2798E+02 5.6913E+01 -6.8031E-02 8.2070E-05
5.4802E+06 -5.7975E+00 3.6903E+02 6.9873E+01 -5.7978E-02 5.1039E-05
5.5284E+06 -7.7328E+00 4.6881E+02 7.4833E+01 -3.9543E-02 3.3778E-05
5.8183E+06 1.0931E+01 4.1837E+02 6.9116E+01 -6.6997E-02 6.1419E-05
5.3853E+06 -1.0420E+02 4.9810E+02 5.9702E+01 8.1698E-03 -1.5847E-06
5.0675E+06 -1.3610E+01 4.3827E+02 7.7630E+01 -9.0000E-02 7.1828E-05
5.0809E+06 -2.7518E+01 4.7456E+02 7.9470E+01 -6.5352E-02 5.0510E-05
5.0337E+06 -8.3497E+01 4.7860E+02 4.7707E+01 1.6921E-02 4.3463E-06
5.0749E+06 -2.1697E+01 4.5914E+02 8.7381E+01 -6.5364E-02 4.8916E-05
5.5227E+06 -1.9965E+01 4.7617E+02 8.5635E+01 -5.6643E-02 4.5538E-05
5.0315E+06 -1.1433E+01 4.8964E+02 1.0190E+02 -7.7782E-02 7.2375E-05
5.1357E+06 1.4260E+01 4.0930E+02 8.7168E+01 -1.1288E-01 8.9389E-05
4.7779E+06 8.9971E+00 3.9302E+02 6.6034E+01 -4.0192E-02 4.1953E-05
5.4339E+06 -1.2544E+00 2.6700E+02 5.0640E+01 -8.6028E-02 1.1419E-04
5.2548E+06 3.8132E+00 3.1182E+02 5.3765E+01 -7.2523E-02 8.7419E-05
4.6329E+06 -4.8405E+01 2.9324E+02 3.8434E+01 1.9637E-02 1.8934E-05
4.9078E+06 -3.5960E+01 4.0291E+02 5.3480E+01 -2.7864E-04 1.8080E-05
5.2713E+06 -9.5001E+00 4.6995E+02 9.0594E+01 -8.8989E-02 6.4631E-05
5.4422E+06 -6.2971E+00 3.0668E+02 5.7102E+01 -8.8016E-02 1.0263E-04
5.6484E+06 -5.2760E+01 3.6909E+02 5.3631E+01 -2.6132E-02 3.3606E-05
5.4055E+06 1.4433E+01 4.7191E+02 9.3970E+01 -8.6425E-02 6.4226E-05
5.8394E+06 -7.0396E+01 4.6098E+02 7.0071E+01 -4.5360E-02 3.9451E-05
5.1465E+06 -1.5376E+01 3.1967E+02 5.7774E+01 -4.9911E-02 6.8122E-05
5.3765E+06 -4.2590E+00 3.1851E+02 5.3731E+01 -6.9099E-02 8.6856E-05
5.4417E+06 -2.1529E+01 4.4850E+02 8.4093E+01 -6.0338E-02 5.4033E-05
5.3676E+06 -1.8451E+01 4.5591E+02 8.9489E+01 -7.9556E-02 6.3154E-05
5.5853E+06 -9.3997E+01 6.6610E+02 4.8149E+01 2.1439E-06 -2.4124E-06
5.8067E+06 -3.3769E+00 3.1953E+02 5.5074E+01 -7.9518E-02 9.0902E-05
5.2262E+06 -5.8163E+01 3.8497E+02 5.8164E+01 -2.7530E-02 3.0861E-05
5.4183E+06 -3.9861E+02 4.7232E+02 2.3390E+01 -4.8710E-03 3.0127E-05
5.9007E+06 -3.3281E+00 2.8580E+02 4.6214E+01 -7.5983E-02 1.0579E-04
5.5407E+06 7.0918E+00 2.8366E+02 5.3331E+01 -8.0311E-02 1.0476E-04
5.3963E+06 -3.0206E+01 3.3801E+02 4.5989E+01 -6.6756E-02 9.5614E-05
5.5003E+06 -1.2423E+01 4.3944E+02 7.1827E+01 -8.5611E-02 7.9831E-05
5.0414E+06 -6.5570E+01 3.3735E+02 4.1650E+01 -1.1263E-02 2.8974E-05
5.6949E+06 4.1250E+01 5.2412E+02 9.7502E+01 -1.1475E-01 8.1030E-05
5.0914E+06 1.8513E+01 4.4147E+02 9.0929E+01 -1.0772E-01 8.2367E-05
5.4260E+06 -1.6188E+01 4.2568E+02 6.9399E+01 -3.2885E-02 3.4353E-05
5.5792E+06 -3.4293E+01 4.9301E+02 7.7775E+01 -5.0164E-02 4.6914E-05
5.5875E+06 4.3376E+01 6.6160E+02 9.4434E+01 -6.1658E-02 2.8867E-05
4.9247E+06 -1.6589E+01 3.2020E+02 6.7242E+01 -8.8669E-02 9.1560E-05
4.9961E+06 -4.6292E+01 5.5894E+02 9.1591E+01 -3.7721E-02 2.2565E-05
5.0627E+06 2.9030E+01 4.5081E+02 5.8625E+01 -2.7704E-02 3.4637E-05
5.5440E+06 -4.6281E+01 3.1652E+02 5.0043E+01 -3.7718E-02 5.9167E-05
5.3176E+06 -8.9386E+00 3.2449E+02 6.4143E+01 -1.1247E-01 1.1631E-04
5.1207E+06 -2.7436E+01 4.2220E+02 7.6283E+01 -5.9930E-02 5.0999E-05
5.0100E+06 5.6041E+00 3.0921E+02 7.6025E+01 -1.0724E-01 1.0147E-04
5.2363E+06 -1.3123E+01 3.4177E+02 6.6767E+01 -1.1098E-01 1.1064E-04
5.3998E+06 -1.2963E+01 4.7223E+02 9.3652E+01 -6.9160E-02 4.3465E-05
5.6970E+06 2.0104E+01 5.5829E+02 8.6810E+01 -5.6302E-02 3.3860E-05
5.6657E+06 -9.4669E+00 2.7850E+02 4.4882E+01 -7.3976E-02 1.0327E-04
5.5408E+06 -1.3429E+02 5.1522E+02 4.6710E+01 1.6619E-02 5.9279E-06
5.1760E+06 -2.8383E+01 4.2229E+02 6.7185E+01 -2.5703E-02 2.3525E-05
5.4148E+06 -4.8166E+01 4.3874E+02 6.9973E+01 -6.0842E-02 5.4498E-05
5.2948E+06 -7.6897E+00 2.8439E+02 5.6803E+01 -8.8554E-02 1.0815E-04
5.0402E+06 -4.8128E+01 2.9544E+02 4.0270E+01 -2.2556E-02 5.4964E-05
5.5201E+06 -1.2936E+01 3.5205E+02 6.8700E+01 -7.5843E-02 8.1019E-05
5.2922E+06 -4.5856E+01 5.1499E+02 7.2925E+01 -9.4633E-03 1.4319E-05
4.7174E+06 3.2560E+01 6.5570E+02 1.2382E+02 -1.1559E-01 5.6602E-05
5.5661E+06 -2.0868E+01 4.8936E+02 8.7898E+01 -7.2034E-02 6.1270E-05
5.1330E+06 -5.4251E+01 3.7375E+02 5.4213E+01 -3.4529E-02 4.7340E-05