5.1895E+05 -8.2436E+00 3.0832E+02 7.2239E+01 -1.1336E-01 1.2638E-04
5.0795E+05 -7.3158E+01 4.2864E+02 5.7516E+01 4.4884E-02 -2.8062E-05
4.6193E+05 -5.2503E+00 3.9089E+02 8.0101E+01 -5.5717E-02 6.6466E-05
4.2150E+05 1.7783E+01 2.9802E+02 8.1210E+01 -1.0759E-01 1.1229E-04
4.8989E+05 -3.3100E+02 3.2146E+02 1.5714E+01 3.4601E-02 2.0288E-05
4.7865E+05 1.4019E+01 2.8435E+02 8.0607E+01 -9.6254E-02 1.0763E-04
5.0971E+05 -1.0755E+01 4.7020E+02 1.0428E+02 -1.4232E-01 1.1096E-04
5.3873E+05 -8.9085E+00 2.2275E+02 4.6880E+01 -5.4217E-02 1.0314E-04
4.6074E+05 -2.9631E+00 2.7748E+02 7.1788E+01 -1.2328E-01 1.3907E-04
4.5651E+05 -7.7299E+00 4.4811E+02 9.9619E+01 -9.2095E-02 6.3440E-05
5.0049E+05 -1.4380E+02 3.5006E+02 3.7469E+01 3.5312E-02 -4.9415E-06
4.9230E+05 -3.0561E+01 4.1564E+02 7.1081E+01 -1.8928E-02 3.1274E-05
4.9778E+05 -4.0234E+01 3.8252E+02 7.1589E+01 -7.7728E-02 7.3131E-05
4.4271E+05 -4.6525E+01 4.1435E+02 9.0881E+01 -9.3766E-02 7.9712E-05
5.1776E+05 -7.5587E+00 4.2001E+02 7.3357E+01 -9.0453E-02 9.8507E-05
4.9799E+05 -5.1324E+01 2.9356E+02 5.1003E+01 -3.6627E-02 6.6721E-05
4.9555E+05 -6.9648E+01 3.8696E+02 5.5267E+01 -2.6909E-02 4.0590E-05
4.9979E+05 -1.5731E+01 3.6125E+02 8.5470E+01 -1.0844E-01 1.0021E-04
4.6362E+05 -1.2832E+01 3.8554E+02 8.7264E+01 -6.1380E-02 6.1688E-05
5.2544E+05 -1.2612E+01 3.7716E+02 7.9164E+01 -9.1725E-02 9.3828E-05
4.8381E+05 8.7300E+00 2.7020E+02 6.4130E+01 -1.3676E-01 1.8977E-04
5.2870E+05 2.4232E+01 4.6075E+02 1.0985E+02 -1.3681E-01 1.0034E-04
4.3162E+05 6.5025E+00 3.4316E+02 7.3729E+01 -8.8348E-02 9.0352E-05
5.0089E+05 -1.2037E+01 5.3320E+02 9.0382E+01 -6.3817E-02 4.8973E-05
4.9358E+05 4.2883E+01 4.2044E+02 9.3294E+01 -1.0220E-01 9.6067E-05
4.3826E+05 1.2196E+01 2.4561E+02 8.4831E+01 -1.6609E-01 1.7922E-04
5.4512E+05 3.0243E+00 4.0803E+02 8.5807E+01 -1.0981E-01 9.4304E-05
4.8535E+05 -3.3151E+01 2.8438E+02 5.5353E+01 -2.2195E-02 4.5547E-05
4.8825E+05 -7.2732E+00 3.1399E+02 5.8511E+01 -4.5599E-02 6.6651E-05
5.1207E+05 1.8830E+01 4.3289E+02 1.0056E+02 -5.8449E-02 3.8436E-05
4.6339E+05 2.8998E+01 2.6353E+02 6.1875E+01 -9.3467E-02 1.2691E-04
4.3971E+05 -4.3691E+01 4.6284E+02 6.2565E+01 8.5504E-03 3.4746E-05
5.4206E+05 -2.0302E+01 4.0864E+02 8.0946E+01 -7.9168E-02 7.3501E-05
5.2911E+05 -1.6260E+01 3.8463E+02 7.4297E+01 -8.2949E-02 8.7680E-05
5.3351E+05 1.6949E+01 4.6573E+02 9.4471E+01 -6.1227E-02 3.9109E-05
4.7620E+05 3.8059E+00 3.1612E+02 9.0810E+01 -1.2198E-01 1.1202E-04
4.8922E+05 4.4305E+01 4.9492E+02 1.1668E+02 -1.1112E-01 8.3882E-05
4.3843E+05 4.1531E+00 2.3501E+02 7.1196E+01 -1.3629E-01 1.6470E-04
5.1504E+05 1.1880E+00 4.5589E+02 8.4437E+01 -8.0565E-02 6.3875E-05
4.8948E+05 -1.6564E+00 4.0039E+02 9.7631E+01 -9.0439E-02 8.6984E-05
5.4627E+05 5.5199E+01 5.0742E+02 1.1292E+02 -1.3379E-01 9.2405E-05
5.4677E+05 -4.8609E+00 2.2468E+02 4.3114E+01 -6.5754E-02 1.2013E-04
4.4587E+05 2.1372E+01 3.8107E+02 6.8162E+01 -2.3384E-02 4.2832E-05
5.1644E+05 1.6747E+01 3.5059E+02 7.9845E+01 -1.0973E-01 1.0318E-04
5.4236E+05 -1.2500E+01 3.0735E+02 6.7115E+01 -6.8826E-02 8.3373E-05
4.2727E+05 3.0042E+01 2.8069E+02 9.3785E+01 -1.7844E-01 1.7516E-04
5.8448E+05 5.9941E+01 4.3839E+02 7.6889E+01 -7.9112E-02 7.4451E-05
4.9774E+05 -1.3942E+00 4.4688E+02 1.1604E+02 -1.3687E-01 1.0214E-04
4.9172E+05 -1.7815E+00 2.3623E+02 6.1835E+01 -1.1897E-01 1.5428E-04
5.1292E+05 3.7542E+00 3.5139E+02 9.2713E+01 -1.0712E-01 9.9075E-05
5.1323E+05 -5.2725E+01 4.1420E+02 7.1704E+01 -4.0831E-02 5.8637E-05
4.6975E+05 -2.8590E+01 3.2318E+02 6.4588E+01 -6.8612E-02 8.6237E-05
5.0206E+05 -6.4323E+00 3.0701E+02 6.7288E+01 -5.9495E-02 8.3453E-05
4.5885E+05 -3.7659E+01 3.2228E+02 5.8613E+01 -9.9006E-03 3.7059E-05
4.5596E+05 -6.0002E+01 2.3997E+02 3.2000E+01 5.8727E-03 4.9464E-05
5.2884E+05 -5.2657E+00 4.6490E+02 8.6945E+01 -7.5727E-02 5.8682E-05
4.9202E+05 4.6508E+00 3.6491E+02 5.3650E+01 1.6488E-02 1.7772E-05
5.2997E+05 2.8627E+01 3.9697E+02 8.9530E+01 -9.0335E-02 7.9597E-05
4.7058E+05 -6.7441E+00 2.9791E+02 4.2227E+01 -1.7116E-02 5.4675E-05
4.7283E+05 -2.8465E+01 3.3609E+02 5.7160E+01 -1.1853E-02 3.2821E-05
5.3389E+05 6.5221E+00 4.2158E+02 7.7159E+01 -5.1769E-02 4.8526E-05
4.6237E+05 -3.2110E+01 5.8366E+02 9.4244E+01 -6.0123E-02 2.9908E-05
4.8287E+05 -1.4340E+01 4.3161E+02 9.1971E+01 -9.3628E-02 7.6705E-05
5.3120E+05 3.3635E+01 3.6166E+02 8.9241E+01 -1.0663E-01 9.8284E-05
4.9225E+05 5.5127E+01 5.2812E+02 1.3141E+02 -1.5943E-01 9.6308E-05
4.9362E+05 2.1669E+01 4.5048E+02 1.1360E+02 -2.1830E-01 1.9689E-04
5.4735E+05 3.2039E+00 3.8796E+02 6.2801E+01 -3.3154E-02 4.5658E-05
5.0900E+05 -2.7075E+01 3.1521E+02 6.1195E+01 -8.6799E-02 1.0304E-04
5.0387E+05 -3.1817E+01 4.0673E+02 5.9950E+01 -2.3715E-02 3.2429E-05
5.1494E+05 -5.4069E+00 3.7019E+02 8.7953E+01 -1.2769E-01 1.1935E-04
5.1271E+05 -2.9368E+00 2.8306E+02 5.4107E+01 -5.5824E-02 8.3683E-05
4.5310E+05 -9.3173E+01 4.2226E+02 6.7584E+01 -1.8005E-02 3.1859E-05
5.3436E+05 5.7585E+00 2.7152E+02 5.1834E+01 -9.0121E-02 1.2460E-04
5.0588E+05 2.9130E+01 4.2390E+02 8.8271E+01 -6.7845E-02 7.0777E-05
4.7440E+05 -3.7882E+01 4.2076E+02 8.3223E+01 -2.4331E-02 1.7831E-05
5.1536E+05 3.4134E+00 4.5516E+02 1.0030E+02 -1.0024E-01 7.9759E-05
5.2924E+05 -1.1343E+01 4.6198E+02 9.5240E+01 -8.7380E-02 6.7431E-05
4.5816E+05 -5.1279E+00 2.7517E+02 7.1390E+01 -1.2918E-01 1.5249E-04
5.0945E+05 -2.4651E+01 4.0907E+02 7.7437E+01 -6.7521E-02 6.8962E-05
5.0409E+05 4.8641E+00 2.9119E+02 8.1480E+01 -1.6336E-01 1.6406E-04
5.2091E+05 -7.2895E+00 2.3283E+02 4.5684E+01 -8.4680E-02 1.3737E-04
4.6896E+05 5.9624E+00 2.8676E+02 7.1088E+01 -1.2219E-01 1.3800E-04
4.7300E+05 5.5896E+00 4.6668E+02 8.7718E+01 -2.2120E-02 1.6190E-05
4.5709E+05 -4.6376E+01 3.7002E+02 4.2327E+01 2.4526E-02 1.2098E-05
4.3831E+05 -1.8100E+01 3.7869E+02 7.7995E+01 -4.5797E-02 5.8329E-05
5.5343E+05 2.4253E+01 4.6228E+02 9.5260E+01 -1.1489E-01 9.2906E-05
5.2053E+05 -2.4243E+01 3.6397E+02 5.4890E+01 -4.1832E-02 6.1875E-05
5.3298E+05 -9.7160E+00 4.4447E+02 8.5921E+01 -5.6311E-02 5.0818E-05
4.9097E+05 -1.8947E+01 3.7381E+02 7.7786E+01 -6.6141E-02 6.9676E-05
4.8711E+05 -1.1848E+01 3.1157E+02 6.9129E+01 -8.3395E-02 9.3214E-05
4.2510E+05 -8.5837E+00 3.2418E+02 7.1408E+01 2.2278E-03 1.9996E-05
5.1546E+05 2.5392E+01 3.9412E+02 8.5904E+01 -7.8124E-02 6.7951E-05
5.3562E+05 8.1873E+01 3.9558E+02 9.9438E+01 -1.3373E-01 1.0802E-04
4.5347E+05 1.1649E+01 3.2129E+02 6.4323E+01 -7.9203E-02 9.9138E-05
4.8024E+05 -1.3558E+01 3.3953E+02 7.9137E+01 -1.2766E-01 1.2918E-04
4.6771E+05 -5.0362E+01 4.0074E+02 4.7006E+01 9.1918E-03 2.5945E-05
5.0401E+05 1.3732E+00 3.3608E+02 9.2066E+01 -1.6654E-01 1.4721E-04
5.9234E+05 8.1866E+01 4.3362E+02 8.3746E+01 -9.9463E-02 8.6798E-05
5.1256E+05 -5.7527E+00 4.1246E+02 9.9796E+01 -1.1694E-01 9.6249E-05
4.7507E+05 3.2012E+01 3.5657E+02 8.3203E+01 -1.6095E-01 1.5168E-04
4.9280E+05 -4.5552E+01 3.5316E+02 6.3312E+01 -7.7759E-02 8.3881E-05
4.8787E+05 2.0400E+01 2.8884E+02 6.9924E+01 -1.0294E-01 1.2244E-04
5.0887E+05 -9.5127E+00 3.4873E+02 8.5255E+01 -9.9818E-02 8.8497E-05
5.5131E+05 -6.2831E+00 3.5553E+02 7.9874E+01 -9.5857E-02 9.9535E-05
4.9754E+05 -1.2500E+01 2.8852E+02 4.9129E+01 -5.8134E-02 9.4927E-05
4.2252E+05 -6.7275E+00 3.1643E+02 8.6393E+01 -1.3203E-01 1.2692E-04
5.0924E+05 -8.6898E+00 2.4876E+02 4.5330E+01 -2.3894E-02 6.2596E-05
4.7547E+05 4.0565E+01 4.9553E+02 1.1019E+02 -7.8269E-02 4.9999E-05
4.5217E+05 -5.5850E+00 3.0220E+02 7.4240E+01 -6.1849E-02 7.5911E-05
4.9852E+05 -5.7573E+01 3.7150E+02 5.7601E+01 -7.8965E-02 8.5592E-05
4.4460E+05 7.7865E+00 3.0007E+02 6.6297E+01 -7.6809E-02 9.5126E-05
5.5387E+05 3.0906E-01 3.9107E+02 7.8518E+01 -1.0209E-01 1.0478E-04
4.8488E+05 6.8621E+00 4.7176E+02 9.4631E+01 -7.0387E-02 6.7608E-05
5.4241E+05 9.6720E+00 4.7132E+02 9.0742E+01 -8.1559E-02 6.5380E-05
5.2369E+05 -3.4444E+01 2.6050E+02 4.5153E+01 -5.0976E-02 9.1229E-05
5.0346E+05 -1.5798E+01 5.1719E+02 7.7099E+01 -5.7447E-02 5.9704E-05
4.5246E+05 -6.2302E+01 3.0960E+02 4.6392E+01 1.2672E-02 2.4536E-05
5.2157E+05 -2.5457E+00 5.4184E+02 1.0299E+02 -9.3315E-02 6.1683E-05
5.4195E+05 -9.0945E+01 3.5117E+02 4.9630E+01 -1.8222E-02 3.8871E-05
4.8925E+05 9.6167E+00 3.2474E+02 7.0508E+01 -6.6644E-02 8.0226E-05
4.9742E+05 -3.4071E+01 3.2257E+02 4.3173E+01 -3.1549E-02 6.6759E-05
4.8552E+05 -1.8332E+01 4.2775E+02 8.2537E+01 -4.1194E-02 3.0870E-05
4.8125E+05 -5.4560E+00 3.0553E+02 7.0060E+01 -1.0289E-01 1.1945E-04
5.3089E+05 -1.4825E+01 3.3108E+02 7.1103E+01 -1.0099E-01 1.2275E-04
5.4106E+05 -2.5051E+01 3.5572E+02 5.4827E+01 -5.7237E-02 7.1954E-05
5.2694E+05 -3.7962E+00 3.8792E+02 1.0083E+02 -1.3514E-01 1.0548E-04
5.0141E+05 -1.6662E+01 2.9121E+02 4.7797E+01 -2.4407E-02 5.7937E-05
5.2762E+05 -1.5495E+01 3.7472E+02 5.5397E+01 -3.5289E-02 5.6052E-05
5.4040E+05 -2.6248E+00 2.6412E+02 4.5606E+01 -8.3269E-02 1.2638E-04
5.4419E+05 -7.7531E+01 4.3803E+02 6.6082E+01 -6.6499E-02 5.5540E-05
4.8427E+05 2.6480E+01 3.0870E+02 5.8326E+01 -8.7079E-02 1.1152E-04
4.1387E+05 1.0095E+01 2.5770E+02 7.1473E+01 -1.1012E-01 1.3428E-04
5.4492E+05 -3.7859E+01 3.3618E+02 4.6605E+01 -6.1187E-02 8.4289E-05
5.0582E+05 -7.2828E+01 3.9262E+02 6.5153E+01 -4.2202E-02 8.2536E-05
5.0790E+05 3.8972E+01 2.6911E+02 6.6815E+01 -1.3345E-01 1.6119E-04
4.6152E+05 2.2346E-01 3.1494E+02 7.6690E+01 -1.1952E-01 1.2248E-04
5.2672E+05 3.2937E+01 2.9046E+02 6.9000E+01 -1.4876E-01 1.6892E-04
4.5791E+05 -3.3107E+01 2.5966E+02 3.9597E+01 7.2367E-03 5.5689E-05
5.2107E+05 -1.9581E+01 2.9647E+02 4.3672E+01 -7.9604E-02 1.1226E-04
5.1094E+05 5.9773E+00 3.0254E+02 6.2854E+01 -9.9128E-02 1.2037E-04
5.1093E+05 -1.2211E+00 2.3752E+02 4.9760E+01 -9.0034E-02 1.3780E-04
5.1172E+05 3.2535E+00 4.5188E+02 7.2719E+01 -7.1270E-02 9.1698E-05
4.7988E+05 1.2440E+01 3.7761E+02 8.1000E+01 -3.8191E-02 4.1087E-05
5.2710E+05 -3.4030E+01 4.8318E+02 7.6856E+01 -7.6922E-02 7.6331E-05
4.9087E+05 -1.9166E+01 2.8901E+02 6.2631E+01 -8.7320E-02 1.0703E-04
5.1339E+05 1.0996E+01 4.9261E+02 7.9364E+01 -5.6823E-02 5.3422E-05
5.2254E+05 -8.4119E+00 3.6240E+02 7.5636E+01 -9.9861E-02 9.8886E-05
5.5876E+05 -1.5371E+00 3.8433E+02 7.3164E+01 -5.7099E-02 5.5583E-05
4.9282E+05 -8.0400E+01 4.9645E+02 5.5277E+01 -1.1696E-02 2.9516E-05
5.5260E+05 -4.2664E+01 4.3552E+02 1.0052E+02 -1.4090E-01 1.1515E-04
4.8378E+05 -3.7234E+02 3.7898E+02 2.3379E+01 4.5499E-02 -3.5859E-06
5.1333E+05 -3.2678E+01 2.4327E+02 4.0490E+01 -5.2207E-02 1.0579E-04
4.7811E+05 -3.7764E+02 4.5982E+02 2.4131E+01 4.6607E-02 -1.0030E-05
4.6912E+05 3.8451E+00 3.3077E+02 6.8987E+01 -2.1522E-02 3.5735E-05
4.3641E+05 -8.2227E+01 3.1393E+02 4.2914E+01 3.6190E-02 9.7698E-06
5.3828E+05 2.8268E+00 3.3669E+02 8.4222E+01 -1.3820E-01 1.2605E-04
5.4288E+05 -4.6463E+01 4.1545E+02 6.3207E+01 -3.6150E-02 4.8260E-05
4.8415E+05 -4.2959E-01 2.6901E+02 5.9260E+01 -8.7059E-02 1.1658E-04
3.8662E+05 4.9757E+00 2.8940E+02 9.1883E+01 -2.0293E-01 2.0657E-04
4.4412E+05 -4.8872E+00 2.5247E+02 4.0883E+01 -1.2170E-02 5.8786E-05
4.8447E+05 7.8382E+00 4.9319E+02 1.1172E+02 -9.7991E-02 6.2243E-05
4.8770E+05 -3.6264E+00 4.0178E+02 7.6643E+01 -5.1338E-02 5.6525E-05
5.2686E+05 3.2459E+01 3.3995E+02 7.0779E+01 -9.0438E-02 9.6789E-05
5.0836E+05 -2.6851E+01 3.8396E+02 7.4145E+01 -3.7469E-02 5.1393E-05
4.2319E+05 -7.8992E+00 4.6390E+02 9.9621E+01 5.9895E-02 -7.4604E-05
4.8559E+05 4.8807E+00 3.4948E+02 9.7276E+01 -1.4934E-01 1.2540E-04
4.8714E+05 -2.3580E+01 2.6903E+02 3.5775E+01 -7.1842E-03 4.9120E-05
5.2378E+05 -6.0653E+01 4.1012E+02 6.8000E+01 -4.5235E-02 5.8133E-05
5.2481E+05 -3.1694E+01 3.9346E+02 7.0441E+01 -4.2282E-02 5.6394E-05
4.9847E+05 -6.7601E-01 3.2498E+02 7.3270E+01 -1.0373E-01 1.3039E-04
4.5866E+05 -5.0456E+00 3.5510E+02 5.1894E+01 -7.9219E-03 4.4676E-05
4.6404E+05 8.6026E+00 3.7906E+02 7.2674E+01 -7.9398E-02 7.9364E-05
4.9617E+05 -1.2753E+01 4.2895E+02 1.0071E+02 -1.2496E-01 1.0397E-04
4.7900E+05 -3.6401E+01 4.4201E+02 7.7840E+01 -3.8841E-02 3.3934E-05
4.2786E+05 1.3072E+01 2.7976E+02 8.8552E+01 -1.5030E-01 1.5159E-04
4.9379E+05 -1.2592E+01 3.3097E+02 7.4892E+01 -5.4559E-02 6.6850E-05
5.4922E+05 8.8245E+00 3.0270E+02 6.2806E+01 -1.0795E-01 1.2398E-04
4.4933E+05 -7.8047E+01 3.5964E+02 4.1763E+01 6.3438E-02 -1.3549E-05
4.5333E+05 -2.1759E+01 4.6378E+02 1.0135E+02 -5.6573E-02 3.7337E-05
5.0923E+05 -3.5494E+00 2.9934E+02 7.6486E+01 -1.2441E-01 1.2602E-04
5.3133E+05 -1.1601E+01 3.3218E+02 6.5713E+01 -7.7009E-02 8.5724E-05
4.9342E+05 9.1851E+00 4.2685E+02 8.6276E+01 -8.6973E-02 8.0053E-05
4.7987E+05 -5.8823E+01 2.9117E+02 4.5121E+01 -2.7444E-02 6.6674E-05
4.4027E+05 -5.6996E-01 3.9558E+02 1.0653E+02 -1.7607E-01 1.4149E-04
5.2506E+05 -7.1077E+00 2.8009E+02 6.4293E+01 -1.1079E-01 1.2783E-04
5.1908E+05 -6.7080E+01 4.3771E+02 5.6914E+01 -2.8570E-02 4.4728E-05
5.0167E+05 -8.0976E+00 2.5116E+02 5.2351E+01 -7.6420E-02 1.1625E-04
4.8407E+05 4.2510E+00 4.1820E+02 9.7250E+01 -8.5390E-02 7.2669E-05
5.2900E+05 -1.1230E+01 2.5340E+02 4.0949E+01 -5.9614E-02 1.0660E-04
4.9324E+05 -1.9771E-01 3.1360E+02 7.0814E+01 -1.1059E-01 1.2271E-04
4.9820E+05 -5.8694E+01 4.4106E+02 3.2603E+01 3.9046E-02 2.6315E-06
4.9677E+05 2.0305E+01 3.4426E+02 7.5356E+01 -1.0005E-01 9.9209E-05
5.0350E+05 8.1647E+00 3.1803E+02 7.2078E+01 -1.1279E-01 1.2093E-04
4.9876E+05 -5.0490E+00 4.8477E+02 1.1734E+02 -1.0705E-01 6.4554E-05
5.1185E+05 3.3637E+01 3.1919E+02 6.9815E+01 -1.3052E-01 1.4319E-04
5.4943E+05 7.9454E+01 4.6498E+02 1.0233E+02 -1.1336E-01 9.0246E-05
4.7112E+05 -2.3200E+01 2.5594E+02 5.2778E+01 -6.2163E-02 1.0532E-04
5.3186E+05 4.7059E+01 4.3763E+02 1.0735E+02 -1.0809E-01 8.4627E-05
4.6948E+05 2.7952E+01 4.3772E+02 1.0156E+02 -5.0531E-02 4.3045E-05
5.3763E+05 -1.4838E+01 4.2568E+02 7.9013E+01 -7.4838E-02 6.3689E-05
5.1066E+05 -1.6845E+01 5.0198E+02 8.5466E+01 -2.9710E-02 2.0008E-05
4.2942E+05 -1.1227E+01 3.5726E+02 5.6890E+01 6.1061E-02 -1.2420E-05
5.1648E+05 6.6508E+00 3.3688E+02 7.1066E+01 -1.0105E-01 1.0556E-04
4.5976E+05 1.9106E+01 4.3787E+02 1.1777E+02 -1.1866E-01 7.9324E-05
4.9896E+05 -1.4715E+01 2.6054E+02 6.1366E+01 -9.9614E-02 1.2574E-04
4.9706E+05 -1.0356E+01 3.6831E+02 8.0678E+01 -3.7567E-02 3.4993E-05
5.0815E+05 -1.5613E+02 4.0204E+02 3.9945E+01 -4.8648E-03 1.9214E-05
4.5946E+05 -3.0990E+01 3.8513E+02 8.0235E+01 -3.6306E-02 4.4308E-05
5.0319E+05 3.2995E-01 2.3277E+02 4.6340E+01 -7.6080E-02 1.3107E-04
4.9666E+05 -6.0265E+00 4.2097E+02 8.4998E+01 -4.1746E-02 4.0170E-05
4.3066E+05 -9.8512E+00 4.5237E+02 8.4065E+01 -1.2286E-02 4.6746E-05
4.8768E+05 -4.1632E+01 4.4788E+02 6.9683E+01 -5.8177E-02 6.9445E-05
5.2631E+05 -8.8657E-01 3.6828E+02 6.8689E+01 -1.0386E-01 1.0516E-04
4.6561E+05 -1.0176E+01 2.8472E+02 5.9678E+01 -7.2305E-02 9.2908E-05
4.7351E+05 2.8856E+00 4.6416E+02 1.2063E+02 -1.6229E-01 1.1686E-04
5.4176E+05 1.3679E+01 3.5444E+02 8.0428E+01 -1.1855E-01 1.1339E-04
4.4355E+05 -6.1505E+01 3.8564E+02 6.8655E+01 -2.1442E-02 6.1489E-05
4.7087E+05 -7.5104E+00 2.7123E+02 6.2189E+01 -8.7947E-02 1.2152E-04
4.9239E+05 -3.8094E+00 3.6988E+02 7.9427E+01 -7.8944E-02 7.6950E-05
5.0413E+05 6.7122E+00 4.0951E+02 7.5472E+01 -3.9481E-02 4.4578E-05
4.7329E+05 -2.8757E+01 3.2439E+02 4.9972E+01 8.6299E-03 2.1781E-05
4.9625E+05 -1.3484E+01 3.0883E+02 5.9557E+01 -4.6140E-02 7.4916E-05
4.7296E+05 8.1559E+00 2.8200E+02 8.0859E+01 -1.3011E-01 1.5109E-04
4.8237E+05 2.9250E+01 4.2096E+02 9.9426E+01 -1.2087E-01 9.1244E-05
4.6525E+05 2.0387E+01 4.9109E+02 1.2067E+02 -8.8779E-02 5.6636E-05
4.7798E+05 -2.0540E+01 3.1952E+02 5.7766E+01 -2.2571E-02 4.2468E-05
5.2671E+05 -6.2918E+00 3.0341E+02 6.5755E+01 -1.1467E-01 1.3022E-04
5.0277E+05 -2.7740E+01 4.1357E+02 8.0251E+01 -5.1710E-02 6.1386E-05
4.5747E+05 -2.3612E+00 2.9857E+02 8.8450E+01 -1.6152E-01 1.5696E-04
4.7667E+05 -1.9807E+01 3.3742E+02 6.7964E+01 -5.8384E-02 7.5162E-05
5.1280E+05 -2.6344E+01 4.8650E+02 8.6479E+01 -3.3898E-02 2.3306E-05
4.8555E+05 -1.4486E+01 3.7361E+02 8.9332E+01 -8.4090E-02 7.0991E-05
5.5952E+05 4.0309E+00 4.4892E+02 8.4093E+01 -7.1041E-02 5.9929E-05
4.4192E+05 -6.0857E+00 4.0847E+02 9.3271E+01 -1.1787E-01 1.4919E-04
4.8068E+05 -9.9512E+00 4.0570E+02 7.7888E+01 -8.4025E-02 9.3012E-05
4.6966E+05 -2.9667E+01 2.3557E+02 4.3741E+01 -6.3062E-02 1.1681E-04
5.3603E+05 -1.1281E+01 3.7603E+02 8.3480E+01 -8.7436E-02 8.4443E-05
4.9924E+05 -2.5629E+01 3.3727E+02 7.7054E+01 -8.6445E-02 9.1216E-05
5.1642E+05 3.8716E+00 4.1539E+02 8.0907E+01 -5.4804E-02 5.1419E-05
5.0299E+05 -3.3209E+01 4.3178E+02 6.4180E+01 2.6114E-02 -1.7487E-05
4.7373E+05 -3.5101E+01 3.9469E+02 7.9196E+01 -3.6931E-02 3.6417E-05
4.5627E+05 -2.7810E+01 4.2686E+02 1.0785E+02 -1.1963E-01 8.3672E-05
5.4710E+05 1.0898E+01 3.9911E+02 8.5415E+01 -7.2938E-02 7.5388E-05
4.6752E+05 1.2879E+00 3.3013E+02 8.7472E+01 -1.4780E-01 1.3879E-04
5.3372E+05 -1.0709E+01 2.8880E+02 6.3712E+01 -9.0916E-02 1.0962E-04
4.7566E+05 5.5672E+00 3.3095E+02 8.7749E+01 -1.3054E-01 1.1961E-04
3.9529E+05 9.1714E+00 4.2304E+02 8.4064E+01 2.3566E-02 -2.0878E-05
4.6136E+05 7.2549E+00 4.7646E+02 8.0115E+01 -3.9051E-02 3.3169E-05
5.1177E+05 -1.3274E+00 3.8508E+02 8.2113E+01 -6.5818E-02 6.1163E-05
4.9950E+05 -7.5603E+01 3.3164E+02 5.1120E+01 -2.2914E-02 4.8008E-05
5.0684E+05 6.7516E-01 4.6354E+02 8.4149E+01 -3.6696E-02 4.0147E-05
4.6443E+05 -1.3383E+01 4.2662E+02 9.9730E+01 -6.8240E-02 4.6462E-05
5.1002E+05 -1.1803E+01 2.6272E+02 4.2473E+01 -3.5059E-02 8.5304E-05
5.9119E+05 1.2703E+02 5.3294E+02 9.9571E+01 -1.4303E-01 1.1158E-04
4.6244E+05 2.4957E+01 3.9246E+02 8.7599E+01 -4.3081E-02 4.0187E-05
4.6949E+05 3.9605E+00 4.0321E+02 9.6253E+01 -6.3342E-02 6.3467E-05
5.1146E+05 -1.1118E+00 2.4065E+02 5.6591E+01 -1.0929E-01 1.5361E-04
5.0586E+05 3.0410E+00 4.1977E+02 1.0030E+02 -9.4207E-02 7.0634E-05
4.9298E+05 2.7254E+01 4.4101E+02 1.0993E+02 -1.3484E-01 1.0678E-04
4.6300E+05 5.1196E+00 2.8932E+02 5.3388E+01 -5.4998E-02 9.4414E-05
5.0797E+05 2.9980E+01 4.0602E+02 8.2061E+01 -4.7262E-02 4.1421E-05
4.6484E+05 -3.2684E+00 4.3106E+02 1.1401E+02 -1.3489E-01 8.6271E-05
4.5898E+05 -8.7744E+01 4.2305E+02 3.7712E+01 1.0318E-01 -5.5372E-05
5.0872E+05 -3.1688E+01 3.4612E+02 6.3120E+01 -7.8235E-02 9.4774E-05
4.5261E+05 5.7099E+00 3.5762E+02 6.7325E+01 -8.1521E-03 4.5419E-05
5.1370E+05 1.3117E+01 4.4992E+02 9.6128E+01 -7.8501E-02 6.6251E-05
5.1106E+05 -3.0685E+01 2.8664E+02 5.8778E+01 -8.8723E-02 1.1302E-04
5.2735E+05 1.3509E+00 3.9848E+02 8.9860E+01 -8.4865E-02 7.6850E-05
5.1244E+05 -1.4600E+01 3.9567E+02 8.2473E+01 -7.0770E-02 6.5003E-05
4.9394E+05 1.9235E+01 3.3821E+02 9.5206E+01 -1.3809E-01 1.2017E-04
5.0714E+05 -2.9660E+01 4.4861E+02 8.5394E+01 -8.0336E-02 5.9202E-05
4.8906E+05 1.5946E+00 3.3073E+02 6.3901E+01 -8.3578E-02 9.8752E-05
5.3458E+05 2.8463E+00 5.5639E+02 8.9115E+01 -8.5044E-02 6.2091E-05
4.4026E+05 -1.0205E+02 2.7608E+02 2.8128E+01 1.7867E-02 3.4028E-05
4.8364E+05 -8.4676E+01 4.4420E+02 5.3792E+01 3.1953E-02 -3.3824E-06
4.6625E+05 2.6561E+01 4.7305E+02 6.3336E+01 3.7023E-02 -1.3193E-05
4.6375E+05 1.4834E+01 4.3258E+02 6.6335E+01 -1.6874E-02 4.8140E-05
5.4636E+05 -1.4391E+01 4.0618E+02 7.8238E+01 -5.7751E-02 4.7393E-05
4.5333E+05 -4.9046E+00 4.2436E+02 9.9882E+01 -9.4584E-02 9.8432E-05
4.9496E+05 -6.6304E+00 4.8091E+02 9.2777E+01 -9.7806E-02 1.0194E-04
4.3006E+05 -2.6674E+01 5.9025E+02 1.3320E+02 -1.0194E-01 4.4669E-05
5.3905E+05 -1.8920E+01 2.9846E+02 5.8144E+01 -8.3042E-02 1.0424E-04
4.5751E+05 -1.2934E+02 3.5801E+02 4.0318E+01 -1.0012E-02 6.0317E-05
5.2846E+05 4.7452E+01 4.0722E+02 7.3364E+01 -6.6088E-02 7.0833E-05
4.7470E+05 -3.9191E+01 3.6865E+02 6.4103E+01 -3.9306E-02 6.7029E-05
5.1454E+05 -3.8572E+01 4.5839E+02 6.2943E+01 -5.6196E-02 6.4495E-05
4.5117E+05 -1.7581E+01 3.9672E+02 7.8889E+01 -3.3159E-02 3.5604E-05
4.9662E+05 1.9543E+01 2.7918E+02 6.0043E+01 -1.2293E-01 1.5194E-04
5.3588E+05 -1.2539E+01 3.5645E+02 7.0650E+01 -5.6875E-02 6.2126E-05
4.3437E+05 -2.0133E+02 3.6428E+02 2.9083E+01 9.6020E-02 -4.5368E-05
4.1051E+05 -1.4009E+01 4.7307E+02 6.3274E+01 4.2256E-02 6.9243E-06
5.2388E+05 -1.7938E+01 3.1837E+02 7.1082E+01 -9.0148E-02 9.5750E-05
5.5814E+05 1.3219E+01 3.4380E+02 7.3670E+01 -9.1038E-02 9.4508E-05
5.3395E+05 -3.9781E+01 3.5679E+02 6.9120E+01 -8.0382E-02 9.0387E-05
4.9228E+05 -9.4198E+00 3.5427E+02 7.5642E+01 -7.6235E-02 7.4314E-05
4.6042E+05 -3.9036E+01 3.9711E+02 6.4710E+01 6.6624E-03 2.8293E-05
5.1638E+05 1.5532E+01 4.2384E+02 9.3629E+01 -1.3328E-01 1.1380E-04
5.1068E+05 -3.6557E+01 3.8575E+02 7.9193E+01 -6.2499E-02 6.3272E-05
4.4817E+05 1.3746E+01 3.4248E+02 8.3559E+01 -1.8783E-01 1.8076E-04
4.7479E+05 -1.6975E+01 2.7873E+02 6.4284E+01 -9.1198E-02 1.1219E-04
4.9361E+05 -2.2764E+01 4.1724E+02 7.5044E+01 -1.3527E-02 1.7433E-05
5.7084E+05 1.0351E+01 5.1098E+02 9.7313E+01 -1.2339E-01 9.5465E-05
4.6378E+05 -1.1873E+01 4.3448E+02 6.0093E+01 -1.8793E-02 3.0111E-05
5.3864E+05 4.1709E+01 3.0947E+02 7.5670E+01 -1.2637E-01 1.3510E-04
4.5366E+05 8.0360E+00 2.5280E+02 6.4148E+01 -9.5706E-02 1.2800E-04
5.1643E+05 -2.4347E+01 4.7085E+02 1.0136E+02 -1.1246E-01 8.5596E-05
4.4696E+05 -3.3435E+00 4.1152E+02 1.0035E+02 -2.6608E-02 1.3470E-05
5.1624E+05 -3.6235E+00 4.4263E+02 9.4942E+01 -9.6804E-02 7.8861E-05
5.2356E+05 -7.4648E+00 4.0583E+02 9.9341E+01 -1.1324E-01 9.2977E-05
5.4502E+05 -2.8413E+01 3.9005E+02 6.0783E+01 -9.0221E-02 9.9719E-05
5.1302E+05 1.2609E+01 4.0161E+02 8.2731E+01 -9.0322E-02 7.9071E-05
4.7599E+05 -4.7138E+01 4.0117E+02 8.2341E+01 -3.8098E-02 4.0032E-05
5.0068E+05 -3.1951E+01 4.3713E+02 8.0949E+01 -8.1333E-02 9.4639E-05
5.2759E+05 -1.9727E+01 2.3281E+02 5.1041E+01 -7.0479E-02 1.0812E-04
4.3612E+05 -6.5898E+01 3.6778E+02 6.8122E+01 1.4096E-02 4.9427E-06
4.1909E+05 -1.6855E+01 2.9342E+02 4.8285E+01 -3.4123E-02 8.2708E-05
4.7903E+05 -1.7558E+01 4.3826E+02 9.0153E+01 -2.3321E-02 2.4546E-05
4.5499E+05 -9.7817E+00 2.8357E+02 5.5371E+01 -2.6864E-02 5.9873E-05
5.5888E+05 -8.8717E+00 4.1860E+02 7.9241E+01 -5.9157E-02 5.3023E-05
4.8133E+05 -2.3176E+01 4.2988E+02 9.0610E+01 -5.5681E-02 5.5484E-05
5.1122E+05 -3.9861E+01 4.5143E+02 5.7210E+01 1.3215E-02 1.2594E-05
5.2873E+05 -2.1083E+01 3.3456E+02 5.8484E+01 -8.1661E-02 1.0027E-04
5.1301E+05 -3.2531E+01 2.4380E+02 4.6944E+01 -7.6156E-02 1.2041E-04
4.9912E+05 6.1773E-01 3.1372E+02 8.0888E+01 -1.1549E-01 1.1468E-04
4.5415E+05 -2.2632E+02 3.1303E+02 2.2339E+01 4.3664E-02 3.9638E-06
5.0730E+05 2.6990E+00 2.7819E+02 6.5215E+01 -7.8574E-02 1.0572E-04
5.0601E+05 3.4277E+00 2.3829E+02 5.5460E+01 -1.0035E-01 1.4223E-04
4.7979E+05 -1.1906E+00 4.8185E+02 8.5974E+01 -1.1264E-03 -2.1507E-07
5.2629E+05 -1.0642E+01 3.2102E+02 6.8029E+01 -5.9179E-02 9.1243E-05
5.2279E+05 1.0659E+01 3.8014E+02 9.1618E+01 -1.1379E-01 9.4694E-05
4.6346E+05 -1.6847E+01 3.9338E+02 7.1248E+01 2.3094E-02 -9.3748E-06
4.6711E+05 1.7133E+00 2.8318E+02 7.6197E+01 -1.3956E-01 1.5108E-04
5.0892E+05 -2.5414E+01 4.6283E+02 6.8132E+01 -6.9808E-03 1.4227E-05
4.8445E+05 -1.8410E+01 4.2245E+02 8.4432E+01 -7.3910E-02 8.8236E-05
5.3504E+05 6.8810E+01 4.4566E+02 9.2871E+01 -8.7310E-02 6.9058E-05
5.0067E+05 -2.2288E+01 3.1518E+02 6.4338E+01 -8.6146E-02 1.0251E-04
5.4449E+05 3.2335E+01 3.1147E+02 6.4238E+01 -1.1385E-01 1.3180E-04
4.9476E+05 2.8564E+00 2.6522E+02 6.2768E+01 -1.1807E-01 1.4592E-04
5.0830E+05 -4.6231E+01 2.8137E+02 3.0170E+01 -1.4866E-02 6.1167E-05
5.1963E+05 -5.1196E+00 4.1880E+02 1.0473E+02 -1.3510E-01 1.0525E-04
5.1592E+05 -1.2877E+01 4.3447E+02 8.0963E+01 -5.0098E-02 5.0829E-05
4.8334E+05 -4.0460E+00 2.5706E+02 5.4429E+01 -5.4535E-02 9.4287E-05
4.0671E+05 -4.0348E+00 4.4654E+02 1.1626E+02 -8.9196E-02 7.1952E-05
4.7832E+05 -3.0065E+00 3.3019E+02 7.9991E+01 -9.2803E-02 9.1230E-05
5.3734E+05 7.3263E+00 4.9706E+02 9.8184E+01 -1.0033E-01 7.1037E-05
5.4577E+05 5.5910E+01 4.7915E+02 9.2266E+01 -9.7936E-02 7.7169E-05
4.9061E+05 -7.7785E+01 3.9648E+02 5.4545E+01 1.1212E-03 3.3302E-05
5.4371E+05 -1.3878E+01 3.9053E+02 8.2176E+01 -5.7301E-02 5.6127E-05
4.9426E+05 -2.0249E+00 3.8285E+02 9.9856E+01 -1.3568E-01 1.1954E-04
5.5053E+05 -3.7792E+01 3.3464E+02 6.9141E+01 -7.2629E-02 7.4765E-05
4.7166E+05 -3.0229E+01 3.8179E+02 4.6965E+01 1.8845E-02 1.0603E-05
5.1424E+05 -7.3764E+01 4.3037E+02 5.5041E+01 -3.0377E-02 5.5461E-05
5.0994E+05 -7.0230E+00 4.2040E+02 9.2068E+01 -8.7233E-02 7.6060E-05
4.6853E+05 1.7220E+01 3.4413E+02 1.0692E+02 -1.3288E-01 1.0291E-04
4.6001E+05 6.4488E+00 2.8445E+02 6.6430E+01 -1.1500E-01 1.3439E-04
5.0199E+05 -4.1204E+01 5.0034E+02 8.2349E+01 -2.6967E-02 2.0551E-05
4.8162E+05 3.3967E+01 4.5258E+02 8.5673E+01 -3.6762E-02 6.4641E-05
5.2261E+05 -7.6243E+00 4.0017E+02 9.5372E+01 -1.0762E-01 9.0348E-05
4.5213E+05 -1.6516E+02 3.7354E+02 4.2304E+01 6.2289E-02 -2.6267E-05
4.9665E+05 -1.2372E+01 3.0595E+02 7.7667E+01 -9.4226E-02 9.5713E-05
4.7996E+05 -1.5701E+01 2.3565E+02 4.9821E+01 -6.3918E-02 1.0540E-04
5.2675E+05 2.7684E+01 3.8909E+02 8.3668E+01 -1.0471E-01 1.0485E-04
5.1782E+05 1.0226E+01 3.1867E+02 6.6253E+01 -6.3521E-02 7.5426E-05
4.7771E+05 -2.0308E+01 2.3833E+02 5.3020E+01 -8.6558E-02 1.2452E-04
4.9221E+05 -6.9208E+00 2.2041E+02 5.3749E+01 -8.7901E-02 1.3151E-04
4.8259E+05 -3.5234E+01 4.6437E+02 6.5923E+01 -5.7063E-02 5.9201E-05
5.1632E+05 4.4816E+01 3.7439E+02 7.8114E+01 -7.6857E-02 8.0632E-05
4.7221E+05 -2.6314E+01 4.6100E+02 9.6090E+01 -1.1405E-01 9.6010E-05
5.1939E+05 -1.8816E+01 2.2996E+02 4.9184E+01 -9.9767E-02 1.4253E-04
4.9328E+05 1.6165E+01 3.2508E+02 9.4372E+01 -1.3224E-01 1.1333E-04
4.8074E+05 -7.3252E-01 2.7359E+02 6.5507E+01 -1.0234E-01 1.2453E-04
4.6400E+05 -4.4040E+01 2.4524E+02 4.1256E+01 -2.6435E-02 8.0526E-05
4.9840E+05 3.4010E+01 3.1593E+02 6.9173E+01 -1.2399E-01 1.3632E-04
4.9857E+05 3.6901E-03 4.2019E+02 7.7010E+01 -6.7160E-02 6.4146E-05
5.2389E+05 -1.2135E+01 3.5896E+02 7.4821E+01 -8.1346E-02 8.3338E-05
5.4519E+05 -2.9680E+00 3.9240E+02 7.0756E+01 -7.7754E-02 7.8018E-05
5.0315E+05 -9.4090E+00 3.6235E+02 6.3742E+01 -3.2777E-02 4.6644E-05
5.4790E+05 -6.2118E+00 3.3833E+02 6.7952E+01 -7.9174E-02 8.9931E-05
4.7837E+05 3.7941E+01 3.5196E+02 7.8396E+01 -5.4653E-02 5.1480E-05
5.1980E+05 -6.1371E+01 4.4193E+02 7.4837E+01 -4.7735E-02 4.5032E-05
4.9814E+05 -3.3151E+01 3.7017E+02 6.6864E+01 -2.8503E-02 4.9816E-05
5.4019E+05 -3.2342E+01 3.5540E+02 5.3154E+01 -4.8526E-02 7.2915E-05
4.6709E+05 -1.4699E+01 2.5577E+02 4.6841E+01 -3.7282E-02 8.1120E-05
4.8598E+05 -1.2375E+01 2.6733E+02 6.4086E+01 -9.5551E-02 1.1889E-04
4.7162E+05 1.1346E+01 3.4581E+02 1.0059E+02 -1.2330E-01 9.8231E-05
4.9104E+05 1.4059E+00 3.9015E+02 1.1446E+02 -1.7305E-01 1.4463E-04
5.4891E+05 2.3109E-01 2.9765E+02 6.9229E+01 -1.1044E-01 1.2007E-04
5.6927E+05 -4.2275E+01 4.2000E+02 7.7614E+01 -7.1050E-02 6.1656E-05
5.3439E+05 -4.0570E+01 3.7480E+02 5.3608E+01 -3.5107E-02 4.8949E-05
4.7692E+05 -1.5794E+01 3.1050E+02 6.8361E+01 -7.2146E-02 7.9498E-05
5.1751E+05 -2.7692E+01 3.5423E+02 5.5071E+01 -4.8989E-02 6.4496E-05
5.2063E+05 -4.7111E+00 4.2168E+02 8.2508E+01 -1.2349E-01 1.0663E-04
4.9510E+05 1.5708E+01 3.1725E+02 8.0805E+01 -1.2480E-01 1.2198E-04
5.1362E+05 1.0553E-01 4.5659E+02 1.0436E+02 -1.3744E-01 1.0481E-04
5.6623E+05 4.3596E+01 4.8716E+02 8.4044E+01 -6.6993E-02 5.3767E-05
4.8208E+05 -6.5972E-01 4.3537E+02 1.0896E+02 -6.3354E-02 3.7002E-05
4.8455E+05 -9.6819E+00 4.7417E+02 8.8200E+01 -3.7307E-02 3.5994E-05
5.0024E+05 -8.1517E+00 3.4900E+02 6.5772E+01 -8.6450E-02 9.1826E-05
4.5846E+05 -8.6206E-01 3.5027E+02 9.4882E+01 -8.4714E-02 9.0286E-05
4.9776E+05 1.0998E+01 2.7610E+02 6.5247E+01 -1.1157E-01 1.3414E-04
5.2169E+05 -3.4546E+00 3.8820E+02 8.7800E+01 -4.2653E-02 3.5331E-05
3.6686E+05 2.6188E+00 3.6827E+02 9.5116E+01 2.0317E-02 -5.1513E-06
5.1361E+05 -2.8695E+01 4.2618E+02 7.4138E+01 -2.6334E-02 4.5377E-05
5.1995E+05 -2.7640E+00 5.0234E+02 8.6716E+01 -4.9297E-02 4.4176E-05
5.3128E+05 5.6342E-01 3.7179E+02 8.9562E+01 -1.0437E-01 8.9149E-05
5.1979E+05 2.5924E+01 3.9970E+02 8.1508E+01 -8.7799E-02 8.4020E-05
4.7929E+05 -3.0322E+01 4.3263E+02 8.1134E+01 -5.3174E-02 5.6964E-05
5.4217E+05 -2.0554E+01 4.2133E+02 8.8545E+01 -6.0717E-02 4.9577E-05
4.9817E+05 -2.9097E+01 4.0353E+02 6.3199E+01 -4.7724E-02 5.6732E-05
5.2824E+05 -7.9819E+00 3.7879E+02 8.4391E+01 -1.0231E-01 9.5063E-05
4.6463E+05 -4.0430E+01 2.7624E+02 5.0272E+01 2.9738E-02 -2.9370E-06
5.0930E+05 -1.2448E+01 3.6310E+02 6.0200E+01 -5.9810E-02 6.8092E-05
5.0013E+05 4.3017E+01 5.2952E+02 1.0070E+02 -8.8327E-02 6.1537E-05
5.1720E+05 -1.7932E+01 2.8486E+02 5.9344E+01 -1.1123E-01 1.3196E-04
5.4953E+05 -5.1274E-01 3.1275E+02 6.9909E+01 -1.0135E-01 1.1466E-04
4.8723E+05 -2.8069E+01 4.0566E+02 7.3154E+01 -6.3067E-03 7.9971E-06
4.8136E+05 -9.6785E+00 4.5818E+02 9.9222E+01 -7.0929E-02 5.4531E-05
4.3057E+05 -4.7752E+01 2.5408E+02 4.3857E+01 -2.7532E-02 6.9704E-05
4.4544E+05 -2.9092E+01 4.8062E+02 5.9356E+01 3.3427E-02 -1.1679E-05
5.1001E+05 -4.0727E+00 3.8087E+02 8.2894E+01 -8.7773E-02 8.1849E-05
4.8253E+05 2.9263E+01 4.6655E+02 9.1406E+01 -1.0331E-01 9.5587E-05
4.8457E+05 -8.3371E+00 4.2158E+02 9.5214E+01 -1.1707E-01 9.3755E-05
5.2084E+05 -4.6994E+00 5.0144E+02 1.1888E+02 -1.2361E-01 7.9479E-05
5.3779E+05 -3.4770E+00 4.6425E+02 6.8455E+01 -3.1281E-02 4.0474E-05
5.1370E+05 -3.1156E+01 3.4728E+02 5.2199E+01 -2.4021E-02 5.0437E-05
4.8426E+05 8.4014E-01 3.4994E+02 9.8521E+01 -1.1244E-01 9.4568E-05
4.7333E+05 -5.0673E+01 3.8770E+02 7.0678E+01 -2.6457E-02 3.3184E-05
4.3319E+05 -2.4082E+01 4.6285E+02 8.9267E+01 -3.0007E-02 2.7674E-05
4.8271E+05 4.8051E-01 2.7040E+02 6.9310E+01 -1.3479E-01 1.5836E-04
4.7062E+05 3.3675E+00 4.8141E+02 1.0595E+02 -1.0151E-01 6.2783E-05
4.8356E+05 6.8945E+01 3.9597E+02 1.3157E+02 -2.4624E-01 1.8314E-04
4.9408E+05 -3.7633E+01 2.3236E+02 3.8004E+01 -2.0662E-02 7.8876E-05
5.2386E+05 -4.0736E+01 3.9163E+02 4.2928E+01 -3.1328E-02 4.8808E-05
5.4019E+05 1.6822E+01 5.1015E+02 9.5436E+01 -9.4668E-02 7.5311E-05
5.0602E+05 2.6756E+01 2.8983E+02 6.3396E+01 -1.2470E-01 1.4559E-04
4.8475E+05 -1.3070E+01 4.4383E+02 7.8332E+01 -2.7466E-02 3.3937E-05
4.8816E+05 -4.5708E+01 3.0614E+02 5.4327E+01 -5.9725E-02 8.4384E-05
5.4988E+05 2.9761E+00 3.8270E+02 8.4500E+01 -1.0771E-01 9.7199E-05
4.9937E+05 1.0930E+01 3.4601E+02 8.2563E+01 -1.1592E-01 1.2496E-04
5.5499E+05 2.0629E+01 4.1358E+02 8.8330E+01 -7.3203E-02 6.3076E-05
5.0452E+05 -2.4370E+01 3.7168E+02 7.6332E+01 -9.9006E-02 9.4134E-05
5.0915E+05 -1.9196E+01 4.8630E+02 6.6700E+01 -1.3702E-02 3.5014E-05
5.0183E+05 7.3706E+01 4.1408E+02 8.7111E+01 -1.0691E-01 8.4441E-05
5.4428E+05 -5.2918E+01 4.0138E+02 4.9045E+01 -3.8506E-02 5.2527E-05
5.4978E+05 6.0062E+01 5.1063E+02 1.0944E+02 -1.2108E-01 8.5580E-05
4.8780E+05 2.5327E+00 3.7822E+02 7.8435E+01 -9.0145E-02 9.6076E-05
5.2647E+05 4.1044E+01 4.3539E+02 9.6505E+01 -1.1480E-01 8.9497E-05
4.0470E+05 -2.8354E+00 4.0389E+02 1.1011E+02 -8.2954E-02 8.0752E-05
4.4935E+05 -1.4902E+01 2.9835E+02 6.1554E+01 -5.9717E-03 3.1833E-05
5.3759E+05 5.9120E+00 4.1845E+02 9.0855E+01 -7.6087E-02 5.7542E-05
5.3520E+05 7.9607E+00 3.4105E+02 7.6059E+01 -1.0732E-01 1.0592E-04
4.6710E+05 1.6193E+01 4.3772E+02 1.2952E+02 -1.5387E-01 9.9188E-05
4.9732E+05 -3.3900E+00 3.7604E+02 7.9267E+01 -1.1061E-01 1.0295E-04
5.3697E+05 -3.6370E+01 3.9684E+02 6.1090E+01 -4.0753E-02 5.4661E-05
4.8238E+05 -8.4674E+01 2.6005E+02 3.3355E+01 1.0630E-02 4.1054E-05
5.4644E+05 -8.5985E+01 3.8270E+02 5.1735E+01 5.1952E-03 1.5918E-05
4.9043E+05 2.8333E+01 5.2575E+02 1.1992E+02 -1.4821E-01 9.8688E-05
5.0082E+05 -2.2518E-01 2.9557E+02 6.1576E+01 -7.4723E-02 9.6292E-05
4.5714E+05 -7.5262E+00 2.5116E+02 5.5870E+01 -5.5334E-02 9.3973E-05
5.7960E+05 -4.2044E+00 3.9266E+02 4.7413E+01 -5.9073E-02 7.1776E-05
5.4830E+05 4.2849E+01 3.6377E+02 6.6454E+01 -8.2388E-02 8.8005E-05
5.3622E+05 -1.3606E+01 4.4458E+02 8.9011E+01 -8.1871E-02 7.5651E-05
5.0335E+05 -1.4767E+01 3.7090E+02 8.1689E+01 -8.2982E-02 7.6649E-05
4.6992E+05 -2.6761E+01 4.8805E+02 8.6059E+01 -1.9848E-02 2.3516E-05
4.7564E+05 -1.0035E+00 2.9256E+02 6.9508E+01 -5.9785E-02 7.7085E-05
4.9158E+05 -1.5699E+01 4.6219E+02 1.1070E+02 -1.0568E-01 7.7414E-05
4.6607E+05 -2.2191E+01 4.1869E+02 8.7761E+01 -3.9882E-02 3.6674E-05
4.7120E+05 -1.2506E+01 3.0251E+02 7.5690E+01 -9.5030E-02 1.0685E-04
5.2957E+05 7.3640E+01 4.8655E+02 1.0926E+02 -1.2972E-01 1.0710E-04
4.8956E+05 -1.6029E+01 4.4544E+02 6.4504E+01 -3.3761E-02 4.5172E-05
5.4591E+05 7.1483E+01 5.3152E+02 9.6270E+01 -1.1423E-01 9.7854E-05
5.1651E+05 5.5691E+01 3.3315E+02 6.5470E+01 -1.3340E-01 1.4879E-04
5.1911E+05 9.6751E+00 3.3682E+02 8.5407E+01 -9.7361E-02 9.1626E-05
4.8433E+05 -2.9795E+01 3.4702E+02 5.4728E+01 7.0674E-03 1.7733E-05
5.2797E+05 -5.2313E+01 4.5273E+02 6.7191E+01 -7.4165E-03 1.6468E-05
5.4778E+05 -3.1480E+00 4.6814E+02 7.5630E+01 -3.1012E-02 3.7753E-05
5.3097E+05 -1.2827E+01 3.9771E+02 7.2563E+01 -6.9628E-02 6.3196E-05
4.9110E+05 -8.8668E+00 3.9167E+02 7.7352E+01 -4.5783E-02 4.3214E-05
5.4124E+05 -2.5058E+01 2.5105E+02 4.7333E+01 -7.2491E-02 1.1446E-04
5.6856E+05 -1.8131E+01 3.8999E+02 6.8498E+01 -5.6556E-02 5.8430E-05
4.9991E+05 -1.9328E+01 3.8130E+02 6.6163E+01 -1.0050E-01 1.0192E-04
5.2625E+05 -6.2006E+01 3.7324E+02 6.0550E+01 -4.9943E-02 6.2845E-05
5.0537E+05 -3.6177E+01 3.5104E+02 7.0061E+01 -8.5525E-02 1.0104E-04
5.7687E+05 5.5361E+00 3.9348E+02 7.6206E+01 -6.2495E-02 5.9172E-05
4.4775E+05 -2.9771E+00 2.5749E+02 5.6527E+01 -9.1397E-02 1.2860E-04
5.0597E+05 -1.9060E+00 2.4078E+02 5.3288E+01 -8.4421E-02 1.2731E-04
5.1041E+05 3.5716E+01 5.2003E+02 9.2255E+01 -5.5717E-02 5.3630E-05
5.4176E+05 -5.6092E+00 4.7375E+02 7.3784E+01 -2.9931E-02 3.3731E-05
5.1676E+05 1.3743E+01 4.5407E+02 9.8747E+01 -8.5106E-02 6.8943E-05
5.0638E+05 -4.9766E+01 4.0362E+02 7.8713E+01 -7.2136E-02 6.4880E-05
4.9243E+05 -6.8726E+00 4.0166E+02 1.0810E+02 -1.3555E-01 1.0955E-04
4.6696E+05 4.0266E+00 2.2965E+02 6.2143E+01 -1.1382E-01 1.5255E-04
4.8201E+05 -6.3278E+01 4.1000E+02 7.0002E+01 -1.7838E-02 2.6098E-05
4.6537E+05 -1.5824E-01 3.0666E+02 7.6909E+01 -1.5197E-01 1.6072E-04
5.4850E+05 -1.2538E+01 4.0457E+02 8.0162E+01 -1.1475E-01 1.1244E-04
4.7643E+05 -2.9257E+01 3.7318E+02 6.4294E+01 -4.0176E-02 5.1354E-05
5.4411E+05 -1.3277E+01 3.4288E+02 6.0589E+01 -6.0514E-02 6.9875E-05
5.0692E+05 -1.9718E+01 3.5663E+02 6.3031E+01 -8.9320E-02 1.0375E-04
4.8008E+05 1.7801E+01 3.1237E+02 8.5980E+01 -1.3779E-01 1.2909E-04
5.1891E+05 3.2780E-01 3.2157E+02 7.6226E+01 -1.3102E-01 1.3591E-04
5.1418E+05 1.4717E+01 5.0184E+02 8.9441E+01 -4.7439E-02 4.1858E-05
5.0427E+05 1.2347E+01 4.7670E+02 1.5088E+02 -1.8549E-01 1.1124E-04
5.1599E+05 -1.4576E+01 4.0496E+02 9.4066E+01 -8.8731E-02 7.7514E-05
4.9758E+05 6.0225E+00 4.5774E+02 7.0868E+01 4.7339E-02 -3.6878E-05
4.6169E+05 -2.0011E+02 2.6116E+02 1.6350E+01 6.2349E-02 4.3390E-08
5.0637E+05 -4.2952E+01 4.9341E+02 7.0524E+01 -2.3385E-02 2.7601E-05
5.1346E+05 -8.6937E+01 3.9193E+02 6.3944E+01 -3.2303E-02 4.4100E-05
5.3547E+05 -1.1138E+01 3.5910E+02 5.5041E+01 -4.2104E-02 5.8077E-05
4.8333E+05 -1.5854E+00 3.8000E+02 8.1684E+01 -8.4266E-02 7.4843E-05
5.5898E+05 2.0775E+00 3.1038E+02 4.9040E+01 -6.6681E-02 9.6538E-05
5.1504E+05 1.7820E+01 2.8639E+02 5.9758E+01 -1.2272E-01 1.4990E-04
4.4644E+05 -1.6251E+01 4.6298E+02 9.1427E+01 2.5322E-02 -2.5274E-05
5.2975E+05 -2.2256E+01 4.5286E+02 9.4352E+01 -1.0232E-01 9.2778E-05
5.5940E+05 -6.5694E+01 4.0913E+02 6.5117E+01 -3.7909E-02 4.6870E-05
4.7653E+05 -1.0631E+02 5.0477E+02 7.4238E+01 -6.0370E-02 4.5518E-05
5.5398E+05 2.7882E+01 5.0914E+02 1.0562E+02 -1.6591E-01 1.3576E-04
4.5963E+05 -7.8216E+00 3.6393E+02 7.1809E+01 -7.0018E-02 1.1372E-04
4.8886E+05 -2.3846E+00 3.5472E+02 6.6173E+01 -4.3148E-02 5.6620E-05
4.6053E+05 -2.0832E+01 2.1345E+02 4.5575E+01 -7.5115E-02 1.3019E-04
4.5880E+05 9.7983E+00 2.4342E+02 6.4645E+01 -1.1141E-01 1.4270E-04
5.1029E+05 -4.9198E+00 2.8885E+02 6.3942E+01 -8.5161E-02 1.1072E-04
4.8086E+05 -3.0156E+01 3.6922E+02 6.4148E+01 -6.5514E-02 7.9325E-05
5.1749E+05 -2.5573E+01 2.9494E+02 5.1799E+01 -6.8091E-02 1.0457E-04
4.7587E+05 -4.1671E+01 4.7064E+02 7.3930E+01 2.1590E-02 -8.4341E-06
5.1754E+05 -1.1615E+01 4.1130E+02 9.2340E+01 -9.2566E-02 1.1042E-04
5.1365E+05 -1.0145E+01 3.8408E+02 8.4226E+01 -1.0693E-01 9.2140E-05
4.9163E+05 -2.9774E+00 4.2584E+02 1.1419E+02 -1.8807E-01 1.8226E-04
4.8789E+05 -4.8310E+00 2.3055E+02 5.4035E+01 -7.9781E-02 1.2305E-04
4.7436E+05 -4.7077E+00 4.4175E+02 7.7661E+01 -1.8193E-02 4.8786E-05
4.5507E+05 6.2621E-01 3.1971E+02 8.6516E+01 -8.9515E-02 8.6723E-05
5.6264E+05 2.2084E+01 3.5946E+02 7.4525E+01 -9.1860E-02 9.4947E-05
4.8503E+05 8.5087E+00 2.7034E+02 5.7831E+01 -5.7815E-02 8.4952E-05
5.4745E+05 3.4046E+01 4.7641E+02 8.5674E+01 -9.1977E-02 8.7498E-05
5.0259E+05 -3.4990E+01 4.6907E+02 6.6581E+01 -4.6542E-02 3.9052E-05
4.4597E+05 -8.5745E+00 5.3166E+02 1.5402E+02 -1.5623E-01 8.1269E-05
5.1978E+05 -1.2506E+01 3.2873E+02 6.9424E+01 -8.2300E-02 9.4465E-05
4.9337E+05 -1.6054E+01 3.1750E+02 6.6677E+01 -1.0362E-01 1.1568E-04
5.4776E+05 -4.4410E+01 4.7090E+02 7.1476E+01 -4.6388E-02 4.6355E-05
5.2293E+05 2.1977E+01 3.5744E+02 8.0098E+01 -8.1695E-02 7.6546E-05
4.9254E+05 -3.1292E+01 4.9755E+02 9.5273E+01 -6.5367E-02 4.5428E-05
4.6039E+05 -2.7242E+01 2.9845E+02 6.4341E+01 -1.1067E-01 1.3256E-04
5.3243E+05 2.3255E+01 3.0146E+02 4.8577E+01 -6.0650E-02 9.2803E-05
4.2700E+05 -5.3857E+00 3.3830E+02 8.9250E+01 -8.0677E-02 6.8997E-05
4.7902E+05 -9.3173E+00 3.4631E+02 7.8224E+01 -8.5526E-02 8.3616E-05
5.4015E+05 -1.6689E-01 4.4248E+02 1.0348E+02 -1.1110E-01 8.4179E-05
5.5136E+05 1.5412E+01 3.6711E+02 8.0627E+01 -9.7372E-02 8.9875E-05
4.9386E+05 1.2732E+01 4.1302E+02 1.0843E+02 -1.3249E-01 1.0111E-04
5.1589E+05 -2.5465E+01 5.0516E+02 9.5324E+01 -1.1272E-01 8.4390E-05
4.8371E+05 1.4806E+01 3.7311E+02 7.7214E+01 -1.0589E-01 1.0711E-04
5.4275E+05 2.6477E+01 3.5116E+02 5.8542E+01 -8.6948E-02 1.0276E-04
4.9174E+05 -2.4133E-01 3.5308E+02 9.2466E+01 -1.1519E-01 9.8795E-05
5.4485E+05 -3.0724E+01 4.2654E+02 8.0448E+01 -4.1442E-02 3.8243E-05
5.2436E+05 -1.5812E+01 3.7960E+02 8.2918E+01 -9.9941E-02 9.5551E-05
5.3547E+05 -7.5774E+01 3.9001E+02 5.9030E+01 -3.2439E-02 3.8590E-05
4.4207E+05 -1.1259E+02 3.3591E+02 3.6897E+01 1.1557E-02 2.3569E-05
5.1055E+05 -3.2925E+00 4.0223E+02 1.0489E+02 -1.0079E-01 7.4187E-05
5.2073E+05 1.8822E+01 2.9976E+02 6.3452E+01 -1.1067E-01 1.3485E-04
5.0861E+05 -1.8179E+01 3.1219E+02 5.9415E+01 -1.0337E-01 1.2175E-04
4.2476E+05 -1.1169E+01 3.2110E+02 7.4093E+01 -4.0431E-02 4.7140E-05
5.0935E+05 -1.8376E+01 4.0811E+02 6.7694E+01 -3.2313E-02 6.1435E-05
5.2488E+05 9.2661E+00 2.5212E+02 5.7355E+01 -1.0245E-01 1.4054E-04
4.6328E+05 -1.6892E+01 3.7213E+02 7.3912E+01 5.7854E-03 3.9943E-06
4.5407E+05 1.3049E+01 4.1853E+02 7.8649E+01 -9.3559E-02 8.3067E-05
4.8956E+05 -2.7605E+01 3.9990E+02 4.4221E+01 1.4616E-02 2.6062E-05
4.9186E+05 2.4759E+01 3.7991E+02 7.4377E+01 -6.2204E-02 6.6268E-05
4.5185E+05 2.3894E+01 2.6614E+02 6.5977E+01 -9.8628E-02 1.2629E-04
4.8122E+05 -2.3157E+01 3.3609E+02 5.7000E+01 -2.6567E-02 4.9482E-05
5.1641E+05 7.7589E+00 3.4231E+02 8.0458E+01 -1.2268E-01 1.2408E-04
5.1094E+05 -9.6524E+00 4.2187E+02 9.3852E+01 -8.2242E-02 5.6715E-05
5.0863E+05 1.1792E+01 3.2358E+02 6.6312E+01 -4.8460E-02 7.0679E-05
4.9928E+05 7.9856E+00 4.2166E+02 7.5575E+01 -4.9057E-02 4.2737E-05
5.1213E+05 -1.8122E+01 2.3572E+02 4.8503E+01 -8.7701E-02 1.3260E-04
4.8413E+05 -2.4904E+02 4.5164E+02 4.0328E+01 2.2091E-02 1.8318E-06
4.9887E+05 -2.9931E+01 3.8980E+02 6.6075E+01 -1.4359E-02 2.6352E-05
5.0348E+05 -2.2257E+01 3.5531E+02 6.9999E+01 -6.0273E-02 6.1478E-05
4.6609E+05 -7.8285E+00 4.4112E+02 9.8320E+01 -1.4548E-01 1.6010E-04
4.7913E+05 -2.4631E+01 3.4766E+02 7.2234E+01 -7.1111E-02 7.8475E-05
4.2213E+05 -9.3424E+00 4.0528E+02 1.0731E+02 -2.2330E-02 1.9569E-05
5.7241E+05 -8.1350E+01 4.2222E+02 6.2541E+01 -4.9039E-02 4.9266E-05
5.5575E+05 -1.4560E+01 4.1378E+02 7.7654E+01 -8.2902E-02 7.5765E-05
4.9326E+05 -2.7842E+00 2.7847E+02 7.5677E+01 -1.5354E-01 1.6557E-04
4.4779E+05 2.4554E+01 4.3935E+02 6.3743E+01 4.5705E-02 -2.8522E-05
5.3813E+05 -1.4791E+01 3.3975E+02 6.0730E+01 -5.8952E-02 7.0943E-05
4.9051E+05 1.5543E+00 4.1482E+02 7.1693E+01 -1.5993E-02 2.1290E-05
5.1734E+05 -1.2314E+01 2.8706E+02 4.7712E+01 -4.7043E-02 7.9868E-05
4.9666E+05 -1.2923E+02 5.7417E+02 3.1550E+01 5.2068E-02 -1.9740E-05
5.3302E+05 -5.2724E+00 2.5664E+02 4.4008E+01 -5.6887E-02 1.0107E-04
5.0544E+05 1.1592E+00 2.1071E+02 4.9870E+01 -8.5140E-02 1.4127E-04
4.6912E+05 -2.3596E+01 2.5829E+02 4.9199E+01 -6.4841E-02 1.1318E-04
4.8111E+05 4.3299E+00 2.9716E+02 5.5838E+01 -5.4804E-02 8.4282E-05
4.9313E+05 -5.2860E+01 4.8923E+02 4.8154E+01 3.3537E-02 2.5833E-06
5.0831E+05 1.6140E+01 3.5721E+02 5.7790E+01 -5.9509E-02 8.3703E-05
5.4108E+05 1.6131E+01 2.9233E+02 6.1539E+01 -7.5877E-02 9.7953E-05
4.7886E+05 2.7951E+01 3.4340E+02 8.8498E+01 -7.9378E-02 6.3567E-05
5.3196E+05 5.8214E+01 5.1083E+02 1.0625E+02 -1.0788E-01 8.1857E-05
5.1587E+05 -1.6391E+01 3.7577E+02 7.0078E+01 -5.9913E-02 6.6555E-05
4.6385E+05 -1.2612E+01 2.5201E+02 6.3214E+01 -1.3006E-01 1.6314E-04
5.2137E+05 -1.2007E+00 3.1843E+02 6.7100E+01 -1.0537E-01 1.1986E-04
5.1461E+05 -3.4765E+01 3.2010E+02 5.8012E+01 -6.0017E-02 8.5311E-05
5.9607E+05 6.0948E+01 4.2065E+02 9.2363E+01 -1.3060E-01 1.0695E-04
4.8559E+05 -8.4495E+01 3.8257E+02 5.0758E+01 -1.1826E-02 3.2467E-05
5.0637E+05 2.6973E+00 3.6761E+02 5.5053E+01 -5.8660E-02 7.2683E-05
5.0208E+05 8.0012E+00 4.3805E+02 9.3633E+01 -1.0292E-01 1.0877E-04
4.8648E+05 4.2650E-01 2.2771E+02 5.2798E+01 -9.3398E-02 1.4418E-04
5.5238E+05 1.4488E+01 4.3818E+02 6.3285E+01 -4.7609E-02 5.6191E-05
4.8388E+05 3.0681E-01 2.9684E+02 6.1649E+01 -1.0409E-01 1.2794E-04
4.5063E+05 -1.0870E+01 3.9880E+02 9.7419E+01 -1.2122E-01 1.5370E-04
5.0912E+05 -9.7103E+01 4.3168E+02 5.4417E+01 -1.8697E-02 3.3782E-05
4.8593E+05 -7.0811E-01 3.5584E+02 7.8156E+01 -1.2309E-01 1.2418E-04
4.4925E+05 -1.6511E+01 2.7068E+02 5.9306E+01 -1.1804E-01 1.4773E-04
5.5236E+05 2.8547E+01 4.5962E+02 8.9114E+01 -1.0157E-01 9.7240E-05
5.3743E+05 2.4354E+01 2.3383E+02 4.8776E+01 -8.6651E-02 1.4227E-04
5.1343E+05 -4.3434E+01 4.7798E+02 9.3612E+01 -7.4986E-02 5.0673E-05
4.5044E+05 2.6988E+00 3.3378E+02 7.9846E+01 -8.2719E-02 8.8363E-05
4.9554E+05 -7.2705E+00 4.1771E+02 1.0304E+02 -1.0287E-01 8.3625E-05
4.4002E+05 -4.0904E+01 2.5496E+02 4.4312E+01 -4.9784E-02 9.7171E-05
4.7719E+05 -1.8894E+01 4.2996E+02 8.7472E+01 -3.4652E-02 4.3146E-05
5.0629E+05 2.2157E+00 4.4367E+02 1.0613E+02 -1.3733E-01 1.1847E-04
5.1992E+05 -5.6583E+01 3.4998E+02 4.1624E+01 -5.3249E-02 7.6173E-05
5.3628E+05 -6.4115E+01 4.2128E+02 6.9269E+01 -1.4136E-02 1.7602E-05
5.0342E+05 -1.5149E+01 4.4670E+02 9.1929E+01 -5.3997E-02 3.2762E-05
5.6515E+05 -7.0078E+01 4.0994E+02 6.4937E+01 -4.6678E-02 5.8907E-05
5.2379E+05 2.6585E+00 4.5167E+02 9.2835E+01 -7.9077E-02 6.4861E-05
5.1403E+05 8.1205E+00 3.5881E+02 6.8648E+01 -7.5680E-02 8.1749E-05
5.0164E+05 -1.7082E+01 4.2602E+02 6.6442E+01 -5.7371E-02 5.8250E-05
4.9473E+05 -9.7052E+00 4.7558E+02 1.1596E+02 -1.2506E-01 8.8458E-05
5.5452E+05 -8.3663E+01 3.4662E+02 4.1899E+01 -5.2644E-02 8.0391E-05
5.0146E+05 -4.9595E+01 3.8876E+02 8.3094E+01 -6.3051E-02 5.4750E-05
5.4079E+05 1.9710E+01 4.3509E+02 9.0914E+01 -8.1828E-02 6.6874E-05
5.5001E+05 -4.6050E+01 4.6684E+02 7.0921E+01 -4.8918E-02 4.8195E-05
5.1068E+05 -1.1719E-01 3.4446E+02 8.0901E+01 -6.6625E-02 6.7297E-05
5.4678E+05 2.1614E+01 3.3392E+02 7.6205E+01 -9.4912E-02 9.7885E-05
4.1023E+05 2.1415E+01 3.6320E+02 1.0648E+02 -1.5294E-01 1.2031E-04
4.9007E+05 -1.0681E+01 2.9655E+02 5.5914E+01 -3.7417E-02 6.1383E-05
5.1359E+05 -3.5775E+01 4.1820E+02 5.8982E+01 1.6157E-02 7.0456E-06
5.2579E+05 4.9503E+01 4.9137E+02 1.0254E+02 -9.9882E-02 7.1643E-05
4.9101E+05 3.7699E+01 3.0923E+02 8.0072E+01 -1.2566E-01 1.3186E-04
5.3729E+05 3.0674E-01 4.2130E+02 7.9837E+01 -6.4401E-02 6.3591E-05
4.7656E+05 -1.3281E+01 2.6144E+02 5.5578E+01 -1.0598E-01 1.4552E-04
5.1944E+05 3.4097E+01 3.0694E+02 5.8891E+01 -6.3560E-02 9.0865E-05
4.7905E+05 -1.8493E+01 4.2970E+02 9.7093E+01 -1.2482E-01 1.1220E-04
5.0426E+05 6.8699E+00 3.3301E+02 6.5736E+01 -3.5632E-02 5.5039E-05
5.2911E+05 -1.6572E+01 3.9973E+02 8.1834E+01 -1.0094E-01 9.2683E-05
5.1232E+05 8.6287E-01 4.4967E+02 8.6697E+01 -6.9758E-02 6.3563E-05
4.5890E+05 -1.4553E+01 3.1651E+02 7.6319E+01 -7.1565E-02 7.2940E-05
4.5460E+05 -7.8160E+00 3.1098E+02 6.5190E+01 -4.4769E-02 6.2886E-05
4.6854E+05 -3.8045E+01 3.4718E+02 6.7111E+01 -1.1297E-01 1.3761E-04
4.2371E+05 -9.6126E+00 4.8269E+02 7.4137E+01 -4.1947E-03 4.6357E-05
4.8473E+05 1.0256E+01 4.1260E+02 7.2982E+01 -8.2468E-02 1.1366E-04
5.4050E+05 1.6309E+01 4.8230E+02 8.4757E+01 -1.0044E-01 9.2432E-05
5.0635E+05 -6.7275E+00 4.1194E+02 7.3928E+01 -5.7129E-02 5.9898E-05
4.9545E+05 -2.9111E+01 4.7287E+02 6.6977E+01 5.1940E-03 5.3376E-06
4.7538E+05 -1.3211E+01 4.4419E+02 1.0318E+02 -4.5302E-02 1.5147E-05
4.6944E+05 -2.6245E+01 3.2097E+02 6.0715E+01 -8.9826E-02 1.1538E-04
4.8391E+05 -1.0015E+01 3.4371E+02 7.0582E+01 -1.1117E-01 1.1608E-04
4.0145E+05 -3.3940E+01 3.7509E+02 5.8119E+01 9.0382E-02 -6.1955E-05
4.6192E+05 -5.5109E+01 2.0692E+02 3.1454E+01 -2.5011E-02 9.3207E-05
4.5377E+05 3.0271E+01 2.8689E+02 7.7203E+01 -1.2006E-01 1.3450E-04
4.9865E+05 -1.6893E+01 2.8692E+02 6.6650E+01 -8.6847E-02 1.0163E-04
4.5801E+05 -3.2170E+01 3.7872E+02 7.4153E+01 -7.3590E-02 7.7011E-05
5.2675E+05 -6.9721E+00 3.4708E+02 8.1902E+01 -1.1693E-01 1.1152E-04
5.3636E+05 -8.7816E+01 4.8095E+02 5.4552E+01 -2.4140E-02 3.6180E-05
5.4107E+05 -7.2411E+00 3.6917E+02 8.6169E+01 -8.7934E-02 7.8919E-05
5.4168E+05 -1.8436E+01 2.8910E+02 5.2834E+01 -7.1877E-02 9.9469E-05
4.8322E+05 9.3244E+00 5.3402E+02 1.2624E+02 -1.5721E-01 1.0610E-04
5.4373E+05 9.0608E+00 4.7771E+02 8.8874E+01 -8.7200E-02 7.5607E-05
5.2001E+05 8.0990E+00 4.4447E+02 1.0641E+02 -1.1061E-01 8.7263E-05
5.4035E+05 7.1421E+01 4.1649E+02 9.0199E+01 -9.8296E-02 8.6425E-05
4.7362E+05 3.4154E+01 3.5450E+02 6.3860E+01 5.3419E-03 2.9343E-05
5.2677E+05 -1.6109E+01 3.3836E+02 6.8976E+01 -4.5464E-02 5.5933E-05
4.9530E+05 -1.7893E+01 2.9702E+02 6.7775E+01 -9.2463E-02 1.0359E-04
5.6938E+05 1.5336E+01 4.7836E+02 9.5289E+01 -9.4632E-02 6.7649E-05
5.1800E+05 -1.5392E+01 3.4973E+02 8.4147E+01 -1.0554E-01 9.2826E-05
5.2117E+05 -4.2015E+01 4.4980E+02 7.4871E+01 -1.1095E-02 1.9602E-05
4.3645E+05 -9.0364E+00 3.0428E+02 5.5738E+01 5.3316E-02 -3.5099E-06
4.9341E+05 -1.1703E+01 3.4199E+02 6.2181E+01 -6.7575E-02 8.2888E-05
5.2232E+05 -4.4533E+00 3.5566E+02 8.7286E+01 -9.4573E-02 9.3434E-05
5.0587E+05 3.8626E+01 4.9964E+02 8.5247E+01 -1.0852E-01 1.0114E-04
4.5088E+05 1.0608E+01 3.0744E+02 6.6221E+01 -4.2998E-02 6.9634E-05
4.9918E+05 1.0030E+01 4.2673E+02 9.3565E+01 -9.7378E-02 7.9544E-05
4.5004E+05 -2.1537E+01 3.7733E+02 7.5104E+01 -4.5956E-02 6.4073E-05
4.7432E+05 -3.5594E+01 3.1978E+02 6.7114E+01 -4.0982E-02 5.4879E-05
4.5447E+05 3.6025E+01 3.0506E+02 8.3370E+01 -1.4469E-01 1.5217E-04
4.9518E+05 2.4356E+00 2.5591E+02 4.7363E+01 -6.3637E-02 1.1064E-04
4.9079E+05 -8.2009E+01 3.0621E+02 4.7306E+01 -2.0772E-02 6.7406E-05
5.2793E+05 -1.9619E+01 4.0644E+02 8.2997E+01 -5.1795E-02 4.4621E-05
5.3107E+05 -1.5014E+01 3.5175E+02 7.6290E+01 -7.9666E-02 7.7503E-05
5.1926E+05 -2.7863E+01 3.9743E+02 6.5097E+01 -5.2338E-02 5.5872E-05
5.1873E+05 2.9962E+01 4.8748E+02 1.0480E+02 -9.6116E-02 6.5855E-05
4.8876E+05 -4.5782E+01 3.3648E+02 6.3774E+01 -6.3586E-02 7.9438E-05
4.1616E+05 3.9804E+00 3.2829E+02 8.3141E+01 -6.4969E-02 6.0770E-05
4.8946E+05 1.5061E+00 2.7118E+02 6.7627E+01 -8.7568E-02 1.1054E-04
5.1035E+05 -1.3600E+02 3.7670E+02 2.7045E+01 3.2092E-02 1.0665E-08
4.9911E+05 1.5877E+01 2.8851E+02 7.7220E+01 -1.5107E-01 1.7109E-04
5.0226E+05 5.7489E+00 4.8043E+02 1.0492E+02 -8.1263E-02 5.2115E-05
4.6501E+05 -1.1381E+02 4.3325E+02 5.6696E+01 3.4049E-02 -1.5401E-05
5.0177E+05 -1.6334E+01 4.2534E+02 8.8904E+01 -5.8661E-02 4.8409E-05
5.0070E+05 -1.0825E+01 3.9621E+02 7.3962E+01 -3.3463E-02 3.7028E-05
4.9550E+05 -7.7324E+01 4.1894E+02 6.5479E+01 -3.4196E-02 3.9639E-05
4.8237E+05 -1.9421E+01 2.2828E+02 4.7924E+01 -6.4996E-02 1.1129E-04
5.3886E+05 2.4811E+01 3.4128E+02 6.4284E+01 -7.2024E-02 8.9529E-05
4.6793E+05 -1.6292E+01 3.6050E+02 8.0443E+01 -2.9264E-02 4.2622E-05
4.4474E+05 -1.4144E+01 3.5980E+02 7.7371E+01 2.5169E-02 -3.2573E-05
5.3565E+05 -5.3898E+00 3.0614E+02 5.9778E+01 -8.6024E-02 1.0847E-04
5.4581E+05 -2.0500E+01 4.6003E+02 6.9392E+01 -5.9656E-02 5.2647E-05
4.8681E+05 -1.1104E+01 3.0392E+02 6.0377E+01 -7.2226E-02 9.7866E-05
5.1876E+05 -2.6764E+00 3.0489E+02 7.2190E+01 -9.3147E-02 1.0193E-04
5.3890E+05 -1.1274E+01 3.1132E+02 7.0788E+01 -9.0064E-02 1.0083E-04
5.2773E+05 6.6338E-01 2.7377E+02 5.3428E+01 -1.0342E-01 1.3978E-04
3.1272E+05 4.2652E+01 2.6016E+02 2.0319E+02 -4.0713E-01 3.0666E-04
5.5831E+05 -1.1672E+01 3.4772E+02 6.9079E+01 -8.7375E-02 9.1718E-05
5.2008E+05 6.2115E+00 3.0579E+02 6.7795E+01 -1.0193E-01 1.1566E-04
4.4228E+05 -1.3597E+02 3.6766E+02 4.1591E+01 4.4542E-02 -9.0434E-06
5.2411E+05 -5.0465E+01 4.0500E+02 7.3999E+01 -7.1859E-02 6.9769E-05
4.8471E+05 -1.7091E+01 4.7251E+02 1.0313E+02 -5.6077E-02 3.3048E-05
5.3256E+05 -4.1793E+01 3.9884E+02 5.9722E+01 -2.6561E-02 4.3925E-05
5.5693E+05 2.5135E+00 2.4997E+02 5.3014E+01 -9.7515E-02 1.3800E-04
4.6143E+05 -7.0477E+01 3.6936E+02 4.7624E+01 -4.6000E-03 3.0244E-05
4.9406E+05 -7.6543E+01 4.5064E+02 6.9646E+01 9.6325E-03 7.3704E-07
4.9570E+05 1.5806E+01 3.6909E+02 6.6583E+01 -5.4407E-02 7.4450E-05
4.7801E+05 -4.4586E+01 4.1259E+02 9.1198E+01 -6.8407E-02 5.1796E-05
5.2143E+05 -1.6192E+01 4.2463E+02 7.3377E+01 -5.2203E-02 5.7732E-05
4.8132E+05 -5.9651E+01 4.3756E+02 8.2875E+01 -3.1504E-02 3.1250E-05
4.9736E+05 -1.7892E+01 4.1195E+02 8.9680E+01 -1.0432E-01 9.9560E-05
4.8125E+05 3.9982E+00 3.7416E+02 8.1458E+01 -8.2132E-02 7.2884E-05
5.0140E+05 3.2400E+01 3.6560E+02 9.0169E+01 -1.3873E-01 1.2455E-04
4.7200E+05 2.0568E+01 3.4010E+02 8.4008E+01 -1.2260E-01 1.1651E-04
4.4015E+05 9.4432E-02 2.3398E+02 6.1136E+01 -1.0728E-01 1.4891E-04
4.6913E+05 -6.6801E+00 4.0992E+02 6.8656E+01 -3.4871E-02 4.3969E-05
5.1950E+05 -9.0837E+00 3.7858E+02 9.4650E+01 -1.1275E-01 1.0064E-04
5.2378E+05 7.2623E+00 3.1541E+02 6.6818E+01 -9.1288E-02 1.0327E-04
4.5112E+05 -2.2514E+01 4.0188E+02 4.3230E+01 7.0866E-02 -4.6033E-05
4.4099E+05 2.0162E+01 4.7960E+02 1.2108E+02 -4.8142E-03 -1.5345E-05
5.1234E+05 -1.1116E+01 3.5372E+02 8.4882E+01 -7.6333E-02 7.3426E-05
5.5020E+05 -3.0352E+01 4.1365E+02 7.6599E+01 -5.3264E-02 4.6992E-05
5.0238E+05 -4.3671E+00 2.6238E+02 6.3383E+01 -9.9628E-02 1.2851E-04
4.6857E+05 -1.2789E+01 3.1469E+02 6.3499E+01 -6.2469E-02 8.4379E-05
5.4161E+05 4.6650E+00 4.1508E+02 1.0273E+02 -1.3564E-01 1.2037E-04
4.9152E+05 -1.6284E+01 4.5895E+02 8.1896E+01 -5.8382E-02 5.9989E-05
4.8242E+05 3.6285E+01 3.9906E+02 8.9349E+01 -7.7750E-02 6.9019E-05
5.3210E+05 -2.7116E+01 3.1320E+02 6.1329E+01 -7.0899E-02 8.9195E-05
5.2770E+05 3.4497E+01 3.0005E+02 6.7019E+01 -1.5677E-01 1.7437E-04
4.3566E+05 -2.8942E+00 3.8791E+02 9.5007E+01 -7.4709E-02 6.0091E-05
4.9166E+05 -2.0886E+01 4.3015E+02 9.1945E+01 -7.6613E-02 6.7179E-05
5.5903E+05 -1.5396E+01 3.7342E+02 8.1170E+01 -5.9277E-02 5.1084E-05
5.6319E+05 2.6279E+01 4.3877E+02 7.4635E+01 -5.9478E-02 5.9438E-05
5.1883E+05 1.1741E+01 2.4012E+02 5.8408E+01 -1.0798E-01 1.4851E-04
5.2655E+05 -7.0461E+00 3.9065E+02 9.1972E+01 -8.8012E-02 7.1100E-05
4.9475E+05 -6.9955E+01 3.5570E+02 5.6825E+01 -9.6047E-03 3.1947E-05
5.5249E+05 -1.8256E+01 2.2514E+02 4.1481E+01 -8.6309E-02 1.3892E-04
5.3520E+05 -5.4144E+00 3.3866E+02 7.8832E+01 -7.1533E-02 7.0467E-05
5.1558E+05 -1.5154E+01 3.5563E+02 7.3221E+01 -7.4454E-02 8.2496E-05
5.5441E+05 -3.8238E+01 4.2308E+02 6.8821E+01 -7.0734E-02 7.0009E-05
4.7217E+05 -1.0575E+00 3.3301E+02 7.8117E+01 -1.4810E-01 1.5387E-04
4.9089E+05 8.6980E+01 5.9292E+02 1.2684E+02 -1.0176E-01 4.5517E-05
4.5219E+05 8.1502E+00 2.5522E+02 6.5861E+01 -1.0318E-01 1.3167E-04
5.0811E+05 6.0421E+00 2.9334E+02 5.8959E+01 -8.3116E-02 1.0747E-04
5.0000E+05 4.7089E+01 4.4905E+02 1.0644E+02 -1.4955E-01 1.0640E-04
4.3641E+05 2.2455E+01 2.7302E+02 9.4082E+01 -1.3429E-01 1.3089E-04
5.8923E+05 -1.4911E+01 4.8692E+02 6.6295E+01 -5.9868E-02 5.7298E-05
4.9172E+05 4.8186E+01 3.1399E+02 6.9515E+01 -1.2867E-01 1.4481E-04
4.7168E+05 -2.9643E+01 4.2029E+02 7.7634E+01 1.6846E-02 -1.5987E-06
5.5022E+05 -5.7659E+01 2.2354E+02 3.0089E+01 -4.3072E-02 1.0510E-04
5.0522E+05 1.9118E+01 5.1991E+02 1.3188E+02 -1.6820E-01 1.0600E-04
4.6825E+05 -1.0831E+01 3.2453E+02 7.6559E+01 -9.3703E-02 1.0494E-04
4.7303E+05 -6.8565E+01 3.0534E+02 1.4637E+01 7.6189E-02 -1.4149E-05
4.9368E+05 -1.7549E+01 2.5067E+02 5.9184E+01 -1.0835E-01 1.4110E-04
5.4033E+05 -1.3355E+02 4.8820E+02 3.8471E+01 2.3990E-02 -8.2446E-07
5.0068E+05 2.5056E+01 4.3681E+02 1.1913E+02 -1.8127E-01 1.3574E-04
4.9733E+05 3.5778E+00 2.9572E+02 7.5013E+01 -1.2606E-01 1.3428E-04
4.9683E+05 2.6909E+01 3.8200E+02 7.8630E+01 -7.8175E-02 7.5497E-05
5.2479E+05 -3.6487E+00 2.2650E+02 5.5449E+01 -1.0446E-01 1.4639E-04
4.8681E+05 -9.7222E+00 2.2619E+02 5.5247E+01 -9.8791E-02 1.4300E-04
5.0589E+05 1.4356E+01 3.9086E+02 8.9265E+01 -8.7878E-02 7.7474E-05
5.1304E+05 -7.0310E+00 2.6935E+02 5.9391E+01 -9.8609E-02 1.2473E-04
5.2189E+05 1.8698E+01 3.2047E+02 5.9237E+01 -8.1665E-02 1.0103E-04
4.9283E+05 -3.5518E+01 4.2048E+02 8.2088E+01 -3.4406E-02 3.4345E-05
4.8684E+05 -3.0041E+01 2.8077E+02 5.1474E+01 -6.4541E-02 9.5939E-05
4.5173E+05 1.3791E+01 4.0642E+02 1.1678E+02 -9.5534E-02 6.1150E-05
5.2318E+05 -1.1042E-01 4.4860E+02 8.4108E+01 -5.7481E-02 5.0384E-05
4.5438E+05 -4.8059E+00 3.1551E+02 7.9919E+01 -7.8874E-02 9.0708E-05
5.0657E+05 2.6155E+00 2.9997E+02 5.6726E+01 -6.2219E-02 8.5439E-05
5.1826E+05 1.5600E+01 3.8457E+02 8.3321E+01 -9.9197E-02 8.6682E-05
5.5398E+05 -2.5395E+00 2.7685E+02 5.8994E+01 -1.0837E-01 1.3669E-04
5.0925E+05 5.1226E+00 2.9274E+02 5.4674E+01 -7.7893E-02 1.0921E-04
4.7468E+05 -1.5648E+01 2.9950E+02 6.0679E+01 -9.4521E-02 1.1997E-04
4.9778E+05 -3.0547E+01 4.1757E+02 8.4110E+01 -1.0343E-01 1.0189E-04
4.8002E+05 -2.1403E+01 4.6877E+02 8.9845E+01 -5.0262E-02 3.9617E-05
4.8380E+05 -1.1757E+01 3.7100E+02 8.6366E+01 -6.6017E-02 5.7018E-05
5.6836E+05 1.8217E+00 3.3829E+02 8.2971E+01 -9.6153E-02 9.5348E-05
4.8010E+05 -2.0019E+01 3.6069E+02 8.6284E+01 -8.9196E-02 8.4398E-05
5.1597E+05 -1.9007E+01 2.4750E+02 5.7331E+01 -1.0725E-01 1.3973E-04
4.8549E+05 2.5107E+00 4.1514E+02 9.6764E+01 -1.1096E-01 8.9725E-05
5.3021E+05 -1.3426E+01 3.8444E+02 6.8472E+01 -7.8253E-02 7.7582E-05
4.9037E+05 -6.4518E+00 3.5400E+02 7.7922E+01 -5.1834E-02 4.9973E-05
4.9877E+05 -1.6567E+00 4.0032E+02 9.4325E+01 -8.1393E-02 7.5310E-05
4.3159E+05 -3.2200E+01 3.5158E+02 5.5946E+01 4.6791E-02 -5.9360E-06
4.8878E+05 2.3109E+01 2.4149E+02 5.9308E+01 -1.0501E-01 1.4942E-04
4.9269E+05 -1.1357E+02 3.5117E+02 4.6053E+01 -1.2577E-02 3.7877E-05
5.0421E+05 -4.3126E+00 4.4973E+02 8.0427E+01 -4.2387E-02 4.1212E-05
4.4160E+05 -2.5355E+01 4.1669E+02 8.4970E+01 1.3344E-02 -6.2610E-06
5.3752E+05 1.6358E+01 4.5138E+02 7.8463E+01 -4.2358E-04 -4.1315E-06
4.8385E+05 -2.4429E+01 5.2226E+02 1.0921E+02 -9.5867E-02 5.8499E-05
5.1974E+05 1.5891E+01 2.9609E+02 5.8899E+01 -9.6583E-02 1.2177E-04
5.0810E+05 2.8727E+01 2.8846E+02 7.2161E+01 -1.4378E-01 1.6036E-04
5.0855E+05 1.0898E+01 3.1484E+02 7.1499E+01 -1.0243E-01 1.0706E-04
4.7360E+05 -6.7192E+00 4.5512E+02 1.0788E+02 -1.3119E-01 9.3906E-05
5.1248E+05 -1.5265E+02 4.0323E+02 4.1749E+01 -8.7825E-03 3.1070E-05
4.9008E+05 2.1718E+01 3.5327E+02 8.5652E+01 -1.4365E-01 1.3533E-04
5.6408E+05 -1.5254E+01 4.8990E+02 9.7998E+01 -1.1243E-01 8.2338E-05
5.2423E+05 -3.7779E+01 4.4574E+02 6.7090E+01 -2.9856E-02 3.9522E-05
5.3217E+05 -3.3113E+01 4.4990E+02 8.3316E+01 -6.3720E-02 5.9887E-05
5.0797E+05 -1.1094E+01 3.5223E+02 7.7387E+01 -8.6814E-02 8.1670E-05
5.2042E+05 -2.9554E-01 3.6053E+02 7.4105E+01 -6.9731E-02 7.1381E-05
5.6291E+05 -2.7377E+01 3.9153E+02 6.8622E+01 -4.9451E-02 4.8810E-05
5.0967E+05 9.5844E+00 3.0917E+02 6.6434E+01 -1.1503E-01 1.6307E-04
5.3326E+05 -8.7952E+01 3.6038E+02 5.2826E+01 -2.4187E-03 2.1607E-05
5.4233E+05 -7.5467E+00 3.3545E+02 7.2479E+01 -7.1348E-02 8.2511E-05
4.7695E+05 -3.5815E+00 2.7031E+02 6.6608E+01 -1.1393E-01 1.3616E-04
5.2989E+05 -4.9447E+00 4.7055E+02 1.0745E+02 -1.0276E-01 7.1158E-05
4.8658E+05 2.5735E+01 2.8814E+02 6.9157E+01 -1.0916E-01 1.3179E-04
4.8440E+05 -6.9390E+00 3.7719E+02 8.8688E+01 -4.3881E-02 4.1309E-05
5.2000E+05 -2.1865E+01 3.1010E+02 5.9080E+01 -8.3835E-02 1.0195E-04
4.8302E+05 -4.0953E+01 3.6522E+02 7.3038E+01 -8.7561E-03 1.6611E-05
5.4992E+05 1.1916E+00 3.5430E+02 7.7242E+01 -9.9781E-02 9.6325E-05
4.8282E+05 4.5432E+01 5.0423E+02 1.2299E+02 -1.5491E-01 8.8924E-05
5.2967E+05 2.2297E+01 2.9502E+02 6.3112E+01 -1.2571E-01 1.4791E-04
4.8454E+05 -1.3062E+02 4.1986E+02 5.0136E+01 -6.1111E-02 8.1344E-05
5.0569E+05 1.9654E+01 4.6490E+02 1.0275E+02 -1.1374E-01 8.7070E-05
4.7099E+05 -1.9102E+01 5.3652E+02 1.1616E+02 -1.3818E-01 9.0748E-05
5.4124E+05 1.0193E+01 3.5802E+02 8.4955E+01 -1.3279E-01 1.2074E-04
5.0687E+05 -1.4088E+01 2.8127E+02 4.8540E+01 -6.2362E-02 9.8704E-05
4.8157E+05 1.2765E+01 3.3613E+02 8.0105E+01 -7.5926E-02 8.3055E-05
5.1825E+05 3.7848E+01 3.5524E+02 8.2140E+01 -8.4265E-02 8.3523E-05
5.3986E+05 -1.7762E+01 4.1810E+02 7.5174E+01 -3.7100E-02 3.3641E-05
4.7942E+05 -3.4525E+01 4.7575E+02 9.9574E+01 -6.7117E-02 4.4859E-05
5.1807E+05 -1.1645E-01 4.4854E+02 9.2605E+01 -9.5515E-02 7.6301E-05
4.8203E+05 4.1629E-01 2.6676E+02 5.6405E+01 -7.2756E-02 1.0978E-04
5.1513E+05 1.2619E+01 2.9715E+02 7.8563E+01 -1.4326E-01 1.5803E-04
5.3733E+05 -2.7736E+00 4.5532E+02 8.7409E+01 -7.5896E-02 6.8530E-05
4.8483E+05 -3.4579E+00 4.0836E+02 7.6362E+01 -3.4365E-02 3.1961E-05
4.9919E+05 -5.5838E+01 4.0833E+02 8.1194E+01 -2.4056E-02 2.0143E-05
4.2553E+05 -7.3942E+00 2.9076E+02 5.3927E+01 1.4993E-02 1.2019E-05
4.7910E+05 4.9895E+01 5.1257E+02 9.3910E+01 -1.3294E-01 1.3563E-04
5.2644E+05 1.7915E+01 3.7421E+02 6.5338E+01 -6.9327E-02 7.8966E-05
5.0113E+05 1.1439E+01 3.9441E+02 7.3913E+01 -7.0537E-02 7.0003E-05
4.6789E+05 -4.3397E+02 3.9276E+02 1.9261E+01 2.5358E-02 2.5497E-05
5.2593E+05 1.8276E+01 3.7031E+02 8.8892E+01 -1.2269E-01 1.0854E-04
5.1759E+05 1.1261E+01 3.6337E+02 8.4826E+01 -1.1263E-01 1.0640E-04
4.6869E+05 -1.7069E+00 2.9717E+02 8.7018E+01 -1.5073E-01 1.4928E-04
4.7412E+05 5.5485E+01 5.2078E+02 9.5214E+01 5.4376E-02 -5.6450E-05
5.2430E+05 -2.0699E+01 3.2096E+02 5.1363E+01 -6.0680E-02 8.9468E-05
5.0574E+05 1.2010E+01 4.1173E+02 7.9364E+01 -7.7054E-02 6.4465E-05
4.2423E+05 -7.6876E+00 2.8554E+02 6.6180E+01 -5.3204E-02 7.5436E-05
5.1822E+05 1.9911E+01 3.9518E+02 8.9107E+01 -1.2976E-01 1.0892E-04
4.3259E+05 -2.7874E+00 3.7566E+02 8.7924E+01 -6.1419E-03 3.0279E-05
4.5531E+05 -5.1936E+01 3.7048E+02 6.7583E+01 -2.4507E-02 3.5702E-05
4.6872E+05 2.0831E+01 4.7864E+02 1.2510E+02 -9.1409E-02 6.8090E-05
4.6447E+05 1.2094E+01 4.3809E+02 9.3576E+01 -7.6097E-02 1.0775E-04
4.9068E+05 -2.6895E+02 4.2374E+02 3.3045E+01 4.3651E-02 -1.2984E-05
4.9588E+05 -1.0862E+01 2.5347E+02 4.6225E+01 -7.6804E-02 1.2847E-04
4.9782E+05 1.6591E+01 3.3263E+02 7.9385E+01 -1.1414E-01 1.1509E-04
4.7816E+05 -1.3624E+01 4.0237E+02 8.8068E+01 -7.8946E-02 6.2988E-05
5.0083E+05 -6.1882E+01 3.3305E+02 5.7489E+01 -6.2428E-02 1.0461E-04
5.3070E+05 -3.1319E+01 2.8852E+02 4.8762E+01 -7.4093E-02 1.0380E-04
5.7756E+05 2.2253E+01 3.7403E+02 6.7220E+01 -5.3882E-02 6.3518E-05
4.7696E+05 -2.3840E+01 4.4782E+02 7.9888E+01 -1.9133E-02 2.1271E-05
4.3389E+05 -1.6259E+02 4.1392E+02 2.8761E+01 1.0626E-01 -6.4569E-05
4.9590E+05 4.0923E+01 3.8556E+02 6.8919E+01 -8.1777E-02 8.7592E-05
4.6412E+05 -1.0976E+02 3.8084E+02 5.0794E+01 2.7333E-02 8.1462E-06
5.2565E+05 5.1500E+00 3.5031E+02 5.5914E+01 -6.1402E-02 8.1298E-05
4.8707E+05 -3.0010E+01 4.0152E+02 7.0564E+01 -4.7322E-02 4.9662E-05
4.9326E+05 5.3342E+00 4.5836E+02 1.0621E+02 -1.0695E-01 8.1477E-05
5.2656E+05 -9.9897E+00 4.4116E+02 7.4736E+01 -5.0545E-02 5.9639E-05
4.8953E+05 -3.0738E+01 3.9825E+02 8.3325E+01 -7.8131E-02 6.7719E-05
4.6050E+05 -1.1862E+01 3.2012E+02 7.5393E+01 -7.1417E-02 7.9468E-05
4.6038E+05 -2.2605E+01 4.2686E+02 8.0581E+01 1.3377E-02 -4.3576E-06
4.6370E+05 -5.2605E+00 3.2682E+02 8.1046E+01 -9.7901E-02 1.0958E-04
4.6175E+05 -8.1200E+01 4.3552E+02 6.5991E+01 3.2444E-02 -1.0821E-05
5.2668E+05 -1.9292E+01 4.9822E+02 8.3429E+01 -6.8011E-02 5.5298E-05
5.5113E+05 -6.3751E-01 4.1953E+02 8.7632E+01 -1.1507E-01 1.0134E-04
5.3646E+05 2.7332E+01 3.1542E+02 5.6957E+01 -7.7157E-02 9.9100E-05
4.9868E+05 7.7679E+00 4.6459E+02 1.0220E+02 -7.0758E-02 5.1542E-05
5.5247E+05 -2.0221E+01 4.5771E+02 8.6675E+01 -6.4692E-02 4.5922E-05
5.2158E+05 9.4599E+00 4.5230E+02 9.0901E+01 -8.7852E-02 7.2160E-05
4.8201E+05 -2.5571E+02 2.8655E+02 1.3933E+01 2.8866E-02 1.8629E-05
5.0998E+05 -2.7564E+01 3.3648E+02 4.9295E+01 -1.7744E-02 4.7727E-05
5.2513E+05 1.9982E+01 4.5050E+02 1.0920E+02 -1.5879E-01 1.4095E-04
5.1065E+05 1.5110E+01 2.9346E+02 8.2424E+01 -1.1483E-01 1.1354E-04
4.9333E+05 -4.1450E+01 4.3255E+02 5.9578E+01 2.1172E-02 -6.5047E-06
5.0106E+05 2.2268E+01 4.1566E+02 8.0928E+01 -4.0906E-02 4.2884E-05
5.2336E+05 -8.5029E+01 4.5623E+02 6.8675E+01 -5.8647E-02 5.5985E-05
5.4484E+05 -1.3620E+01 3.6635E+02 7.4241E+01 -7.8211E-02 7.7278E-05
4.9937E+05 -8.3359E+01 4.4983E+02 6.7758E+01 -4.7362E-02 5.0446E-05
5.4813E+05 5.9026E-01 3.6712E+02 7.8181E+01 -8.1988E-02 8.6597E-05
5.5708E+05 -1.1548E+01 2.9185E+02 4.1484E+01 -4.8809E-02 8.2383E-05
4.7666E+05 1.1369E+01 3.0380E+02 5.6456E+01 -3.7072E-02 6.3746E-05
5.7344E+05 1.0916E+01 4.9870E+02 7.6545E+01 -7.2623E-02 6.3756E-05
5.1181E+05 -2.9119E+01 2.6979E+02 4.9206E+01 -6.3825E-02 1.0125E-04
5.1674E+05 -2.8627E+01 2.4973E+02 3.8635E+01 -2.6572E-02 8.6777E-05
5.3340E+05 5.0535E+01 4.7880E+02 1.0020E+02 -7.9265E-02 5.6335E-05
5.0554E+05 -9.6815E+00 4.0355E+02 1.0409E+02 -1.3124E-01 9.9497E-05
5.4751E+05 2.1044E+01 4.5676E+02 8.9561E+01 -1.0541E-01 8.3602E-05
4.6100E+05 1.6522E+01 3.3029E+02 6.4836E+01 -7.2841E-02 9.5667E-05
5.1096E+05 -2.4949E+01 3.7521E+02 6.1256E+01 -6.7280E-02 7.4595E-05
5.5181E+05 3.9240E+01 2.9685E+02 6.4630E+01 -1.0893E-01 1.3025E-04
4.9602E+05 2.5593E+01 2.7398E+02 5.8832E+01 -1.1035E-01 1.4257E-04
5.2696E+05 -1.1697E+01 2.5044E+02 5.1551E+01 -9.7173E-02 1.3600E-04
4.1847E+05 -1.4164E+01 3.4833E+02 9.2890E+01 -9.1564E-02 8.6970E-05
5.1359E+05 -4.3849E+01 4.1782E+02 8.2076E+01 -5.2206E-02 5.0798E-05
4.8803E+05 -1.8447E+01 3.4656E+02 5.8580E+01 -6.7835E-02 7.9171E-05
4.4497E+05 -1.8255E+01 3.8268E+02 7.9758E+01 -3.6124E-02 5.9411E-05
4.9293E+05 -6.2733E+01 3.3134E+02 5.5430E+01 9.4935E-03 1.7484E-05
5.3243E+05 -6.3823E+01 3.2108E+02 4.9510E+01 -4.1485E-02 6.4736E-05
5.4501E+05 3.4921E+01 4.0937E+02 7.5175E+01 -9.0310E-02 8.4042E-05
4.6118E+05 -9.5185E+01 3.6984E+02 5.0371E+01 2.4878E-02 -1.1972E-06
5.6007E+05 9.1164E+00 3.2843E+02 5.7997E+01 -1.0147E-01 1.1373E-04
5.2449E+05 -8.0479E+01 4.6160E+02 5.5109E+01 -2.2362E-02 4.2108E-05
4.9485E+05 -1.2109E+01 2.4824E+02 4.7740E+01 -9.1970E-02 1.4110E-04
5.1072E+05 -5.2076E+00 3.3434E+02 6.2835E+01 -7.1695E-02 8.7595E-05
5.2866E+05 -4.2387E+00 3.3470E+02 5.6373E+01 -5.3421E-02 7.8541E-05
5.2015E+05 -1.3487E+01 4.2315E+02 1.0391E+02 -8.3787E-02 6.2821E-05
3.8920E+05 -3.4947E+01 3.0412E+02 6.5437E+01 -1.1760E-02 2.5884E-05
4.4439E+05 -2.5240E+01 4.7036E+02 1.0201E+02 -5.6737E-02 5.3043E-05
5.0200E+05 -2.3127E+01 4.9781E+02 6.9401E+01 -1.3720E-02 2.8335E-05
5.4294E+05 -2.6513E+01 4.2532E+02 7.2430E+01 -2.3344E-02 2.3559E-05
5.0279E+05 -8.8237E+00 2.2030E+02 3.9882E+01 -5.0210E-02 1.1065E-04
5.1983E+05 -2.7373E-01 3.7146E+02 7.5093E+01 -7.8783E-02 7.6470E-05
5.2324E+05 -1.9204E+01 3.6064E+02 7.7799E+01 -8.0102E-02 7.5426E-05
4.8041E+05 2.1924E+01 4.5792E+02 1.0136E+02 -1.0175E-01 7.7450E-05
4.9500E+05 -4.0995E+01 4.1647E+02 6.3044E+01 -4.5063E-02 5.6904E-05
5.4625E+05 -1.8810E+01 3.3884E+02 6.9213E+01 -5.8517E-02 7.4864E-05
5.4039E+05 -2.5756E+01 4.4234E+02 8.0505E+01 -5.6714E-02 4.8676E-05
5.0849E+05 1.2594E+01 3.3659E+02 5.5717E+01 -5.9795E-02 8.3408E-05
4.9725E+05 -1.0822E+01 2.6405E+02 5.4532E+01 -7.9768E-02 1.2216E-04
4.7797E+05 -1.5554E+01 4.5636E+02 7.8104E+01 3.6369E-02 -3.8490E-05
5.3184E+05 -5.2606E+00 4.5052E+02 7.4257E+01 -6.7706E-02 6.5856E-05
5.1073E+05 -4.5928E+00 3.7974E+02 8.4312E+01 -8.7189E-02 9.9203E-05
4.7687E+05 2.8005E+01 3.2754E+02 8.9629E+01 -1.4957E-01 1.3849E-04
5.1896E+05 3.1699E+01 4.0827E+02 7.9148E+01 -1.0987E-01 9.8425E-05
5.6209E+05 6.2515E+00 3.7164E+02 6.6237E+01 -8.9370E-02 9.3435E-05
4.8006E+05 -2.7622E+01 3.3285E+02 5.9774E+01 -4.0079E-02 6.7912E-05
4.8961E+05 -1.5294E+01 3.7265E+02 7.8269E+01 -1.0265E-01 9.3330E-05
5.0146E+05 -6.4907E+00 2.6806E+02 3.9465E+01 -3.7997E-02 9.5239E-05
4.9124E+05 -2.6891E+02 4.0024E+02 2.7507E+01 5.5579E-02 -1.3045E-05
4.1670E+05 -1.0908E+01 4.5961E+02 1.2155E+02 -1.3381E-01 1.2838E-04
5.4794E+05 3.8833E+01 3.7119E+02 7.2851E+01 -1.2736E-01 1.3061E-04
5.2417E+05 -1.2164E+01 5.0041E+02 8.3910E+01 -7.1209E-02 7.3902E-05
4.9949E+05 -2.4848E+00 3.9745E+02 8.1124E+01 -5.6227E-02 5.7549E-05
5.5185E+05 -2.9523E+01 3.8905E+02 7.6674E+01 -8.6979E-02 8.2956E-05
5.5428E+05 4.8407E+01 3.6369E+02 7.1211E+01 -1.0560E-01 1.0838E-04
4.9522E+05 -1.6895E+01 4.0696E+02 8.2871E+01 -8.7250E-02 9.0514E-05
5.0752E+05 -1.3307E+01 3.5197E+02 8.2222E+01 -1.1279E-01 1.0447E-04
5.2689E+05 -2.4223E+01 4.3012E+02 5.1656E+01 -2.6643E-02 4.4399E-05
4.6292E+05 4.6218E+01 3.2635E+02 6.3755E+01 -1.0505E-01 1.2554E-04
5.1438E+05 -1.1014E+01 3.0009E+02 5.4945E+01 -7.3724E-02 1.0038E-04
5.0036E+05 3.6539E+01 5.4657E+02 1.0806E+02 -1.0462E-01 6.8172E-05
5.1008E+05 -9.6922E+00 4.3991E+02 7.9990E+01 -4.4380E-02 4.4461E-05
4.5914E+05 -2.2260E+01 3.0795E+02 5.4795E+01 -4.7921E-02 7.4297E-05
5.1353E+05 -1.7878E+01 4.2210E+02 6.9516E+01 -6.2372E-02 6.2307E-05
4.7534E+05 -2.4587E+01 3.2790E+02 5.7636E+01 1.1649E-02 1.3954E-05
5.0140E+05 -1.1819E+02 4.2836E+02 5.6747E+01 -1.0707E-02 2.8450E-05
5.5927E+05 6.1547E+01 3.4363E+02 7.8492E+01 -1.2894E-01 1.2767E-04
4.8820E+05 2.7206E+01 4.2772E+02 9.3222E+01 -7.2667E-02 5.4990E-05
4.8104E+05 6.1294E+00 3.7027E+02 8.8109E+01 -7.2589E-02 6.1560E-05
5.2987E+05 -1.3799E+01 4.1491E+02 7.8956E+01 -8.9212E-02 8.9058E-05
4.6145E+05 -1.2206E+00 2.8989E+02 6.9317E+01 -9.5302E-02 1.1312E-04
4.8139E+05 -3.0711E+01 3.0319E+02 5.6426E+01 -2.9177E-02 5.2010E-05
4.8227E+05 -1.9289E+01 2.7373E+02 5.6447E+01 -6.7376E-02 9.4551E-05
4.8045E+05 1.4175E+01 4.0788E+02 8.9988E+01 -1.1615E-01 9.1088E-05
5.4037E+05 -1.3857E+00 2.9716E+02 6.1036E+01 -8.3575E-02 1.0824E-04
4.9146E+05 1.0974E+01 2.8708E+02 6.2614E+01 -9.1105E-02 1.1968E-04
4.9977E+05 8.3400E+00 4.1021E+02 9.5280E+01 -7.2540E-02 6.4066E-05
4.9456E+05 -2.0047E+01 4.2895E+02 9.0948E+01 -9.6968E-02 1.0076E-04
4.8957E+05 -3.0660E+00 4.3304E+02 8.2063E+01 -7.5809E-02 6.7216E-05
5.0952E+05 -4.0309E+01 3.6671E+02 6.6764E+01 -4.4655E-02 4.7954E-05
5.3552E+05 2.9941E+01 2.8604E+02 6.1372E+01 -1.1313E-01 1.3952E-04
5.0264E+05 -4.8965E+01 4.1669E+02 8.3818E+01 -5.4697E-02 4.9318E-05
4.2855E+05 -1.2893E+01 3.2217E+02 5.9578E+01 -3.4127E-02 5.3576E-05
5.1508E+05 -3.9456E+01 4.2232E+02 7.9044E+01 -6.6347E-02 7.0778E-05
4.7929E+05 -5.5787E+01 3.7347E+02 6.5455E+01 -3.0378E-02 4.4105E-05
4.4153E+05 2.0593E+01 3.2401E+02 1.1625E+02 -1.6946E-01 1.3317E-04
4.9400E+05 -8.2836E+01 2.3864E+02 2.6452E+01 2.1783E-03 5.5683E-05
4.9478E+05 3.0156E+01 4.6645E+02 1.1784E+02 -1.2840E-01 9.9682E-05
5.4026E+05 3.3771E+00 2.7652E+02 6.0297E+01 -1.1744E-01 1.4152E-04
5.2507E+05 -1.8312E+01 3.8510E+02 8.2006E+01 -7.6774E-02 8.0929E-05
4.6394E+05 8.4374E+00 4.0733E+02 1.2067E+02 -1.7384E-01 1.3387E-04
4.9003E+05 -6.9479E+01 4.7683E+02 6.9389E+01 -3.8174E-02 4.2795E-05
5.6817E+05 4.7885E-01 3.0697E+02 4.8280E+01 -6.5161E-02 9.3528E-05
5.1322E+05 -1.6536E+01 4.2646E+02 9.2997E+01 -7.4332E-02 5.8462E-05
5.3076E+05 -4.4022E+01 4.8086E+02 7.4858E+01 -6.8216E-02 7.2667E-05
5.0036E+05 -5.5438E+01 3.4534E+02 5.7123E+01 -6.3921E-02 8.0234E-05
4.6599E+05 -1.4712E+01 2.2636E+02 5.1766E+01 -9.7552E-02 1.5433E-04
4.5682E+05 -3.0533E+00 2.8114E+02 7.3749E+01 -1.1184E-01 1.2326E-04
5.0701E+05 -4.9112E+00 3.0566E+02 7.2763E+01 -1.1103E-01 1.2021E-04
5.4317E+05 4.6774E+01 4.7743E+02 9.2093E+01 -9.2702E-02 6.9041E-05
5.1383E+05 -1.6025E+01 3.7363E+02 7.0973E+01 -6.2610E-02 6.0687E-05
5.3098E+05 -1.1900E+02 4.0139E+02 3.2204E+01 4.9428E-02 -1.5157E-05
5.4668E+05 1.1196E+00 2.2055E+02 5.2107E+01 -9.2135E-02 1.4058E-04
5.4684E+05 1.1081E+01 2.9967E+02 6.3550E+01 -1.0454E-01 1.2410E-04