3.9742E+04 2.2132E+01 3.3015E+02 1.5224E+02 -3.7019E-01 3.4467E-04
2.7765E+04 2.6597E+01 2.9240E+02 1.7852E+02 -2.2920E-01 1.5892E-04
4.2472E+04 6.6417E+00 1.7502E+02 6.2412E+01 -1.1427E-01 1.8847E-04
4.3777E+04 -1.1581E+01 2.8808E+02 9.1155E+01 -1.4051E-01 1.5154E-04
3.9613E+04 2.0354E+01 2.4944E+02 7.9431E+01 -1.4531E-01 1.8483E-04
4.3411E+04 2.9959E+01 4.0125E+02 9.9434E+01 -8.4799E-02 1.0165E-04
3.6725E+04 9.5745E+00 2.7548E+02 1.1127E+02 -1.9100E-01 1.8615E-04
4.2790E+04 2.3502E+01 4.0755E+02 1.1688E+02 -1.4901E-01 1.5963E-04
4.7183E+04 6.2211E+00 3.7257E+02 1.0435E+02 -1.4092E-01 1.2113E-04
4.4481E+04 5.8144E+00 2.3998E+02 6.6305E+01 -1.1656E-01 1.6508E-04
4.0335E+04 -8.8525E+00 3.3589E+02 8.0300E+01 -1.1803E-02 2.3608E-05
4.6636E+04 3.9534E+01 3.3960E+02 9.8812E+01 -1.2079E-01 1.2565E-04
4.0169E+04 4.0374E+01 3.8445E+02 1.0452E+02 -1.0573E-01 1.1528E-04
4.1802E+04 -3.0888E+00 3.9884E+02 1.1223E+02 -1.5020E-01 1.1950E-04
4.9463E+04 -3.9074E+01 3.7290E+02 6.5474E+01 -3.7997E-02 5.8561E-05
4.7102E+04 -5.4286E+01 1.6133E+02 2.6608E+01 -2.7653E-02 1.1956E-04
4.3960E+04 7.6303E-01 3.4948E+02 1.0615E+02 -1.0631E-01 8.9149E-05
4.3402E+04 -2.4532E+00 2.0018E+02 5.5894E+01 -1.0496E-01 1.7552E-04
4.4742E+04 1.5477E+01 2.3195E+02 6.7959E+01 -1.0210E-01 1.5333E-04
3.9370E+04 -1.6345E+01 2.7811E+02 8.8503E+01 -8.0420E-02 9.6190E-05
4.5763E+04 -8.5070E+00 2.6320E+02 8.5130E+01 -1.4443E-01 1.6643E-04
4.3181E+04 1.9593E+01 3.1624E+02 1.0485E+02 -1.9733E-01 1.9362E-04
4.9835E+04 -3.0704E+01 2.7465E+02 6.1313E+01 -8.6175E-02 1.2252E-04
4.0373E+04 -5.5607E+00 3.7395E+02 1.2406E+02 -1.3466E-01 1.0878E-04
5.1999E+04 4.8748E+01 3.6549E+02 8.5069E+01 -1.6445E-01 1.7422E-04
4.0363E+04 -1.1889E+01 3.2269E+02 8.8613E+01 -8.1913E-02 1.1774E-04
3.8380E+04 -2.0601E+02 3.2824E+02 3.1367E+01 1.0104E-01 -3.7267E-05
3.5075E+04 2.9741E+00 3.4160E+02 1.5066E+02 -2.8738E-01 2.3105E-04
4.2503E+04 -1.9483E+01 2.3477E+02 4.1879E+01 -2.4770E-02 9.4203E-05
4.2919E+04 5.8484E+01 3.1140E+02 7.4834E+01 -1.4942E-01 1.7700E-04
4.4500E+04 -8.2728E+01 2.8305E+02 4.8622E+01 -4.4134E-02 8.3566E-05
4.6170E+04 1.1171E+01 2.8619E+02 1.1128E+02 -1.8469E-01 1.7641E-04
4.2089E+04 -8.9095E+00 2.3485E+02 5.4117E+01 -1.0170E-01 1.6230E-04
4.8892E+04 3.3006E+01 3.4002E+02 9.2636E+01 -5.9676E-02 7.7774E-05
5.1586E+04 1.4422E+01 3.3657E+02 1.0959E+02 -2.6236E-01 2.7235E-04
4.5308E+04 -1.9082E+01 3.8072E+02 7.4558E+01 -1.4131E-02 3.8313E-05
4.7106E+04 -2.4636E+00 2.0015E+02 5.1224E+01 -1.0470E-01 1.6991E-04
4.7093E+04 -2.5977E+01 2.6931E+02 6.6512E+01 -1.1782E-01 1.5991E-04
4.8759E+04 7.4727E+01 3.9903E+02 9.6115E+01 -1.3188E-01 1.1880E-04
4.3347E+04 1.6096E+00 2.4865E+02 6.6315E+01 -1.3473E-01 1.7952E-04
3.9973E+04 1.0873E+00 2.0854E+02 7.7596E+01 -1.1787E-01 1.6301E-04
4.1924E+04 -3.9168E+00 1.9550E+02 5.0764E+01 -4.6872E-02 1.1503E-04
4.2295E+04 2.5011E+00 3.0954E+02 9.4154E+01 -1.1552E-01 1.1308E-04
4.7674E+04 2.5984E+01 2.9078E+02 8.2772E+01 -1.0118E-01 1.1844E-04
4.3632E+04 -1.0936E+02 2.7445E+02 1.7536E+01 9.1401E-02 -2.0680E-05
4.6146E+04 2.6659E+01 4.0488E+02 1.3948E+02 -2.2848E-01 1.9214E-04
4.3383E+04 -2.3488E+01 1.7996E+02 4.0862E+01 -5.4565E-02 1.4163E-04
4.7255E+04 -1.2889E+01 3.0203E+02 8.5485E+01 -1.5942E-01 1.6239E-04
4.2190E+04 1.3407E+01 3.4160E+02 1.0520E+02 -1.8653E-01 1.7875E-04
3.9481E+04 -2.0749E+00 2.8345E+02 9.3742E+01 -1.2502E-01 1.3675E-04
4.1311E+04 -3.0764E+01 1.7322E+02 4.2548E+01 -5.0498E-02 1.2920E-04
4.3914E+04 -1.7471E+01 3.0850E+02 6.3680E+01 2.4226E-02 1.8860E-05
4.8856E+04 3.4183E+00 2.7783E+02 6.1946E+01 -8.9702E-02 1.2028E-04
4.3718E+04 -1.5722E+01 2.0619E+02 5.6177E+01 -8.9612E-02 1.4977E-04
4.5029E+04 2.0659E+01 3.4383E+02 7.7512E+01 -1.1643E-01 1.3936E-04
4.1119E+04 5.3066E+00 2.1094E+02 6.9386E+01 -1.2062E-01 1.7400E-04
3.9928E+04 1.7974E+01 3.0872E+02 1.0123E+02 -9.6643E-02 8.7433E-05
4.4824E+04 -2.9516E+01 2.3448E+02 6.4524E+01 -7.7815E-02 1.1763E-04
4.4245E+04 -2.4114E+01 3.2768E+02 7.4393E+01 -3.2147E-02 5.8509E-05
4.8129E+04 4.4178E+00 1.7621E+02 4.9112E+01 -6.9369E-02 1.4598E-04
3.6617E+04 6.2455E+00 3.8708E+02 1.6666E+02 -1.9567E-01 1.3694E-04
4.6162E+04 8.9071E+01 5.2525E+02 1.7367E+02 -2.5696E-01 1.7031E-04
4.8877E+04 7.4910E+00 3.7260E+02 5.9151E+01 -6.5743E-02 1.1140E-04
4.8332E+04 -5.6327E+00 2.7534E+02 8.2035E+01 -1.4041E-01 1.5841E-04
3.9278E+04 -5.1427E+01 3.0007E+02 7.0935E+01 2.1617E-02 2.7303E-05
4.2256E+04 -8.9109E-01 2.6446E+02 1.0109E+02 -2.1467E-01 2.1624E-04
4.0141E+04 3.8751E-01 3.4089E+02 9.3906E+01 -4.1053E-02 6.8094E-05
4.7098E+04 3.4990E+01 2.5425E+02 7.2135E+01 -1.4835E-01 1.8532E-04
3.6674E+04 -1.7008E+01 4.7716E+02 1.8327E+02 -2.5542E-01 1.4784E-04
4.3311E+04 5.8090E+00 3.2196E+02 1.0524E+02 -1.4207E-01 1.4814E-04
4.5945E+04 1.9026E+01 3.4182E+02 8.8055E+01 -1.4492E-01 1.3993E-04
4.3951E+04 7.8675E+00 2.7469E+02 8.5189E+01 -1.2226E-01 1.4830E-04
4.7250E+04 8.3621E+01 4.7351E+02 1.0891E+02 -1.4939E-01 1.4281E-04
4.0433E+04 -2.5383E+00 3.3320E+02 1.0089E+02 -4.4658E-02 4.0344E-05
4.1069E+04 -1.4135E+02 4.2818E+02 5.5248E+01 4.1367E-02 -1.8417E-05
4.5330E+04 -2.8932E-01 2.0535E+02 6.7261E+01 -1.0895E-01 1.5875E-04
4.5444E+04 -1.9694E+01 2.3968E+02 6.6808E+01 -1.0284E-01 1.3986E-04
4.9125E+04 1.9743E+01 3.4973E+02 7.0710E+01 -1.3182E-01 1.4148E-04
3.6926E+04 6.5459E+00 2.7752E+02 1.0419E+02 -1.9827E-01 2.0763E-04
4.8853E+04 -6.6672E+01 2.7532E+02 5.2847E+01 -5.4097E-02 9.6104E-05
4.3726E+04 -1.5020E+01 1.8802E+02 4.2493E+01 -8.3817E-02 1.6877E-04
4.7970E+04 2.3574E+01 2.4144E+02 6.6301E+01 -1.3463E-01 1.8045E-04
4.7247E+04 -1.7733E+01 2.8943E+02 6.5044E+01 -9.1299E-02 1.1875E-04
4.3328E+04 -1.5238E+01 3.6051E+02 8.4933E+01 -3.1781E-02 4.9830E-05
4.7439E+04 1.3485E+00 3.2314E+02 1.1355E+02 -1.6791E-01 1.4662E-04
4.1643E+04 -6.8668E+00 3.0887E+02 9.3605E+01 -7.9801E-02 9.4933E-05
4.0615E+04 1.0107E+01 2.7115E+02 9.4993E+01 -2.0848E-01 2.2433E-04
4.1119E+04 -2.3764E+01 2.5324E+02 3.6523E+01 8.2427E-02 2.1650E-05
4.3317E+04 3.2267E+01 3.7149E+02 1.2127E+02 -1.6804E-01 1.3673E-04
4.4024E+04 1.2005E+01 4.0431E+02 1.1079E+02 -1.3030E-01 1.2372E-04
4.0425E+04 -1.8831E+01 2.8432E+02 4.9148E+01 7.3027E-02 -1.1798E-05
4.0051E+04 2.7099E+01 3.3742E+02 1.0903E+02 -1.1667E-01 1.3345E-04
4.9177E+04 -1.0971E+01 2.8639E+02 8.8296E+01 -1.1864E-01 1.3366E-04
4.3474E+04 2.7580E+01 3.6105E+02 7.7465E+01 -7.3597E-02 8.3453E-05
4.9005E+04 5.2710E+01 3.6475E+02 7.5986E+01 -1.4223E-01 1.4758E-04
4.7329E+04 1.2677E+01 2.1025E+02 5.5177E+01 -1.0710E-01 1.7148E-04
3.9545E+04 2.0805E+00 2.7308E+02 6.3483E+01 9.3558E-03 6.8993E-05
5.1473E+04 9.1493E+01 3.1490E+02 8.2934E+01 -2.0663E-01 2.2525E-04
3.7003E+04 -1.2464E+01 3.2423E+02 7.7151E+01 -5.2707E-02 7.1305E-05
3.9389E+04 -5.5828E+01 3.5767E+02 5.4354E+01 1.8964E-02 5.2920E-06
4.4790E+04 6.8103E+01 3.7743E+02 1.1665E+02 -2.0722E-01 1.7500E-04
4.4557E+04 2.8521E+00 3.4800E+02 8.5755E+01 -8.9751E-02 9.3450E-05
4.8253E+04 2.8856E+00 4.0930E+02 9.3344E+01 -8.4135E-02 7.6366E-05
4.7324E+04 -9.6731E+00 3.6716E+02 1.1958E+02 -1.4092E-01 1.2238E-04
4.7092E+04 -6.2765E+01 3.2786E+02 7.1531E+01 -3.4448E-02 5.2867E-05
4.2551E+04 2.3341E+01 2.6980E+02 5.9985E+01 -5.9752E-02 1.1300E-04
4.9372E+04 -7.4340E+00 3.6671E+02 1.0402E+02 -1.7419E-01 1.6247E-04
4.0558E+04 -6.0504E+01 4.0090E+02 6.4345E+01 -5.1300E-02 7.2280E-05
4.9118E+04 -2.0231E+01 3.3552E+02 6.5242E+01 -3.5328E-02 6.9635E-05
3.7917E+04 1.6566E+01 3.3690E+02 1.2362E+02 -2.5968E-01 2.3287E-04
3.8442E+04 -1.2921E+00 2.0539E+02 6.8794E+01 -1.2525E-01 1.8237E-04
4.5609E+04 -9.3708E+00 3.2658E+02 8.6795E+01 -1.3796E-01 1.4009E-04
4.6309E+04 -8.5467E+00 2.4094E+02 7.6756E+01 -1.5937E-01 2.0480E-04
4.0861E+04 -2.0156E-01 2.1096E+02 6.9798E+01 -1.2947E-01 1.8673E-04
5.2874E+04 -4.5599E+01 4.1099E+02 6.9403E+01 -7.6891E-02 8.2197E-05
4.7018E+04 3.6191E+01 2.2651E+02 6.7864E+01 -1.4780E-01 2.0132E-04
4.0405E+04 -1.2700E+00 2.2591E+02 7.5918E+01 -1.1952E-01 1.5790E-04
4.3274E+04 -3.6096E+01 2.5342E+02 5.9462E+01 -5.2098E-02 9.3106E-05
4.3325E+04 -9.6699E+00 2.9952E+02 6.7289E+01 -1.0617E-01 1.3239E-04
4.5079E+04 -1.3960E+01 2.7280E+02 6.8550E+01 -7.1631E-02 9.9802E-05
4.2986E+04 -5.3942E+00 2.6933E+02 6.1512E+01 -5.9840E-02 1.0218E-04
4.3426E+04 -3.4191E+00 2.2818E+02 6.8373E+01 -9.8426E-02 1.4535E-04
4.6627E+04 -1.7279E+01 2.4687E+02 5.9096E+01 -8.8510E-02 1.3456E-04
4.6236E+04 -8.8415E+00 3.2836E+02 8.1177E+01 -7.7406E-02 8.8732E-05
5.5035E+04 -6.8979E+00 3.7719E+02 8.1693E+01 -9.1348E-02 9.0463E-05
4.4090E+04 -1.1325E+01 3.7341E+02 1.0359E+02 -6.7736E-02 4.6776E-05
4.3484E+04 -1.9455E+01 2.0821E+02 5.1425E+01 -8.9196E-02 1.5444E-04
4.3319E+04 -1.8848E+01 2.3483E+02 7.7566E+01 -1.5622E-01 1.8737E-04
4.4364E+04 3.6358E+01 3.9227E+02 8.3293E+01 -9.9032E-02 9.7822E-05
4.5387E+04 -1.0200E+01 3.3651E+02 9.3834E+01 -1.0681E-01 1.0411E-04
4.4729E+04 7.4576E+00 2.5865E+02 7.4594E+01 -7.6505E-02 1.0635E-04
4.4365E+04 -5.2716E+00 1.9474E+02 4.9475E+01 -9.3103E-02 1.6592E-04
4.1197E+04 8.1166E+00 2.6242E+02 7.8243E+01 -1.5286E-01 1.8462E-04
3.9228E+04 3.8020E+01 3.9573E+02 1.4865E+02 -2.0123E-01 1.4451E-04
4.5471E+04 -1.2070E+02 4.0557E+02 2.2657E+01 1.0926E-01 -4.3616E-05
4.1258E+04 3.1773E+00 2.8521E+02 9.4487E+01 -1.1508E-01 1.2297E-04
4.2594E+04 -1.9437E+01 3.9155E+02 6.5172E+01 -4.3545E-02 7.8375E-05
4.5379E+04 4.7377E+00 3.2717E+02 1.0147E+02 -7.8661E-02 7.2985E-05
4.4965E+04 -3.2103E+01 3.3066E+02 7.9025E+01 -9.2549E-02 1.1708E-04
4.6585E+04 -2.3256E+01 2.3884E+02 5.8868E+01 -9.8346E-02 1.4036E-04
4.4118E+04 2.9370E+01 3.3641E+02 9.4116E+01 -1.2976E-01 1.2761E-04
4.6424E+04 -8.8382E+01 2.9410E+02 3.2642E+01 3.8988E-02 1.8642E-05
4.1326E+04 -1.0931E+01 2.7428E+02 8.4160E+01 -1.8647E-01 2.1069E-04
3.7607E+04 -1.5892E+01 3.4023E+02 8.6325E+01 5.2208E-02 -1.1736E-05
4.7122E+04 -7.9614E+00 3.2950E+02 9.8681E+01 -1.3713E-01 1.3207E-04
4.6071E+04 2.5204E+01 2.7654E+02 7.4408E+01 -1.4112E-01 1.7123E-04
4.5642E+04 8.7184E+00 3.1807E+02 8.1006E+01 -9.9954E-02 1.1476E-04
4.7433E+04 -2.2232E+01 3.8899E+02 7.6976E+01 -4.6338E-02 6.1870E-05
4.2182E+04 -6.8422E+01 3.3053E+02 2.7072E+01 6.7439E-02 3.4819E-05
4.4649E+04 -1.4575E-01 2.6376E+02 7.9279E+01 -1.3396E-01 1.6115E-04
4.5568E+04 -1.0207E+02 3.1619E+02 5.3538E+01 3.5914E-03 3.8907E-05
3.2219E+04 -1.9283E+00 2.7405E+02 9.3445E+01 1.2210E-02 1.6045E-05
4.0780E+04 -2.2886E+01 2.0487E+02 4.8288E+01 -4.2463E-02 1.0646E-04
4.0343E+04 3.2744E+00 2.6192E+02 1.0812E+02 -2.0070E-01 1.9871E-04
4.8438E+04 1.4539E+01 4.2953E+02 1.2049E+02 -1.8009E-01 1.3812E-04
4.5516E+04 -2.1473E+01 1.9244E+02 3.9670E+01 -6.3338E-02 1.4295E-04
4.4502E+04 1.0372E+01 3.2057E+02 8.8581E+01 -6.7750E-02 1.1783E-04
4.4911E+04 -1.5338E+01 3.6269E+02 1.1718E+02 -1.7486E-01 1.5799E-04
5.4889E+04 1.4305E+01 3.6778E+02 1.1356E+02 -2.3284E-01 2.2152E-04
4.8184E+04 4.8580E+01 3.4928E+02 1.1369E+02 -2.0705E-01 1.8086E-04
4.7634E+04 -5.8207E-01 2.0077E+02 4.8738E+01 -1.0236E-01 1.7700E-04
4.3368E+04 -1.7665E+01 3.7111E+02 8.6634E+01 -3.9929E-02 5.2066E-05
4.2953E+04 3.7879E+00 3.5425E+02 1.2807E+02 -1.9796E-01 1.5986E-04
4.5479E+04 3.1051E+01 3.7753E+02 8.1382E+01 -7.7445E-02 9.7675E-05
4.7071E+04 4.5046E+01 3.4395E+02 7.2481E+01 -6.5424E-02 7.8018E-05
4.0377E+04 2.5077E+00 3.1879E+02 9.4356E+01 -3.7619E-02 5.7013E-05
4.5576E+04 2.4965E+01 2.2940E+02 7.0695E+01 -1.0776E-01 1.5743E-04
4.3131E+04 -2.2039E+01 4.2868E+02 9.9954E+01 -1.2636E-01 1.0934E-04
4.8203E+04 1.7400E+01 3.9580E+02 1.1540E+02 -1.7897E-01 1.7375E-04
5.7180E+04 4.0961E+01 3.4555E+02 8.5339E+01 -1.4465E-01 1.4587E-04
4.5894E+04 -4.3213E+01 3.1072E+02 7.1498E+01 -4.9381E-02 7.2351E-05
4.3208E+04 2.4248E+01 4.3853E+02 1.4703E+02 -3.1589E-01 3.1434E-04
4.0305E+04 -3.6449E+01 3.5694E+02 6.0385E+01 -1.4273E-02 1.1164E-04
4.8842E+04 -8.9938E+00 3.6480E+02 8.7681E+01 -1.4691E-01 1.4818E-04
4.9094E+04 -1.9376E+01 3.2300E+02 5.6937E+01 -4.2547E-02 8.6097E-05
4.7314E+04 1.4734E+01 3.0932E+02 8.7972E+01 -1.5933E-01 1.7045E-04
4.6920E+04 1.9895E+01 3.0374E+02 1.0958E+02 -1.9341E-01 1.8506E-04
4.6675E+04 -6.9485E+00 2.1047E+02 5.5251E+01 -7.4560E-02 1.3649E-04
4.6033E+04 -2.5780E+01 3.9693E+02 1.0565E+02 -1.4981E-01 1.3446E-04
3.7422E+04 -4.2168E+00 3.3816E+02 1.0381E+02 -2.6594E-04 -8.6015E-06
4.4585E+04 -2.8546E+00 2.6745E+02 4.2123E+01 -1.6555E-02 7.9940E-05
3.9070E+04 -1.1252E+00 2.6901E+02 6.8384E+01 -7.9774E-02 1.4223E-04
4.6820E+04 -8.3488E+00 3.2920E+02 9.3152E+01 -9.0450E-02 1.0263E-04
4.1733E+04 -5.0390E+01 3.3353E+02 4.6881E+01 5.1797E-02 -6.2193E-06
3.8299E+04 -7.2747E+01 2.5394E+02 1.8765E+01 1.4570E-01 -5.9308E-05
4.8896E+04 1.5419E+01 3.8467E+02 1.1521E+02 -1.9548E-01 1.5657E-04
5.0843E+04 3.7106E+00 2.3257E+02 6.9381E+01 -1.3299E-01 1.7561E-04
4.5178E+04 -3.0244E+01 3.1528E+02 9.1546E+01 -1.2857E-01 1.2237E-04
4.3206E+04 3.7998E+01 2.7047E+02 6.0608E+01 -1.3108E-02 5.9964E-05
4.6621E+04 1.2710E+01 3.9048E+02 1.3922E+02 -2.1473E-01 1.4908E-04
5.0496E+04 1.1020E+00 1.6982E+02 5.8239E+01 -1.0121E-01 1.7450E-04
3.9418E+04 1.1610E+01 4.2481E+02 1.4354E+02 -7.6893E-03 -4.1071E-05
4.7036E+04 8.1991E+00 2.0469E+02 4.9497E+01 -9.0210E-02 1.6501E-04
4.0511E+04 1.4139E+01 2.2885E+02 6.4406E+01 -8.6770E-02 1.4144E-04
4.6380E+04 -2.5835E+01 3.0885E+02 6.7106E+01 -6.9260E-02 9.9868E-05
3.8675E+04 -3.7433E+01 2.8601E+02 5.5265E+01 2.6193E-03 5.5084E-05
4.5189E+04 -6.0629E+01 2.9894E+02 6.3430E+01 -6.0015E-02 8.0416E-05
4.9127E+04 -1.0805E+01 2.4328E+02 5.2641E+01 -7.9447E-02 1.3189E-04
4.5823E+04 -3.5417E+01 3.3785E+02 7.7153E+01 -1.8957E-02 4.0984E-05
4.4147E+04 8.0909E-01 2.4488E+02 7.6097E+01 -1.3977E-01 1.7339E-04
4.1237E+04 2.8941E+01 2.7003E+02 7.5092E+01 -8.2357E-02 1.1688E-04
4.9485E+04 -3.6783E+00 2.3536E+02 7.0265E+01 -1.2754E-01 1.6203E-04
4.8617E+04 2.4348E+01 3.3028E+02 9.6546E+01 -1.4824E-01 1.7993E-04
4.5042E+04 1.1894E+01 3.1853E+02 7.2389E+01 -1.3097E-01 1.5682E-04
4.1587E+04 -1.3482E+01 4.1845E+02 1.1027E+02 -8.2063E-02 5.7591E-05
4.7265E+04 8.5830E+00 4.2467E+02 1.0870E+02 -1.3704E-01 1.0724E-04
4.9734E+04 2.9013E+01 3.4044E+02 8.5583E+01 -1.1453E-01 1.2097E-04
5.2490E+04 2.7472E+01 3.9846E+02 9.9679E+01 -1.3995E-01 1.2203E-04
4.2306E+04 1.5654E+01 3.1854E+02 1.2527E+02 -2.3917E-01 2.1448E-04
4.0633E+04 1.2780E+01 2.7907E+02 7.8674E+01 -1.7537E-01 2.0329E-04
5.0329E+04 -6.5670E+00 2.8426E+02 8.1808E+01 -1.1972E-01 1.2946E-04
4.6294E+04 -1.2072E+01 2.7067E+02 6.6293E+01 -8.7792E-02 1.1516E-04
3.7843E+04 5.0493E+00 3.0119E+02 7.8629E+01 -2.6072E-02 5.1778E-05
4.8184E+04 -9.1209E+01 4.2773E+02 5.0161E+01 -3.1440E-02 5.9288E-05
4.5967E+04 -3.7031E+01 4.0134E+02 1.0218E+02 -1.2817E-01 1.0457E-04
4.1618E+04 -5.3211E+00 3.3128E+02 1.0173E+02 -8.6568E-03 -1.3997E-05
4.9130E+04 -1.9952E+01 3.3746E+02 8.0909E+01 -1.6972E-01 1.7109E-04
3.5104E+04 -1.4437E+01 3.4556E+02 7.9827E+01 2.9724E-01 -2.4659E-04
4.6286E+04 -1.9678E+01 3.2621E+02 9.9569E+01 -9.5978E-02 8.9417E-05
4.5907E+04 -9.0493E+00 3.0619E+02 7.7980E+01 -1.0434E-01 1.2004E-04
3.8626E+04 -2.2124E+01 3.5636E+02 5.9417E+01 5.6424E-02 7.3416E-06
4.3916E+04 1.5115E+01 2.2700E+02 6.1327E+01 -7.1855E-02 1.4331E-04
4.2343E+04 -1.1556E+02 2.8218E+02 4.2853E+01 2.2020E-02 2.3712E-05
5.0435E+04 -2.7879E+01 3.3680E+02 5.4385E+01 -8.4577E-02 1.1389E-04
3.7994E+04 7.3549E+00 2.8355E+02 8.3586E+01 -1.8339E-01 2.0686E-04
4.0078E+04 -1.0274E+02 4.0326E+02 4.6004E+01 5.5878E-02 -1.6489E-05
4.4177E+04 2.8498E+00 3.8116E+02 9.9844E+01 -1.6501E-01 1.7003E-04
4.3589E+04 -2.2799E+02 2.8183E+02 2.0543E+01 8.8081E-03 3.9673E-05
4.6446E+04 -4.4135E+00 3.6693E+02 8.7794E+01 -8.9304E-02 1.0647E-04
4.8690E+04 2.5298E+01 4.0753E+02 9.7726E+01 -1.2126E-01 1.0324E-04
4.8843E+04 1.7853E+01 2.7680E+02 8.8975E+01 -1.0966E-01 1.2693E-04
4.4568E+04 -3.4249E+01 3.7343E+02 7.6408E+01 -2.8454E-02 4.9112E-05
4.1053E+04 4.0412E+00 3.4447E+02 6.3358E+01 -7.5903E-03 8.7232E-05
4.4851E+04 6.0273E+00 2.8743E+02 8.7654E+01 -9.9392E-02 1.1136E-04
4.9245E+04 2.3904E+02 6.4559E+02 1.7496E+02 -2.0767E-01 1.1729E-04
4.5874E+04 -6.9065E+00 3.4171E+02 1.0005E+02 -1.3176E-01 1.1622E-04
4.2850E+04 -5.6989E+01 3.9475E+02 8.6724E+01 -6.4254E-02 6.8704E-05
3.9359E+04 -2.8380E+01 2.3685E+02 6.5309E+01 -1.4526E-01 1.9388E-04
4.4904E+04 -1.9080E+00 3.3131E+02 1.1036E+02 -1.9302E-01 1.8781E-04
3.9417E+04 2.3600E+01 2.6952E+02 6.8668E+01 -3.4519E-02 7.8558E-05
3.9639E+04 2.0858E+01 3.6455E+02 1.5255E+02 -1.7906E-01 1.1356E-04
3.9580E+04 1.9911E+01 3.8004E+02 1.3345E+02 -7.5230E-02 1.9023E-05
3.8943E+04 3.1818E+01 3.7773E+02 1.2079E+02 -1.7535E-01 1.6234E-04
4.6792E+04 -1.3869E+00 3.4198E+02 1.0607E+02 -1.5708E-01 1.4208E-04
4.3648E+04 -4.9266E+00 4.7416E+02 1.2644E+02 -1.3808E-01 9.0701E-05
4.6618E+04 2.5835E+01 3.6653E+02 1.0446E+02 -1.2158E-01 1.1234E-04
5.0472E+04 5.5101E+00 3.0388E+02 9.0090E+01 -1.4872E-01 1.5029E-04
3.0163E+04 -1.0141E+02 4.2026E+02 7.4018E+01 8.5327E-02 -2.5421E-05
4.3438E+04 5.0018E+01 4.9546E+02 1.2284E+02 -1.1655E-01 6.7800E-05
5.1884E+04 -6.6688E+00 3.5888E+02 8.2352E+01 -9.8097E-02 9.9750E-05
4.6072E+04 5.5158E+01 3.6049E+02 1.0690E+02 -1.9541E-01 1.7957E-04
4.7260E+04 4.9933E+00 3.9458E+02 1.2970E+02 -2.3208E-01 2.0179E-04
5.0138E+04 -2.3320E+01 3.6689E+02 8.8849E+01 -1.0463E-01 1.0153E-04
4.1943E+04 2.0505E+01 2.1489E+02 5.4822E+01 -1.0144E-01 1.7639E-04
4.4034E+04 -8.4364E+00 3.0062E+02 6.4189E+01 -1.9587E-02 5.4243E-05
3.5213E+04 1.0715E+01 2.7898E+02 1.0987E+02 -2.5645E-01 2.6053E-04
4.5750E+04 3.2143E+01 3.1899E+02 9.5204E+01 -1.6015E-01 1.6946E-04
4.3936E+04 1.7953E+01 2.7132E+02 9.2862E+01 -9.6177E-02 1.0240E-04
4.8531E+04 2.3456E+00 2.9629E+02 7.6433E+01 -1.4749E-01 1.6399E-04
4.5241E+04 -8.5909E+00 2.7897E+02 7.8925E+01 -1.4368E-01 1.6308E-04
5.1519E+04 1.1701E+02 3.5866E+02 6.7984E+01 -6.9467E-02 1.0489E-04
4.5126E+04 5.9918E+01 3.7496E+02 8.5312E+01 -6.5183E-02 7.0609E-05
3.9444E+04 2.6240E+01 2.7136E+02 1.0761E+02 -2.0723E-01 2.1137E-04
4.3148E+04 -6.6880E+00 2.9333E+02 8.4727E+01 -4.4868E-02 6.1250E-05
4.5299E+04 -1.8358E+00 3.9663E+02 1.2349E+02 -1.2662E-01 9.6399E-05
5.1656E+04 -9.4081E+00 2.9565E+02 6.6710E+01 -6.4473E-02 9.3494E-05
5.0400E+04 3.8080E+00 3.9326E+02 8.9166E+01 -1.3016E-01 1.0636E-04
4.9302E+04 8.7348E+00 3.8017E+02 9.0618E+01 -1.0125E-01 9.8842E-05
4.1743E+04 -4.3175E+01 4.0520E+02 9.5518E+01 -9.9740E-02 1.0274E-04
3.8835E+04 -3.2355E+01 1.6712E+02 3.8101E+01 -6.4962E-02 1.6178E-04
4.1265E+04 3.2276E-01 2.8048E+02 7.4816E+01 4.5425E-03 7.3122E-05
4.7562E+04 -1.0565E+00 2.8388E+02 8.3717E+01 -1.0031E-01 1.1665E-04
4.3979E+04 -4.4861E+01 4.0728E+02 1.0138E+02 -1.0853E-01 9.2363E-05
4.9211E+04 1.1447E+01 3.6831E+02 1.0052E+02 -1.0960E-01 9.7138E-05
3.7039E+04 -1.4236E+02 3.2239E+02 3.3086E+01 1.4810E-01 -8.1132E-05
4.7105E+04 1.0653E+00 2.9836E+02 7.5670E+01 -9.7316E-02 1.1299E-04
4.8208E+04 1.2684E+01 3.2684E+02 8.6738E+01 -1.0783E-01 1.1250E-04
4.3543E+04 -3.9668E+01 3.1582E+02 8.3285E+01 -3.1640E-02 4.0059E-05
4.0339E+04 -4.9018E+00 2.8923E+02 6.6419E+01 -4.9306E-02 8.5747E-05
3.5584E+04 4.7627E+00 2.6823E+02 7.6502E+01 -7.0589E-02 1.0624E-04
4.7253E+04 3.5688E+01 2.7015E+02 4.7207E+01 -1.0086E-01 1.6398E-04
4.6967E+04 -8.5794E+00 4.4598E+02 8.4194E+01 -1.4854E-02 6.4637E-06
3.9674E+04 7.3242E+00 2.5659E+02 9.0207E+01 -2.0697E-01 2.2804E-04
4.5023E+04 -2.6372E+01 3.0391E+02 7.3603E+01 -8.5380E-02 9.9282E-05
4.2800E+04 -7.6961E-01 3.7778E+02 1.4289E+02 -2.5895E-01 1.9929E-04
5.3339E+04 -3.1920E+01 3.7474E+02 5.2098E+01 -8.5428E-02 1.0350E-04
4.6798E+04 2.4052E+01 3.9529E+02 1.0216E+02 -9.1437E-02 8.4479E-05
4.6241E+04 2.1848E+00 2.4218E+02 7.2413E+01 -1.2769E-01 1.6683E-04
3.2827E+04 6.7918E+00 3.1994E+02 1.3473E+02 -1.1775E-01 9.4553E-05
4.2051E+04 3.5573E+00 4.4324E+02 1.3038E+02 -1.6614E-01 1.3133E-04
4.8942E+04 -1.7811E+00 2.4085E+02 7.6039E+01 -1.5450E-01 1.8328E-04
4.5616E+04 3.0769E+01 4.0670E+02 1.2493E+02 -2.5134E-01 2.1468E-04
4.3808E+04 -1.5252E+00 2.3566E+02 4.8353E+01 -4.3994E-02 1.1816E-04
3.8554E+04 -3.0461E+01 2.9163E+02 8.8424E+01 -7.0990E-02 9.3825E-05
4.0680E+04 -1.6203E+01 2.0203E+02 4.0296E+01 -1.9424E-02 9.7914E-05
4.8254E+04 -1.5550E+01 3.7439E+02 7.8182E+01 -5.7922E-02 7.4933E-05
3.8854E+04 -1.4289E+00 2.5595E+02 7.3440E+01 -6.8015E-02 1.2750E-04
3.8738E+04 -1.8052E+01 4.0721E+02 1.0880E+02 -7.4071E-02 5.9448E-05
4.0234E+04 -2.4040E+00 2.0859E+02 6.1937E+01 -6.6460E-02 1.3197E-04
4.1937E+04 3.7312E+00 1.9891E+02 6.2310E+01 -1.1905E-01 1.8891E-04
5.4354E+04 6.1063E+01 4.3037E+02 8.2643E+01 -9.9653E-02 1.0959E-04
4.7439E+04 -3.2952E+00 2.0039E+02 5.2895E+01 -8.5489E-02 1.5236E-04
5.1230E+04 1.0346E+02 4.7106E+02 1.0891E+02 -1.0874E-01 8.5909E-05
4.4430E+04 -3.3412E+00 2.8174E+02 9.5092E+01 -9.8312E-02 1.1490E-04
3.9273E+04 -5.3579E+01 2.8212E+02 5.2524E+01 -3.9280E-03 7.5968E-05
4.5431E+04 1.6116E+01 2.5484E+02 7.3961E+01 -1.0986E-01 1.4709E-04
4.5406E+04 -1.4744E+00 2.5941E+02 7.7170E+01 -9.3692E-02 1.1561E-04
4.6983E+04 7.8258E+00 3.5675E+02 1.1147E+02 -2.3524E-01 2.0898E-04
4.3325E+04 3.3417E+01 3.5628E+02 1.0881E+02 -1.1093E-01 1.0510E-04
4.4162E+04 3.4869E+01 2.2370E+02 4.9235E+01 -8.2197E-02 1.6451E-04
3.9997E+04 5.4760E+00 2.1532E+02 6.0221E+01 -4.7527E-02 1.0156E-04
4.6901E+04 -1.0350E+00 3.4418E+02 1.0695E+02 -1.2488E-01 1.0280E-04
4.6801E+04 4.1216E-01 2.2790E+02 5.2593E+01 -1.2415E-01 1.8357E-04
5.3377E+04 2.4217E+01 3.3073E+02 8.3819E+01 -1.6506E-01 1.7154E-04
4.1950E+04 -8.3889E+01 3.5256E+02 6.4287E+01 -2.2020E-05 3.7516E-05
3.6471E+04 1.6295E+00 2.6886E+02 6.6722E+01 6.0181E-02 -1.5801E-05
3.6250E+04 6.8177E+00 2.3232E+02 9.0868E+01 -1.8687E-01 2.1944E-04
4.5310E+04 1.0985E+01 2.4740E+02 5.6343E+01 -1.0425E-01 1.6115E-04
3.9874E+04 -3.2187E+01 2.4409E+02 5.0696E+01 -4.3519E-02 1.0382E-04
4.7776E+04 -2.8523E+01 1.9866E+02 4.3745E+01 -4.8392E-02 1.2027E-04
4.5064E+04 -5.4362E+00 4.8165E+02 9.8530E+01 -1.3773E-01 1.1022E-04
4.1633E+04 -1.0375E+00 3.6319E+02 1.1816E+02 -2.0780E-01 1.8945E-04
4.7116E+04 -1.4438E-01 3.7750E+02 9.8162E+01 -7.0505E-02 5.8270E-05
4.3607E+04 8.5328E+00 2.8610E+02 9.9437E+01 -1.0938E-01 1.1399E-04
4.3227E+04 6.6541E+01 3.2884E+02 1.0147E+02 -1.6089E-01 1.5473E-04
4.5008E+04 -8.8512E+00 3.0877E+02 6.2317E+01 -6.7322E-02 9.8469E-05
4.5596E+04 3.9211E-01 1.7693E+02 5.8624E+01 -1.0323E-01 1.7913E-04
4.7888E+04 3.9418E+00 2.0021E+02 3.9303E+01 -6.1162E-02 1.4101E-04
4.0256E+04 1.2596E+00 1.9502E+02 3.6442E+01 3.2062E-02 5.5586E-05
4.7013E+04 8.7531E+00 2.5597E+02 8.0671E+01 -9.3206E-02 1.0763E-04
4.8874E+04 -1.4807E+00 3.8141E+02 7.3923E+01 -1.6042E-02 5.0876E-05
3.4328E+04 2.0753E+01 2.2190E+02 1.1716E+02 -1.7990E-01 1.9343E-04
4.2476E+04 7.9015E+01 4.2824E+02 1.4114E+02 -7.5789E-02 4.2090E-05
4.8960E+04 4.8564E+01 4.1736E+02 9.9556E+01 -1.7397E-01 1.5664E-04
4.0669E+04 6.6876E+00 2.1701E+02 6.6097E+01 -1.0444E-01 1.5824E-04
4.5327E+04 -6.7018E+01 3.4406E+02 4.0527E+01 -2.5545E-02 6.2284E-05
4.0377E+04 9.0057E+00 3.4339E+02 1.1129E+02 -1.3878E-01 1.3050E-04
4.6137E+04 -1.4239E+01 3.9070E+02 1.0392E+02 -9.0828E-02 8.4626E-05
3.9613E+04 2.4208E+01 2.7022E+02 9.3922E+01 -1.9612E-01 2.1195E-04
4.6938E+04 1.1466E+01 3.3639E+02 7.1193E+01 -1.1103E-01 1.3374E-04
4.3710E+04 1.8995E-01 2.8242E+02 8.5403E+01 -1.3083E-01 1.4648E-04
4.1660E+04 -1.5075E+01 3.2904E+02 6.7292E+01 1.0575E-02 2.7594E-05
4.8570E+04 -1.8146E+01 2.9529E+02 5.0739E+01 -4.6221E-02 9.8590E-05
5.1127E+04 1.2244E+01 3.7586E+02 6.6970E+01 -6.7513E-02 7.3113E-05
4.1699E+04 -1.4966E+00 2.3158E+02 6.5074E+01 -1.3654E-01 1.8987E-04
4.1546E+04 5.1175E+00 4.3536E+02 1.4882E+02 -2.2211E-01 1.4322E-04
5.3248E+04 1.2790E+01 3.1642E+02 7.5211E+01 -8.9012E-02 1.0667E-04
4.0890E+04 -3.5464E+00 3.5597E+02 1.0874E+02 -1.5471E-01 1.4463E-04
4.0766E+04 3.0436E+01 3.7334E+02 9.1720E+01 -2.3138E-02 3.0577E-05
3.8732E+04 -9.7700E+00 2.9372E+02 7.6464E+01 -6.5207E-02 8.6101E-05
5.1645E+04 -3.6434E+00 3.0596E+02 9.8341E+01 -1.6868E-01 1.6776E-04
3.7428E+04 -5.5774E-01 3.9698E+02 1.5177E+02 -1.1797E-01 5.9159E-05
5.1560E+04 3.2493E+01 2.8510E+02 8.4235E+01 -1.6848E-01 1.8485E-04
4.5523E+04 -5.3051E+00 3.8307E+02 9.3298E+01 -8.9575E-02 9.5420E-05
4.5761E+04 -9.1291E+00 3.5408E+02 8.9909E+01 -8.5869E-02 8.9096E-05
3.8565E+04 -2.3559E+00 3.2295E+02 1.1371E+02 -1.1805E-01 1.1332E-04
3.8975E+04 6.6401E+00 2.3028E+02 7.4523E+01 -1.3740E-01 1.7705E-04
4.2950E+04 -3.6498E+00 3.5232E+02 8.1824E+01 1.2090E-02 2.0767E-05
4.9640E+04 2.4615E+01 3.8071E+02 9.4408E+01 -1.1598E-01 1.0245E-04
3.3438E+04 9.0988E+00 2.6683E+02 1.1475E+02 -1.3676E-01 1.2808E-04
4.6707E+04 4.8602E+00 3.3423E+02 9.3827E+01 -1.2042E-01 1.1804E-04
4.7412E+04 -2.2753E+00 4.1237E+02 1.1688E+02 -1.8159E-01 1.4003E-04
4.5437E+04 1.6772E+01 2.7855E+02 8.2284E+01 -1.7660E-01 1.9811E-04
5.0478E+04 2.6832E+01 4.1817E+02 9.1953E+01 -1.2917E-01 1.2013E-04
4.0372E+04 -1.1931E+02 3.8041E+02 2.2386E+01 9.6933E-02 -2.8331E-05
3.4385E+04 -6.6249E+00 3.1769E+02 1.2698E+02 -1.1033E-01 9.3699E-05
4.2000E+04 4.7128E+01 3.1403E+02 1.1993E+02 -1.9594E-01 1.9134E-04
5.0401E+04 -3.8323E+01 3.0875E+02 5.8593E+01 -7.9126E-02 1.0702E-04
4.6615E+04 1.4955E+01 2.6981E+02 8.2529E+01 -1.5761E-01 1.7716E-04
3.8005E+04 -4.8638E+00 2.7421E+02 7.8152E+01 -9.9011E-02 1.2364E-04
4.5358E+04 2.4099E+00 2.0855E+02 3.9302E+01 -6.1006E-02 1.4784E-04
4.4952E+04 2.7914E+01 2.7821E+02 8.3412E+01 -1.4616E-01 1.6542E-04
3.0610E+04 -1.8790E+01 3.3962E+02 8.4199E+01 2.0297E-01 -1.2296E-04
3.1449E+04 1.1294E+01 2.3283E+02 1.2701E+02 -2.1803E-01 2.1014E-04
4.1745E+04 -4.5103E+00 2.2258E+02 5.1874E+01 -5.1729E-02 1.2163E-04
4.4761E+04 1.0802E+01 2.3438E+02 6.4253E+01 -6.7569E-02 1.1809E-04
4.5676E+04 4.1709E+01 3.2420E+02 8.0945E+01 -1.1589E-01 1.3319E-04
4.0123E+04 2.0434E+01 4.1842E+02 1.6342E+02 -2.8435E-01 2.0255E-04
5.7125E+04 1.4610E+01 3.2874E+02 9.8959E+01 -1.4114E-01 1.2697E-04
4.0576E+04 -2.0196E+01 2.5850E+02 5.4164E+01 2.4314E-02 1.8948E-05
4.2876E+04 -1.0753E+00 2.1984E+02 5.0752E+01 -8.3914E-02 1.5303E-04
4.9087E+04 -3.4047E+01 2.0232E+02 3.6538E+01 -6.4794E-02 1.3887E-04
4.0217E+04 -7.1267E+00 3.4747E+02 8.7417E+01 -2.6403E-02 5.3164E-05
5.0388E+04 4.4360E+00 3.6199E+02 9.5036E+01 -1.2191E-01 1.1918E-04
3.1713E+04 -8.2978E+01 4.8231E+02 6.0350E+01 3.5925E-01 -2.8506E-04
4.7764E+04 -2.8523E+01 3.4876E+02 4.5735E+01 8.4069E-03 5.2080E-05
4.7036E+04 -2.7782E+00 2.1822E+02 4.7676E+01 -1.0013E-01 1.7449E-04
4.2869E+04 -2.8360E+00 3.6481E+02 9.3357E+01 -9.7621E-02 1.1599E-04
4.7899E+04 1.0535E+01 3.5774E+02 9.2906E+01 -1.2634E-01 1.2122E-04
4.9430E+04 1.0193E+01 3.0668E+02 9.2976E+01 -1.2732E-01 1.2942E-04
4.5992E+04 2.6290E+01 2.6067E+02 7.1197E+01 -9.3566E-02 1.3813E-04
4.8106E+04 1.7740E+00 2.4805E+02 6.7190E+01 -9.5319E-02 1.3592E-04
5.1317E+04 -5.7761E+01 2.6273E+02 4.0900E+01 -5.1112E-02 1.0555E-04
4.0960E+04 1.1563E+01 4.5366E+02 1.5818E+02 -1.6808E-01 9.4909E-05
3.8104E+04 3.5431E-01 2.7502E+02 9.9830E+01 -1.7223E-01 1.8563E-04
5.0550E+04 1.2054E+01 2.6706E+02 8.1331E+01 -1.4228E-01 1.7118E-04
4.6332E+04 9.7753E+00 2.1847E+02 6.9822E+01 -1.5970E-01 2.1172E-04
4.5880E+04 1.6471E+01 3.1653E+02 9.9480E+01 -1.2066E-01 1.1594E-04
4.5471E+04 1.5404E+01 2.7928E+02 1.0465E+02 -2.0768E-01 2.0542E-04
5.0501E+04 9.7704E+00 3.6729E+02 1.2299E+02 -1.9790E-01 1.6152E-04
5.0515E+04 -2.8631E+01 3.8238E+02 7.1742E+01 -8.3751E-02 9.2896E-05
4.0984E+04 -8.0668E+01 3.0367E+02 5.5423E+01 2.8621E-04 4.3653E-05
4.6962E+04 7.5681E+01 4.2657E+02 1.1622E+02 -1.3702E-01 9.4301E-05
4.2456E+04 1.5939E+00 2.3310E+02 8.4482E+01 -1.5601E-01 1.8892E-04
4.3371E+04 1.0935E+00 3.8012E+02 1.1537E+02 -1.4630E-01 1.4365E-04
3.7333E+04 -8.6449E+00 2.5073E+02 6.3510E+01 1.7284E-02 2.8804E-05
4.1362E+04 2.0379E+01 2.4419E+02 7.0574E+01 -1.4278E-01 1.9804E-04
4.0199E+04 -3.7620E+01 3.4764E+02 8.9484E+01 -9.7437E-02 1.3382E-04
4.3097E+04 4.5927E+01 2.9156E+02 1.0525E+02 -2.3893E-01 2.3900E-04
3.7717E+04 -2.3474E+01 2.3687E+02 5.7453E+01 2.6663E-02 3.5028E-05
3.7157E+04 -1.1264E+01 2.1664E+02 5.6661E+01 -2.4876E-02 8.0284E-05
4.3218E+04 1.1545E+01 3.8817E+02 9.5155E+01 -1.1557E-01 1.1666E-04
3.6083E+04 -2.1566E+01 3.8240E+02 1.1334E+02 -6.0827E-02 3.0617E-05
4.7382E+04 2.3631E+01 3.2320E+02 8.8499E+01 -1.3911E-01 1.4209E-04
3.7697E+04 -1.6624E+02 3.9653E+02 4.8389E+01 2.7316E-02 7.1201E-05
5.1832E+04 -3.5958E+01 3.6351E+02 6.7926E+01 -1.8969E-02 3.2909E-05
4.5548E+04 -9.9062E+00 2.5440E+02 6.7112E+01 -1.0508E-01 1.3796E-04
3.7777E+04 -1.0846E+02 1.9916E+02 1.5885E+01 9.7065E-02 3.2127E-06
4.0929E+04 4.5634E+00 3.0906E+02 1.0038E+02 -1.9778E-01 1.8927E-04
4.1545E+04 -2.2159E+01 3.3764E+02 6.7849E+01 -2.7448E-02 4.6736E-05
3.7099E+04 1.2603E+01 1.9587E+02 5.9126E+01 -6.6395E-02 1.3854E-04
3.9220E+04 -1.1946E+02 3.3764E+02 3.2035E+01 5.7669E-02 8.2911E-07
5.1244E+04 4.1861E+00 2.6502E+02 6.6811E+01 -1.2354E-01 1.5800E-04
4.8480E+04 2.4500E+01 3.3468E+02 9.6519E+01 -1.4992E-01 1.3986E-04
4.7722E+04 5.0778E+01 3.2816E+02 7.8312E+01 -6.7295E-02 9.7131E-05
5.0733E+04 9.9754E+00 3.5774E+02 7.2715E+01 -5.6449E-02 7.1904E-05
4.4054E+04 -6.2058E+00 2.2245E+02 5.5499E+01 -1.0400E-01 1.6179E-04
4.7321E+04 -2.5085E+01 2.6103E+02 5.6942E+01 -5.8725E-02 1.0607E-04
4.6765E+04 -5.0110E+01 3.9530E+02 6.8768E+01 -1.3116E-02 2.3522E-05
4.2739E+04 2.4066E+01 4.0402E+02 9.9094E+01 -1.0475E-01 8.4108E-05
4.2053E+04 -5.5920E+01 3.5504E+02 7.9333E+01 -1.7297E-01 1.9560E-04
4.4120E+04 -3.4159E+01 3.1169E+02 6.7991E+01 -7.2227E-03 3.3632E-05
4.5361E+04 1.0374E+01 2.8078E+02 8.1600E+01 -7.1387E-02 8.9147E-05
4.7093E+04 7.9614E+00 3.5845E+02 7.4937E+01 -1.1205E-01 1.2358E-04
3.9317E+04 4.8961E+00 2.3426E+02 7.6598E+01 -7.8418E-02 1.1253E-04
4.5169E+04 -1.0570E+01 3.1357E+02 8.4987E+01 -7.9695E-02 8.8383E-05
4.6200E+04 3.0718E+01 3.7074E+02 1.3885E+02 -1.9810E-01 1.5985E-04
3.7629E+04 4.2035E+00 2.9005E+02 1.2922E+02 -2.0940E-01 1.7931E-04
3.4146E+04 2.1463E+01 3.2480E+02 1.2559E+02 -2.2264E-01 2.0540E-04
4.0973E+04 -4.4306E+00 3.3852E+02 1.1414E+02 -9.1085E-02 8.2123E-05
4.6941E+04 -5.8661E+01 1.8312E+02 2.9670E+01 -5.1205E-02 1.3523E-04
3.9662E+04 -3.8777E+01 3.4771E+02 9.3491E+01 -7.2790E-02 6.8328E-05
4.9088E+04 3.3868E+01 3.7809E+02 1.1348E+02 -1.6110E-01 1.5002E-04
4.8697E+04 -4.0084E+00 2.7211E+02 8.0869E+01 -1.4332E-01 1.5660E-04
4.8312E+04 4.0290E+01 4.4522E+02 1.4573E+02 -2.6005E-01 1.9942E-04
4.9591E+04 2.3324E+00 3.1913E+02 7.9406E+01 -1.1752E-01 1.3379E-04
4.1604E+04 -2.7079E+00 1.9207E+02 5.5852E+01 -9.4678E-02 1.6664E-04
4.5948E+04 -1.5739E+01 3.5558E+02 8.2836E+01 -6.5445E-02 8.4923E-05
5.1501E+04 -5.0938E+01 3.1944E+02 5.8102E+01 -6.2187E-02 8.6893E-05
4.3838E+04 -6.8930E+00 2.4847E+02 7.0914E+01 -1.3467E-01 1.8172E-04
4.5286E+04 -1.9372E+01 3.6508E+02 5.8032E+01 -9.9211E-03 4.3293E-05
5.1398E+04 -6.6197E+01 3.6829E+02 5.4914E+01 -3.3823E-02 7.6460E-05
4.1176E+04 -1.1078E+02 3.0495E+02 5.1826E+01 9.0044E-03 6.3876E-05
4.4183E+04 1.1210E+01 2.8372E+02 7.3821E+01 -1.1253E-01 1.5166E-04
4.8993E+04 5.0267E+00 3.7571E+02 1.0548E+02 -1.8115E-01 1.6950E-04
5.0095E+04 -3.8554E+01 3.4734E+02 6.6099E+01 -9.6882E-02 1.3054E-04
4.9241E+04 -3.3396E+02 3.0067E+02 1.4629E+01 3.1021E-02 1.8478E-05
4.8440E+04 6.6926E+00 4.1104E+02 1.0724E+02 -1.1538E-01 8.7366E-05
5.0824E+04 -1.1337E+01 3.8697E+02 9.1193E+01 -8.4240E-02 8.0025E-05
4.3853E+04 -3.1529E+01 2.4732E+02 6.4360E+01 -1.0206E-01 1.3930E-04
4.4426E+04 -9.9225E+00 2.9247E+02 7.1550E+01 -9.2541E-02 1.2037E-04
5.3062E+04 1.9336E+00 3.9665E+02 8.4458E+01 -8.1931E-02 7.5106E-05
4.2466E+04 -1.7868E+01 3.0781E+02 1.0198E+02 -1.8409E-01 1.7169E-04
4.8043E+04 1.3730E+01 3.1209E+02 6.7372E+01 -4.3627E-02 1.0398E-04
3.5780E+04 3.2442E+00 3.6828E+02 8.9208E+01 4.2548E-02 -1.8296E-05
3.9847E+04 5.5897E+00 2.7054E+02 9.7477E+01 -1.5513E-01 1.6654E-04
4.1114E+04 2.3204E+01 4.2625E+02 1.2985E+02 -2.2636E-01 1.9803E-04
4.5433E+04 1.3396E+01 2.8497E+02 9.1245E+01 -1.4524E-01 1.5845E-04
4.3852E+04 -1.7504E+01 2.0002E+02 5.5092E+01 -9.7543E-02 1.6234E-04
3.7499E+04 -2.1703E+00 2.9655E+02 1.0595E+02 -1.1668E-01 1.2389E-04
4.7273E+04 -5.7225E+00 3.6683E+02 1.0051E+02 -9.0405E-02 7.3906E-05
4.6855E+04 -2.1607E+00 3.2043E+02 8.0220E+01 -8.5265E-02 9.4352E-05
4.5515E+04 4.8770E+01 3.6201E+02 1.0070E+02 -1.2649E-01 1.2254E-04
4.9491E+04 9.3777E+00 2.2764E+02 5.9427E+01 -7.2346E-02 1.2609E-04
4.5393E+04 -3.0211E+00 3.3035E+02 1.0772E+02 -1.9134E-01 1.7541E-04
4.4856E+04 -5.8891E-01 3.0316E+02 7.2739E+01 -7.2296E-02 9.9475E-05
4.1205E+04 -2.4139E+01 3.2918E+02 8.1773E+01 -6.1816E-02 6.4283E-05
4.1831E+04 2.2979E+01 2.8820E+02 1.1875E+02 -1.9862E-01 1.8665E-04
4.5931E+04 5.0473E+01 2.7467E+02 6.8569E+01 -1.4553E-01 1.8988E-04
3.6974E+04 -1.2469E+01 2.5133E+02 4.8543E+01 2.3327E-02 3.5041E-05
4.4697E+04 2.3479E+01 3.0230E+02 1.0161E+02 -1.0748E-01 1.1724E-04
3.9453E+04 4.0217E+01 4.5336E+02 1.4933E+02 -1.5083E-01 8.2640E-05
4.8905E+04 -7.4445E+01 2.6336E+02 3.3917E+01 -3.1565E-02 8.5938E-05
4.8177E+04 1.6007E+01 2.5537E+02 5.5111E+01 -8.9026E-02 1.4048E-04
4.7794E+04 -5.2179E+00 3.8102E+02 1.0053E+02 -1.5692E-01 1.3988E-04
4.0985E+04 -5.7209E+01 2.6484E+02 3.9853E+01 1.8844E-03 5.4472E-05
4.6353E+04 -1.5141E+01 3.6375E+02 8.7198E+01 -9.4649E-02 8.9261E-05
5.1008E+04 -3.8380E+01 2.6637E+02 5.8826E+01 -9.3767E-02 1.3171E-04
5.1580E+04 8.3694E+01 4.6357E+02 1.0737E+02 -1.1715E-01 1.0054E-04
3.3368E+04 5.3193E+00 2.1217E+02 5.3846E+01 2.1280E-02 5.3099E-05
4.7643E+04 7.8555E+00 2.3706E+02 4.6885E+01 -5.8460E-02 1.2045E-04
4.3913E+04 -2.7102E+00 3.4971E+02 9.2154E+01 -1.1246E-01 1.3932E-04
4.4572E+04 6.5686E+01 3.3789E+02 8.9419E+01 -1.0721E-01 1.4652E-04
3.9263E+04 -3.7460E+01 2.8438E+02 4.6029E+01 4.6020E-02 1.9603E-05
4.5887E+04 4.6331E+00 3.1729E+02 8.8815E+01 -1.2727E-01 1.3362E-04
4.4268E+04 -1.5417E+01 3.7391E+02 9.5411E+01 -1.2699E-01 1.2161E-04
3.4902E+04 4.1826E+00 3.4261E+02 1.3302E+02 -1.9640E-01 1.5740E-04
4.3197E+04 5.4619E+00 3.0191E+02 9.6683E+01 -1.1452E-01 1.4492E-04
4.7096E+04 6.8775E+00 3.9136E+02 9.5557E+01 -1.3076E-01 1.1921E-04
5.0352E+04 5.2211E+01 3.0566E+02 8.2971E+01 -1.5986E-01 1.7933E-04
4.1300E+04 -1.3923E+01 3.1477E+02 7.4171E+01 3.0917E-02 1.3232E-05
5.2542E+04 5.0149E+00 3.3720E+02 9.1938E+01 -1.3951E-01 1.3534E-04
4.5624E+04 5.8882E+01 3.0348E+02 9.4099E+01 -1.9091E-01 2.0241E-04
4.4532E+04 1.6215E+01 3.8419E+02 1.3346E+02 -2.0967E-01 1.6866E-04
4.1092E+04 1.8198E+01 3.9233E+02 1.1904E+02 -7.6636E-02 5.3280E-05
3.9339E+04 -3.9775E+01 4.0644E+02 1.2244E+02 -9.0299E-02 6.0576E-05
5.2741E+04 3.8948E+01 3.1727E+02 1.0651E+02 -1.8087E-01 1.6975E-04
4.4362E+04 -2.3173E+01 2.3655E+02 5.7425E+01 -6.2134E-02 1.0337E-04
4.0012E+04 -5.4254E+00 3.3781E+02 7.7025E+01 -1.6197E-02 3.6089E-05
4.2623E+04 -2.6247E+01 1.8914E+02 2.8937E+01 2.1985E-02 6.9774E-05
4.2369E+04 -1.5069E+00 2.4490E+02 6.4228E+01 -1.3828E-01 1.9506E-04
3.6890E+04 -4.6868E+00 3.0589E+02 8.3638E+01 -8.6862E-02 1.0829E-04
4.2971E+04 -6.1350E+00 2.2160E+02 6.1522E+01 -9.1795E-02 1.6244E-04
4.3852E+04 -2.6805E+01 3.2962E+02 9.2807E+01 -1.6102E-01 1.5723E-04
5.0124E+04 5.6086E+00 3.3932E+02 7.9550E+01 -1.4172E-01 1.4493E-04
4.2701E+04 -3.0263E+01 2.0617E+02 4.7123E+01 -5.5885E-02 1.1751E-04
4.0726E+04 3.8688E+01 2.6918E+02 6.0596E+01 -6.2519E-03 5.8922E-05
4.3528E+04 3.1276E+01 3.3065E+02 1.2785E+02 -2.5321E-01 2.2064E-04
4.8939E+04 -3.8309E+00 2.8296E+02 5.7278E+01 -1.0435E-01 1.4484E-04
4.5221E+04 2.7451E+01 4.2960E+02 1.0756E+02 -1.5822E-01 1.2280E-04
4.5726E+04 3.4229E+01 2.9907E+02 9.8793E+01 -1.5508E-01 1.5889E-04
4.3870E+04 -3.0585E-01 2.5900E+02 7.4806E+01 -1.1928E-01 1.5704E-04
4.0536E+04 -2.1910E-02 2.7300E+02 8.9414E+01 -1.4594E-01 1.6375E-04
4.9233E+04 -5.2938E+01 3.4518E+02 8.1316E+01 -1.1279E-01 1.1761E-04
4.6702E+04 -1.9854E+01 3.4871E+02 8.2481E+01 -5.8882E-02 6.4049E-05
4.1115E+04 4.4957E+00 4.4430E+02 1.2944E+02 -1.5773E-01 1.3145E-04
4.4137E+04 2.3548E+01 4.2524E+02 1.3078E+02 -1.4347E-01 1.0604E-04
4.6853E+04 -3.4147E+01 2.9945E+02 6.6504E+01 -1.3575E-01 1.6245E-04
4.2743E+04 4.7543E+00 3.3625E+02 1.0834E+02 -1.6803E-01 1.4729E-04
4.4127E+04 -5.1549E+01 1.8172E+02 2.6007E+01 1.5980E-03 8.4623E-05
4.8483E+04 1.2766E+01 3.4421E+02 8.0370E+01 -7.0248E-02 7.5120E-05
4.0678E+04 -7.8348E+00 3.4723E+02 1.0909E+02 -9.1201E-02 7.0022E-05
3.3051E+04 1.1636E+01 3.9453E+02 1.1052E+02 1.8615E-01 -1.8832E-04
5.1366E+04 3.4334E+01 3.6077E+02 9.2939E+01 -1.3215E-01 1.3914E-04
4.4899E+04 -2.3201E+00 2.4949E+02 6.7502E+01 -8.9206E-02 1.3060E-04
4.0728E+04 -5.7734E+00 2.0039E+02 6.1256E+01 -9.8473E-02 1.5601E-04
4.8995E+04 -5.5685E+00 4.3583E+02 9.7177E+01 -1.2704E-01 1.1692E-04
4.1085E+04 -1.7847E+00 4.4431E+02 8.6093E+01 -7.7497E-02 6.9039E-05
3.9180E+04 3.0877E+01 2.6467E+02 9.8811E+01 -1.4323E-01 1.5381E-04
5.1011E+04 9.2362E+01 4.1050E+02 1.2545E+02 -1.7914E-01 1.4340E-04
3.9676E+04 -1.3504E+00 3.6260E+02 1.3481E+02 -1.1286E-01 9.2374E-05
3.9459E+04 -9.1631E+01 3.9107E+02 2.1867E+01 1.2826E-01 -6.8069E-05
4.2213E+04 9.5165E+00 2.7247E+02 9.2315E+01 -7.2589E-02 7.5587E-05
4.4693E+04 -4.6233E+00 3.1509E+02 9.8355E+01 -1.3097E-01 1.2343E-04
5.2888E+04 3.1444E+01 2.5434E+02 5.1890E+01 -9.5351E-02 1.5364E-04
4.9165E+04 2.5072E+01 2.4246E+02 4.5185E+01 -7.9126E-02 1.4400E-04
4.8334E+04 1.6953E+01 2.8656E+02 7.4147E+01 -1.4918E-01 1.7324E-04
4.5966E+04 -5.4203E-01 3.3000E+02 9.0465E+01 -9.0408E-02 9.9005E-05
3.8422E+04 -8.1957E+00 4.0698E+02 1.2034E+02 -4.6595E-04 -1.3090E-05
3.4884E+04 -7.5816E+01 3.8048E+02 8.2143E+01 -7.5773E-05 -3.5942E-07
3.8136E+04 1.4620E+01 2.3663E+02 6.6762E+01 -8.6597E-02 1.3650E-04
4.3294E+04 -1.8091E+01 2.6352E+02 8.1056E+01 -8.7635E-02 1.0548E-04
4.5599E+04 1.2865E+01 2.7781E+02 6.8825E+01 -1.3148E-01 1.6804E-04
3.6261E+04 6.1041E+00 1.9990E+02 7.2380E+01 -1.2680E-01 1.8910E-04
5.1032E+04 -1.1620E+01 3.6006E+02 7.7064E+01 -1.0024E-01 1.0304E-04
4.4668E+04 3.1828E+01 3.5733E+02 9.1870E+01 -1.6504E-01 1.6078E-04
3.7899E+04 1.5669E+01 3.5895E+02 1.4391E+02 -1.8347E-01 1.4464E-04
4.9048E+04 4.1045E+01 2.3693E+02 7.7088E+01 -1.5877E-01 1.9955E-04
5.0821E+04 -6.8307E+00 3.3175E+02 9.2515E+01 -1.3653E-01 1.3270E-04
4.2103E+04 -4.2130E+01 4.0302E+02 6.2968E+01 -5.7445E-02 6.6141E-05
4.4440E+04 1.4998E+00 3.6190E+02 7.9993E+01 -8.6081E-02 9.4502E-05
4.4661E+04 -4.7754E+01 3.1089E+02 6.2532E+01 1.2596E-02 1.9389E-05
4.0295E+04 3.9095E+01 2.4537E+02 6.9532E+01 -7.7129E-02 1.2912E-04
4.5926E+04 -2.4650E+00 2.2874E+02 5.5390E+01 -1.3777E-01 1.9942E-04
5.1018E+04 -1.5962E+01 2.8944E+02 6.8712E+01 -1.1473E-01 1.3476E-04
5.0455E+04 1.6604E+01 3.0961E+02 8.2307E+01 -9.1189E-02 1.0486E-04
4.7789E+04 -7.1590E+00 3.5211E+02 7.0761E+01 -4.7178E-02 7.7806E-05
4.8064E+04 -6.6438E+00 3.2206E+02 8.4859E+01 -1.3646E-01 1.4283E-04
4.4843E+04 -3.8206E+01 2.6424E+02 3.8172E+01 3.2441E-02 4.0352E-05
4.6152E+04 -6.2445E-02 1.8697E+02 4.6887E+01 -8.4289E-02 1.6407E-04
4.7156E+04 1.1010E+01 3.7125E+02 5.7136E+01 4.8075E-02 -5.2181E-06
4.5268E+04 1.9780E+01 3.4865E+02 5.4637E+01 3.7531E-02 8.8212E-06
3.2304E+04 -4.1644E+01 2.1249E+02 4.1955E+01 2.6933E-04 7.2360E-05
4.6664E+04 -7.5950E+01 3.5059E+02 5.2499E+01 9.4373E-03 4.3366E-05
3.9298E+04 -2.1994E+01 3.8588E+02 1.3053E+02 -1.4231E-01 9.6656E-05
5.1243E+04 9.5831E+00 2.4915E+02 6.7935E+01 -1.4157E-01 1.8485E-04
5.1406E+04 -2.2865E+01 3.1892E+02 5.9767E+01 -8.7127E-02 1.1088E-04
4.0753E+04 -1.5522E+02 3.3651E+02 2.5726E+01 1.0969E-01 -3.8458E-05
4.2135E+04 -2.0403E+02 1.9801E+02 9.4339E+00 4.3936E-02 5.3119E-05
4.5753E+04 6.3364E+00 3.4012E+02 9.5926E+01 -5.3616E-02 6.3298E-05
4.4497E+04 1.1383E+01 3.0767E+02 1.1962E+02 -1.9701E-01 1.8190E-04
4.2491E+04 -1.2327E+01 3.4802E+02 9.9514E+01 -1.5673E-01 1.7021E-04
5.1399E+04 4.0818E+01 3.2053E+02 1.0156E+02 -2.0147E-01 1.9074E-04
3.9275E+04 -3.8557E+00 2.9151E+02 9.5342E+01 -1.6025E-01 1.7823E-04
4.9145E+04 -1.9065E+01 3.9403E+02 7.6454E+01 -7.5533E-02 7.5923E-05
4.2776E+04 -1.1911E+01 3.1958E+02 7.3533E+01 -5.6564E-02 8.0243E-05
3.5101E+04 -3.5295E+01 2.7162E+02 6.0230E+01 1.1930E-02 2.9272E-05
4.6929E+04 -4.5258E+01 3.0663E+02 7.2036E+01 -1.1092E-01 1.3500E-04
4.3765E+04 8.0806E+01 3.7574E+02 1.1135E+02 -2.2858E-01 2.2795E-04
3.6695E+04 -1.2132E+02 3.8200E+02 3.9570E+01 2.0694E-01 -1.4839E-04
4.3351E+04 1.6003E+01 3.9703E+02 1.1403E+02 -1.3981E-01 1.1632E-04
3.7251E+04 -1.6543E+01 3.2397E+02 8.2602E+01 -6.4166E-02 1.5275E-04
4.6589E+04 3.5142E+01 4.2135E+02 1.3375E+02 -2.2850E-01 1.7931E-04
3.4544E+04 2.6542E+01 2.6184E+02 1.4692E+02 -2.0542E-01 1.6143E-04
4.5282E+04 1.4829E+01 3.9853E+02 7.0513E+01 -8.8417E-02 1.1751E-04
4.1204E+04 9.9584E+00 4.4576E+02 1.2352E+02 -1.6843E-01 1.2617E-04
4.5175E+04 6.9586E+01 3.4634E+02 1.1546E+02 -1.6676E-01 1.5922E-04
5.0504E+04 -1.0577E+01 2.4533E+02 6.2566E+01 -1.2879E-01 1.8673E-04
4.6614E+04 -2.4573E+01 3.8802E+02 8.5500E+01 -1.3854E-01 1.2783E-04
5.0358E+04 -5.6626E+01 3.7999E+02 7.5579E+01 -8.8424E-02 8.3455E-05
3.9658E+04 2.5978E+01 4.0173E+02 1.7382E+02 -3.6646E-01 2.6452E-04
4.6733E+04 2.6113E-01 3.6961E+02 1.0200E+02 -1.3540E-01 1.1705E-04
4.3050E+04 1.6941E+00 4.4427E+02 1.3029E+02 -1.7184E-01 1.3590E-04
4.2464E+04 1.7635E-01 3.2617E+02 1.0774E+02 -2.4586E-01 2.2765E-04
4.6432E+04 3.8413E+00 2.2979E+02 5.9916E+01 -1.2559E-01 1.8721E-04
4.0584E+04 9.2497E+00 3.0317E+02 1.1217E+02 -1.4918E-01 1.4396E-04
4.5289E+04 -2.4918E+01 1.7265E+02 4.1281E+01 -5.0039E-02 1.3029E-04
4.5090E+04 -4.9463E+00 3.3052E+02 7.0939E+01 -9.6273E-02 1.1852E-04
4.8734E+04 5.9833E+01 3.5756E+02 1.0404E+02 -1.2540E-01 1.1819E-04
4.4415E+04 1.7827E+01 2.3217E+02 6.7915E+01 -9.3952E-02 1.4501E-04
4.8110E+04 -1.9440E+01 3.5489E+02 8.7038E+01 -6.6666E-02 6.0451E-05
4.6357E+04 5.2471E+01 2.9593E+02 8.0028E+01 -1.0021E-01 1.2022E-04
4.3783E+04 7.8198E+00 2.6440E+02 6.0310E+01 1.4143E-02 4.8343E-05
3.9581E+04 -9.5507E+00 3.4020E+02 8.4954E+01 -7.4463E-02 7.3356E-05
3.8153E+04 -9.3405E+00 2.1774E+02 5.4733E+01 -1.0724E-01 1.7450E-04
4.3731E+04 -4.0283E-01 3.4418E+02 1.1431E+02 -1.6866E-01 1.4201E-04
4.1311E+04 2.1565E+01 2.6412E+02 9.8775E+01 -1.2371E-01 1.3568E-04
3.9280E+04 1.8614E+01 3.1437E+02 7.5783E+01 3.8039E-02 3.1253E-06
4.4558E+04 -9.8535E+00 2.3912E+02 4.9984E+01 7.4167E-03 5.4263E-05
4.3454E+04 -1.2379E+01 2.7685E+02 7.2314E+01 -5.6529E-02 1.3039E-04
5.0816E+04 -2.9863E+00 2.9971E+02 9.7219E+01 -2.2790E-01 2.6106E-04
4.2246E+04 1.1852E+00 2.0433E+02 5.7535E+01 -5.4260E-02 1.2586E-04
4.3571E+04 1.5576E+01 3.8476E+02 9.4853E+01 -3.4693E-02 3.0451E-05
4.6271E+04 -3.7802E+00 2.1717E+02 6.0841E+01 -1.4810E-01 2.0568E-04
3.9873E+04 -3.3097E+00 1.9756E+02 4.7396E+01 -3.9761E-02 1.2178E-04
4.2576E+04 2.9645E+01 5.0812E+02 1.8745E+02 -3.1111E-01 1.9288E-04
4.5550E+04 -4.3034E+00 2.7942E+02 8.3030E+01 -1.0706E-01 1.2004E-04
4.5690E+04 4.3426E+01 4.9018E+02 1.5187E+02 -2.0803E-01 1.2960E-04
4.1038E+04 -4.4036E+00 2.8570E+02 8.8309E+01 -1.4813E-01 1.6078E-04
4.9066E+04 1.2977E+01 2.1277E+02 6.1067E+01 -1.1301E-01 1.7072E-04
3.5482E+04 -3.7681E+00 2.2969E+02 6.8758E+01 -9.7709E-02 1.5876E-04
3.5217E+04 5.2476E+00 3.2572E+02 1.4830E+02 -1.7978E-01 1.2823E-04
3.9238E+04 -1.6222E+01 2.0799E+02 5.9518E+01 -1.3255E-01 1.9402E-04
4.6542E+04 1.4486E+01 4.1200E+02 1.0069E+02 -1.4695E-01 1.3189E-04
5.0199E+04 -9.2038E+00 2.3636E+02 4.9881E+01 -9.2491E-02 1.5159E-04
4.7496E+04 6.7516E+01 2.6954E+02 6.4021E+01 -1.1329E-01 1.6275E-04
4.5989E+04 1.0597E+01 3.4646E+02 8.4635E+01 -8.7895E-02 9.3830E-05
4.4700E+04 3.8986E+01 2.8534E+02 8.8489E+01 -1.0957E-01 1.2996E-04
4.5171E+04 1.8917E+01 2.9456E+02 9.8040E+01 -1.8367E-01 1.8680E-04
3.7960E+04 -1.4420E+01 3.6229E+02 9.1745E+01 -5.6803E-02 1.4153E-04
5.0315E+04 7.4234E+00 4.0729E+02 8.9012E+01 -9.4768E-02 8.3426E-05
3.6585E+04 1.9085E+01 2.6919E+02 1.1855E+02 -1.6500E-01 1.5083E-04
4.1325E+04 -2.7464E+00 2.3100E+02 7.3467E+01 -1.4306E-01 1.8384E-04
3.7020E+04 9.9434E+00 2.9491E+02 1.0900E+02 -1.7223E-01 1.6449E-04
5.1565E+04 2.7960E+01 3.9284E+02 1.0423E+02 -1.0931E-01 8.3992E-05
4.7713E+04 1.0648E+01 3.5044E+02 8.6471E+01 -1.6436E-01 1.6389E-04
4.5942E+04 -1.7149E+02 2.8654E+02 1.3941E+01 2.6957E-02 3.6788E-05
4.8765E+04 -1.1910E+01 3.0729E+02 8.1129E+01 -1.0320E-01 1.2195E-04
4.2282E+04 -7.4868E+01 2.7195E+02 2.7822E+01 5.4337E-02 2.0124E-05
4.9589E+04 3.7827E+01 3.2821E+02 4.6443E+01 -3.0285E-02 7.1634E-05
5.2430E+04 -6.8295E+00 3.3581E+02 8.1399E+01 -9.7926E-02 1.1040E-04
5.1605E+04 6.6277E+00 3.0467E+02 8.5682E+01 -1.3601E-01 1.4569E-04
4.4090E+04 -2.5591E+00 4.2104E+02 1.0806E+02 -7.3068E-02 4.2534E-05
4.5564E+04 1.0492E+00 2.4460E+02 7.6747E+01 -1.2633E-01 1.5804E-04
3.5609E+04 7.9746E+00 4.2537E+02 1.0994E+02 1.0775E-03 1.0524E-05
4.0384E+04 -1.5058E+01 2.2766E+02 5.2030E+01 1.2309E-02 7.4568E-05
4.5435E+04 1.5838E+01 2.2782E+02 5.7888E+01 -1.0215E-01 1.6673E-04
4.4362E+04 -7.1780E+00 2.9211E+02 8.3401E+01 -7.8591E-02 9.9238E-05
4.4379E+04 1.5999E+01 2.8182E+02 6.6885E+01 -1.2696E-01 1.7340E-04
4.7987E+04 4.7235E+00 3.1798E+02 9.9217E+01 -8.2539E-02 8.0007E-05
4.3217E+04 -5.4989E+00 2.2065E+02 7.8209E+01 -1.2278E-01 1.5713E-04
4.8464E+04 -3.0251E+00 1.9446E+02 4.8665E+01 -7.0575E-02 1.3793E-04
4.6198E+04 1.4830E+01 2.6902E+02 7.2815E+01 -8.6216E-02 1.2202E-04
4.5908E+04 1.6794E+01 3.6790E+02 1.2753E+02 -1.9029E-01 1.5835E-04
5.1204E+04 -2.6379E+01 2.4726E+02 5.8482E+01 -8.9954E-02 1.3232E-04
4.1945E+04 -1.1635E+02 3.2874E+02 3.5042E+01 4.0139E-02 1.1664E-05
4.4686E+04 3.4240E+01 3.6026E+02 1.4603E+02 -2.7975E-01 2.3334E-04
4.6817E+04 -4.6250E+01 2.7353E+02 6.0677E+01 -6.8281E-02 1.0246E-04
4.3864E+04 -1.8205E+01 3.6424E+02 9.2257E+01 -1.1413E-01 1.5104E-04
4.8585E+04 -2.9457E+01 2.7238E+02 6.0356E+01 -8.0599E-02 1.1697E-04
4.2745E+04 1.5542E+01 2.7027E+02 9.4008E+01 -1.4707E-01 1.6655E-04
4.1364E+04 9.0042E+00 3.4306E+02 9.1060E+01 -7.3022E-02 7.3605E-05
4.7107E+04 -1.0672E+01 3.1332E+02 8.6455E+01 -5.7230E-02 7.9530E-05
4.3904E+04 1.3070E+01 3.5205E+02 1.0904E+02 -1.4817E-01 1.4673E-04
4.9464E+04 2.1951E+01 2.9268E+02 9.0649E+01 -1.4171E-01 1.4809E-04
4.0726E+04 -5.4551E+00 2.2909E+02 6.9264E+01 -1.1997E-01 1.6578E-04
4.7226E+04 -3.0850E+01 3.3374E+02 8.5486E+01 -1.2996E-01 1.2450E-04
5.3999E+04 -2.1335E+00 3.7164E+02 7.0249E+01 -6.5799E-02 7.1385E-05
4.5801E+04 -2.2779E+01 1.7991E+02 3.6591E+01 -6.5704E-02 1.5401E-04
3.9878E+04 1.9764E+00 2.5517E+02 6.3470E+01 -6.1986E-02 1.0657E-04
4.2351E+04 1.1460E+01 3.3989E+02 1.1295E+02 -1.0600E-01 8.7292E-05
4.3593E+04 4.1794E+00 4.1282E+02 1.5269E+02 -2.7879E-01 2.0636E-04
4.2269E+04 -4.1549E+01 2.7725E+02 6.6472E+01 -8.7259E-02 1.1405E-04
5.1125E+04 -1.2909E+02 3.6947E+02 1.8045E+01 3.5754E-02 1.3605E-05
3.2847E+04 -7.8621E+00 2.7167E+02 7.7688E+01 -1.8022E-02 6.2454E-05
3.9836E+04 2.6735E+01 3.8427E+02 1.0793E+02 -6.6869E-02 5.4496E-05
3.9318E+04 1.6982E+01 1.8274E+02 4.4607E+01 -1.2873E-02 1.0759E-04
4.5159E+04 -3.3647E+00 3.3593E+02 9.8824E+01 -1.7604E-01 1.6516E-04
4.8938E+04 -1.9263E+01 2.9863E+02 5.4026E+01 -9.7291E-02 1.3265E-04
4.9392E+04 -3.1850E+01 3.2830E+02 4.9111E+01 -2.1615E-02 6.2804E-05
4.5382E+04 1.4555E+00 1.6468E+02 5.3564E+01 -6.4596E-02 1.4082E-04
3.4463E+04 5.4459E+01 3.4391E+02 1.2231E+02 -1.4675E-01 1.1154E-04
4.4322E+04 8.6063E+00 1.8802E+02 5.5792E+01 -1.1227E-01 1.8820E-04
4.8863E+04 -1.3691E+01 2.7576E+02 5.6132E+01 -9.1186E-02 1.3338E-04
4.0832E+04 -6.2458E+00 2.6417E+02 7.2413E+01 -1.0246E-01 1.4098E-04
4.5394E+04 2.4836E+01 4.0057E+02 7.6152E+01 -4.9398E-02 6.5855E-05
4.3934E+04 2.3360E+01 4.6775E+02 1.0797E+02 -1.8007E-01 1.6833E-04
5.0168E+04 -8.6040E+00 2.7792E+02 7.6478E+01 -7.5189E-02 1.0123E-04
3.9962E+04 2.2711E+01 3.2979E+02 1.6241E+02 -2.3596E-01 1.6996E-04
3.6945E+04 -2.7777E+01 3.1612E+02 9.3259E+01 -9.0193E-02 1.5679E-04
4.5775E+04 -8.0091E+00 3.0700E+02 8.8589E+01 -7.4769E-02 8.0802E-05
5.0366E+04 -5.0588E+01 2.6065E+02 5.8085E+01 -5.5009E-02 8.9863E-05
4.5593E+04 -3.4692E+01 2.5624E+02 5.6902E+01 -1.0510E-01 1.5513E-04
4.9867E+04 1.9552E+01 3.3016E+02 8.5227E+01 -6.3164E-02 9.9382E-05
4.3666E+04 3.7534E+01 4.3077E+02 1.0894E+02 -1.2329E-02 -8.5385E-06
4.2884E+04 1.1894E+01 2.1230E+02 4.6179E+01 -7.7987E-03 7.0440E-05
3.8633E+04 1.3293E+01 2.2627E+02 7.8628E+01 -1.0532E-01 1.4319E-04
4.3320E+04 -1.8893E+01 2.8773E+02 8.5551E+01 -1.1310E-01 1.2808E-04
4.7564E+04 1.7872E+00 3.8374E+02 1.0450E+02 -1.6585E-01 1.5740E-04
5.0780E+04 8.3587E+01 4.2591E+02 1.2332E+02 -2.3817E-01 2.0239E-04
4.3293E+04 1.0054E+01 3.5028E+02 9.5835E+01 -1.6351E-01 1.6529E-04
4.7302E+04 -2.4873E+00 3.1361E+02 1.0790E+02 -1.7302E-01 1.7183E-04
4.2995E+04 1.2458E+00 2.7238E+02 8.6773E+01 -1.0490E-01 1.2994E-04
4.2293E+04 -3.1194E+00 3.2803E+02 1.1000E+02 -1.8359E-01 1.7913E-04
4.3051E+04 -1.1308E+01 2.0340E+02 5.4060E+01 -5.9012E-02 1.3038E-04
4.2178E+04 1.0334E+00 2.5439E+02 9.6770E+01 -1.8161E-01 1.9046E-04
4.0702E+04 1.2342E+01 2.0307E+02 5.4041E+01 -9.5262E-02 1.7018E-04
4.4238E+04 -6.7488E+00 2.5002E+02 7.0336E+01 -8.5322E-02 1.2069E-04
3.7842E+04 1.0131E+01 3.0997E+02 1.0043E+02 -1.8685E-01 1.8697E-04
4.9440E+04 2.0703E+01 2.9502E+02 7.3004E+01 -5.3160E-02 8.2859E-05
4.5698E+04 4.1241E+01 3.0520E+02 9.1720E+01 -1.8649E-01 1.9560E-04
4.3593E+04 -1.5736E+01 2.6121E+02 6.4923E+01 -1.1558E-01 1.5842E-04
3.8221E+04 -9.2897E+00 2.2814E+02 4.0261E+01 -5.4082E-04 7.1121E-05
4.9146E+04 -3.8024E+01 3.2120E+02 7.5009E+01 -5.3632E-02 7.2207E-05
4.6860E+04 -1.4774E+01 3.7166E+02 9.8728E+01 -7.0796E-02 7.6086E-05
4.4665E+04 -3.6349E+01 3.4730E+02 6.6095E+01 -1.5206E-02 3.8626E-05
4.3224E+04 -2.6598E+01 2.5181E+02 6.8388E+01 -1.2042E-01 1.5313E-04
4.2515E+04 2.0693E+01 3.8724E+02 1.1276E+02 -1.4921E-01 1.3031E-04
4.1431E+04 8.0401E+00 3.9865E+02 1.3797E+02 -2.2274E-01 1.9839E-04
4.5215E+04 -2.2545E+01 3.4611E+02 8.2827E+01 -6.1762E-03 1.6658E-05
4.6353E+04 -1.1095E+01 3.7067E+02 7.2259E+01 -8.9082E-02 1.0919E-04
3.9487E+04 4.3023E+00 2.5999E+02 9.0171E+01 -1.1183E-01 1.3017E-04
3.4347E+04 -1.8812E+00 2.1138E+02 6.5720E+01 -1.3388E-01 2.0129E-04
3.7211E+04 8.0718E+00 2.7523E+02 1.2066E+02 -1.9464E-01 1.8423E-04
4.3311E+04 5.1583E+00 3.3256E+02 8.9257E+01 -7.3067E-03 2.7284E-05
5.3338E+04 4.5424E+01 3.9805E+02 1.0768E+02 -1.8790E-01 1.5507E-04
4.0360E+04 3.2041E+01 3.7215E+02 1.3342E+02 -2.3663E-01 1.8654E-04
5.3292E+04 2.7160E+01 3.6977E+02 1.0456E+02 -1.2124E-01 1.2365E-04
4.1788E+04 -1.6296E+00 2.1571E+02 5.6107E+01 -1.0310E-01 1.6722E-04
3.1242E+04 -7.3217E+01 3.9793E+02 5.9017E+01 4.9110E-01 -4.1924E-04
3.9734E+04 4.4348E+00 3.1324E+02 7.5708E+01 -5.8558E-03 5.1542E-05
3.6045E+04 3.5832E+01 2.4027E+02 1.0705E+02 -2.1388E-01 2.3019E-04
3.8116E+04 -1.1600E+01 3.8712E+02 9.4633E+01 -9.1831E-02 1.0939E-04
4.9626E+04 -2.8886E+01 3.6386E+02 6.4914E+01 -1.2299E-01 1.6081E-04
5.1522E+04 -1.5278E+01 4.0021E+02 7.6031E+01 -4.7459E-02 5.2052E-05
4.6925E+04 9.6068E-01 3.6145E+02 1.1706E+02 -1.6116E-01 1.3943E-04
5.0817E+04 -2.4685E+01 4.0209E+02 8.4714E+01 -1.2069E-01 1.0828E-04
4.4658E+04 2.3241E+01 2.3769E+02 6.8412E+01 -1.4788E-01 1.9755E-04
5.0597E+04 1.0527E+02 4.0907E+02 1.4082E+02 -2.3754E-01 1.8189E-04
4.4980E+04 1.0882E+01 2.0046E+02 4.9448E+01 -9.7313E-02 1.7786E-04
4.8149E+04 5.3529E+00 2.5022E+02 8.7369E+01 -1.8037E-01 2.0062E-04
5.2471E+04 -4.1524E+01 1.9393E+02 2.8741E+01 -4.3175E-02 1.2666E-04
3.6327E+04 1.2292E+01 4.3964E+02 1.9199E+02 -2.5466E-01 1.6327E-04
3.8162E+04 -2.0778E+01 2.4817E+02 7.1172E+01 -8.9996E-02 1.3051E-04
4.4025E+04 1.5483E+01 2.9565E+02 1.1047E+02 -1.4914E-01 1.4162E-04
4.7522E+04 3.0091E+01 3.6742E+02 1.0192E+02 -1.5166E-01 1.4260E-04
4.7247E+04 -9.8285E-01 2.5260E+02 7.3268E+01 -1.3143E-01 1.6637E-04
4.2493E+04 1.9135E+00 2.5897E+02 1.0579E+02 -2.4136E-01 2.4967E-04
4.6129E+04 -2.2978E+01 2.4791E+02 4.5521E+01 -4.3823E-02 1.0457E-04
4.1164E+04 1.2664E+01 4.0955E+02 1.1110E+02 -7.9026E-02 5.4777E-05
5.0020E+04 -1.4973E+01 3.4996E+02 7.2663E+01 8.5522E-03 1.4297E-05
4.9203E+04 5.1427E+01 3.4098E+02 7.9945E+01 -1.2039E-01 1.4127E-04
4.6170E+04 -5.8343E+00 3.6171E+02 6.9590E+01 -2.6120E-02 3.8579E-05
4.9246E+04 1.9831E+01 2.8416E+02 7.5898E+01 -1.6173E-01 1.9424E-04
5.0234E+04 -3.5810E+02 2.1270E+02 1.0346E+01 7.5820E-03 6.3925E-05
4.4888E+04 -2.7433E+01 3.4695E+02 6.7024E+01 -8.0491E-02 1.2470E-04
4.0522E+04 -1.5944E+00 2.1889E+02 6.9344E+01 -1.4146E-01 1.9477E-04
5.0249E+04 5.8493E+00 3.6402E+02 9.9388E+01 -1.2789E-01 1.1150E-04
4.6621E+04 5.1364E+01 3.0125E+02 4.0423E+01 -7.7611E-03 9.0045E-05
4.8018E+04 -4.8070E+01 3.3977E+02 5.7637E+01 -6.0090E-02 8.2618E-05
4.1527E+04 2.7351E+01 3.7375E+02 7.3263E+01 -2.8936E-02 7.6682E-05
4.1014E+04 4.9897E+01 3.7291E+02 1.3698E+02 -1.4457E-01 1.3647E-04
4.9270E+04 -3.1632E+00 2.8642E+02 9.3349E+01 -1.4456E-01 1.4489E-04
4.6115E+04 -4.8439E+01 2.6675E+02 5.6974E+01 -2.1414E-02 5.4358E-05
4.4797E+04 2.0755E+01 3.8350E+02 1.1341E+02 -1.0590E-01 7.5781E-05
4.1707E+04 1.5810E+01 3.2871E+02 1.0465E+02 -1.5435E-01 1.4812E-04
4.2728E+04 2.8526E+01 2.4919E+02 8.4802E+01 -1.8054E-01 2.0710E-04
4.2518E+04 -1.5685E+01 2.0023E+02 4.3163E+01 -1.9900E-02 1.1364E-04
4.4102E+04 1.3149E+01 2.0235E+02 5.7009E+01 -1.0523E-01 1.7620E-04
4.8823E+04 2.6510E+01 3.7071E+02 9.5525E+01 -1.2831E-01 1.1596E-04
4.6051E+04 5.5429E+01 4.1060E+02 1.0209E+02 -1.2535E-01 1.0696E-04
4.5395E+04 1.7899E+01 2.4915E+02 7.2740E+01 -1.1313E-01 1.5040E-04
4.3443E+04 2.9146E-01 3.0857E+02 9.0603E+01 -1.0171E-01 9.6388E-05
3.9718E+04 -4.2134E+01 3.6477E+02 8.7434E+01 1.7808E-02 -4.3049E-06
4.9073E+04 -1.5515E+01 2.6762E+02 6.9570E+01 -1.2761E-01 1.5578E-04
4.5450E+04 -5.1034E+00 2.2007E+02 6.1498E+01 -1.1365E-01 1.6673E-04
4.6441E+04 -2.3428E+01 4.1048E+02 8.8491E+01 -7.7650E-02 7.2047E-05
4.1821E+04 -6.2916E+00 2.7140E+02 8.5118E+01 -8.4465E-02 9.3519E-05
4.1834E+04 -8.5328E+00 3.3461E+02 9.2953E+01 -1.1728E-01 1.6346E-04
4.2499E+04 -4.7017E+01 2.4257E+02 5.3931E+01 -6.5646E-02 1.0980E-04
4.7915E+04 -2.1746E+01 3.0990E+02 7.9089E+01 -6.2343E-02 7.5485E-05
4.2532E+04 -1.1275E+01 3.2245E+02 1.0561E+02 -9.6019E-02 8.5224E-05
4.8510E+04 -7.1727E+00 3.7984E+02 6.6491E+01 -5.0947E-02 8.0057E-05
4.3166E+04 -5.6668E+00 2.1735E+02 5.9869E+01 -6.7895E-02 1.2757E-04
4.2359E+04 1.3686E+01 4.2322E+02 9.8452E+01 -7.6380E-02 7.1023E-05
3.8433E+04 -9.7565E+00 2.2001E+02 4.9386E+01 -1.3469E-02 7.8732E-05
4.4362E+04 -4.9742E+00 3.4666E+02 1.0451E+02 -1.2834E-01 1.1376E-04
4.5469E+04 4.6439E+01 4.2131E+02 1.0158E+02 -6.1290E-02 5.6233E-05
4.2093E+04 1.7824E+01 3.3260E+02 9.6025E+01 -2.9348E-02 5.7534E-05
4.0358E+04 -8.7851E-01 3.2543E+02 1.0194E+02 -1.1832E-01 1.1429E-04
3.7718E+04 -7.8655E+01 3.1689E+02 6.2065E+01 -4.9892E-02 8.4219E-05
4.5979E+04 -2.3722E+00 2.7913E+02 8.6988E+01 -1.1389E-01 1.2034E-04
4.3446E+04 -6.9635E+01 1.7896E+02 2.8752E+01 -3.7993E-02 1.2558E-04
4.6751E+04 -1.4274E+01 2.7194E+02 5.0832E+01 -6.6416E-02 1.1385E-04
4.0206E+04 2.1468E+01 2.3273E+02 5.2484E+01 -4.8940E-02 1.2195E-04
3.7836E+04 2.9529E+01 3.7858E+02 1.0750E+02 -7.9765E-02 7.8451E-05
4.7557E+04 -1.1516E+01 2.3872E+02 5.3039E+01 -7.8801E-02 1.2985E-04
4.6298E+04 -1.0364E+01 2.6723E+02 6.8126E+01 -1.1597E-01 1.5218E-04
4.6731E+04 6.3112E+00 4.1658E+02 1.2417E+02 -1.4633E-01 1.1351E-04
3.9035E+04 -1.9075E+01 1.6551E+02 4.4795E+01 -7.7705E-02 1.7087E-04
3.9070E+04 -2.2236E+01 3.2335E+02 6.6735E+01 2.7777E-02 1.3773E-06
4.7070E+04 2.4245E+01 2.3545E+02 6.2251E+01 -9.4955E-02 1.3859E-04
4.0931E+04 1.3570E+01 3.8845E+02 1.0434E+02 -7.5664E-02 5.6764E-05
4.4173E+04 -3.3555E+01 2.5506E+02 5.1478E+01 -9.0501E-02 1.4837E-04
4.6029E+04 -2.1143E+01 4.1879E+02 9.0037E+01 -8.6762E-02 6.8926E-05
4.1737E+04 -4.8491E+01 1.8875E+02 3.7958E+01 -8.5792E-02 1.6901E-04
4.7204E+04 1.3780E+01 2.6757E+02 9.0207E+01 -8.5478E-02 1.0777E-04
5.1519E+04 5.9628E+01 4.0936E+02 8.6823E+01 -8.2620E-02 8.1340E-05
4.7895E+04 -1.1419E+01 3.1405E+02 8.6818E+01 -1.0374E-01 1.1666E-04
4.9702E+04 2.3843E+01 2.9504E+02 7.4324E+01 -1.3225E-01 1.6209E-04
3.8053E+04 -1.5744E+02 4.9799E+02 5.9593E+01 -1.7875E-02 3.3431E-05
4.1869E+04 2.2994E+01 3.6790E+02 1.2654E+02 -1.2177E-01 8.5930E-05
3.7373E+04 -1.3033E+01 3.6105E+02 1.0444E+02 -7.7901E-02 9.6304E-05
3.6430E+04 1.5794E+01 3.1773E+02 1.1347E+02 -6.7424E-02 4.0641E-05
3.9076E+04 -2.6671E+01 1.7442E+02 3.9223E+01 -1.4681E-03 8.8055E-05
3.5727E+04 -6.3181E+01 3.4466E+02 5.3219E+01 8.0742E-02 -2.3882E-05
3.5513E+04 3.2817E+01 2.9832E+02 1.6409E+02 -3.3309E-01 2.7014E-04
3.9502E+04 -4.5546E+00 2.6745E+02 8.0486E+01 -1.5823E-01 1.8412E-04
4.0082E+04 2.5924E+01 3.1968E+02 9.8234E+01 -5.3784E-02 6.9482E-05
4.7956E+04 -1.7947E+01 2.6274E+02 5.3309E+01 -9.2215E-02 1.5589E-04
4.3768E+04 1.4372E+00 2.8255E+02 8.1646E+01 -1.6667E-01 1.8730E-04
4.6948E+04 1.0288E-01 2.3482E+02 7.1655E+01 -1.2267E-01 1.6032E-04
4.6060E+04 1.9547E+01 3.6788E+02 1.0326E+02 -1.6723E-01 1.5507E-04
5.0359E+04 -2.2670E+00 3.1638E+02 8.0704E+01 -1.0234E-01 1.1589E-04
4.2317E+04 2.4288E+01 2.5059E+02 7.5537E+01 -1.0877E-01 1.4712E-04
5.1635E+04 5.6556E+01 3.5911E+02 6.1506E+01 -6.2852E-02 8.7454E-05
4.6778E+04 2.2583E+00 2.2031E+02 4.7196E+01 -9.1475E-02 1.6614E-04
4.5377E+04 2.5661E+01 3.7273E+02 1.2144E+02 -1.3579E-01 1.2165E-04
5.3738E+04 2.0181E+01 3.4870E+02 8.2378E+01 -8.5218E-02 8.7759E-05
4.1459E+04 2.5016E+01 4.1253E+02 1.2587E+02 3.1022E-02 -6.4261E-05
4.0186E+04 1.1373E+01 4.1590E+02 1.4723E+02 -1.1864E-01 7.5359E-05
4.2028E+04 -9.8157E+01 3.4079E+02 5.0427E+01 9.4061E-02 -5.9261E-05
4.5854E+04 -2.1258E+01 3.0456E+02 4.1298E+01 6.2084E-02 -1.0608E-05
4.8260E+04 -8.6248E+00 2.9451E+02 8.3487E+01 -1.2255E-01 1.3047E-04
4.9016E+04 3.5191E+01 3.7535E+02 8.4193E+01 -1.3886E-01 1.3813E-04
4.6131E+04 -2.2886E+01 3.5602E+02 6.5329E+01 -5.3258E-02 7.5344E-05
4.1179E+04 7.3983E+00 2.7471E+02 8.6375E+01 -1.0303E-01 1.2081E-04
3.5819E+04 2.4641E+01 2.4367E+02 8.4708E+01 -1.4295E-01 1.7668E-04
4.2470E+04 -1.5733E+01 3.2864E+02 1.0934E+02 -1.7803E-01 1.6818E-04
4.5030E+04 1.0066E+01 3.6911E+02 1.1871E+02 -1.7295E-01 1.4005E-04
4.4173E+04 7.5216E+00 4.2324E+02 8.3876E+01 -5.8215E-02 5.9065E-05
4.1193E+04 -2.2725E+01 3.8082E+02 8.2600E+01 -1.5178E-02 2.3022E-05
4.7350E+04 -4.4840E+01 2.9665E+02 5.6062E+01 -8.0571E-02 1.1977E-04
4.4618E+04 4.8081E+01 3.2997E+02 9.5224E+01 -9.8465E-02 1.0247E-04
4.1339E+04 3.7111E+01 2.9132E+02 7.7632E+01 -1.0245E-01 1.3131E-04
4.7756E+04 1.1802E+02 4.2699E+02 1.3012E+02 -1.9242E-01 1.5221E-04
5.1145E+04 8.7993E+01 4.1857E+02 8.1988E+01 -8.5907E-02 8.9390E-05
4.4187E+04 6.7905E+00 3.4580E+02 1.2176E+02 -1.3479E-01 1.2444E-04
4.1009E+04 -3.2461E+00 3.1315E+02 5.1067E+01 2.1184E-01 -1.3394E-04
4.3410E+04 1.5751E+01 2.8790E+02 9.1877E+01 -1.3537E-01 1.4298E-04
4.8110E+04 -8.4704E+00 3.4411E+02 7.6054E+01 -7.2775E-02 7.8219E-05
4.0264E+04 -2.8329E+01 2.3030E+02 3.3788E+01 3.2642E-02 3.9265E-05
4.6710E+04 4.6029E+00 3.7042E+02 1.2990E+02 -2.5005E-01 2.2987E-04
4.2234E+04 -7.7632E+00 3.9437E+02 1.2388E+02 -1.5230E-01 1.1276E-04
3.5155E+04 -1.0573E+02 3.0654E+02 3.1328E+01 1.2304E-01 -6.0604E-05
4.5980E+04 3.3668E+00 2.0843E+02 5.2482E+01 -7.9739E-02 1.5024E-04
5.2647E+04 -5.2281E+01 2.6223E+02 4.7475E+01 -6.6667E-02 1.1104E-04
3.8438E+04 -9.3686E-01 3.1467E+02 1.0956E+02 -1.1714E-01 1.0821E-04
5.0252E+04 -9.5162E+00 3.2228E+02 9.2470E+01 -1.0162E-01 9.7023E-05
4.7029E+04 -1.6221E+01 2.5923E+02 8.2509E+01 -1.4922E-01 1.6965E-04
5.1022E+04 2.8489E+00 3.3636E+02 8.5848E+01 -9.6845E-02 9.1857E-05
4.1480E+04 -1.3837E+01 2.3807E+02 5.4401E+01 -7.8400E-02 1.3778E-04
3.9756E+04 7.8351E+00 2.2681E+02 8.0870E+01 -1.4286E-01 1.8490E-04
4.7396E+04 -8.6674E+01 4.0382E+02 5.0545E+01 3.9120E-03 3.2831E-05
5.3601E+04 -4.3035E+01 3.4375E+02 4.7189E+01 -1.3797E-02 5.1028E-05
4.5033E+04 -2.4735E+00 3.2528E+02 1.1792E+02 -1.6173E-01 1.4432E-04
4.6481E+04 1.0381E+01 2.4166E+02 5.3457E+01 -8.8216E-02 1.5739E-04
5.4648E+04 -3.5267E+01 4.1180E+02 5.9773E+01 -3.2684E-02 4.0120E-05
4.8715E+04 8.9353E+01 4.9987E+02 1.6179E+02 -2.9517E-01 2.3280E-04
4.0564E+04 3.0058E+01 2.3173E+02 6.2188E+01 -5.8506E-02 1.1818E-04
3.4954E+04 7.2732E+01 5.2317E+02 3.1205E+02 -5.3989E-01 3.0334E-04
4.9468E+04 -1.0770E+02 2.3134E+02 2.4273E+01 1.4424E-02 5.1643E-05
4.6014E+04 4.6581E+01 3.0133E+02 7.9535E+01 -1.0953E-01 1.2872E-04
3.8860E+04 2.8130E+00 3.1953E+02 1.0859E+02 -1.2781E-01 1.1107E-04
4.4164E+04 -1.7926E+01 2.5026E+02 4.7130E+01 -3.9428E-02 9.7071E-05
3.9172E+04 -1.3217E+02 2.6051E+02 1.5498E+01 7.4375E-02 1.0968E-05
4.3133E+04 -2.4089E+01 3.1647E+02 5.6798E+01 -7.8152E-02 1.1236E-04
4.1232E+04 -1.2673E+01 1.9250E+02 5.9376E+01 -1.1306E-01 1.8092E-04
4.0990E+04 1.2726E+01 4.1044E+02 1.3090E+02 -1.3417E-01 9.6244E-05
3.9693E+04 2.6652E+01 4.1202E+02 1.3025E+02 -2.0905E-01 1.5783E-04
4.0915E+04 -3.6133E+00 2.3184E+02 5.9972E+01 -1.8749E-02 7.8546E-05
4.0592E+04 5.3593E+00 3.0836E+02 1.2067E+02 -1.6057E-01 1.4725E-04
3.9877E+04 8.7354E+00 4.5208E+02 1.2989E+02 -8.7729E-02 4.3450E-05
3.9644E+04 -2.6722E+00 2.0944E+02 6.1408E+01 -8.7993E-02 1.4772E-04
4.0729E+04 1.6809E+01 3.8773E+02 1.2507E+02 -5.5953E-02 3.8488E-05
3.8530E+04 -6.8107E+00 2.6304E+02 7.6888E+01 4.5894E-02 -4.7515E-06
3.9140E+04 -7.0696E+01 2.3036E+02 1.4454E+01 9.7623E-02 -3.9577E-06
5.2332E+04 3.9750E+01 4.1832E+02 1.0076E+02 -1.1852E-01 9.6839E-05
4.7421E+04 -8.0775E+00 4.3351E+02 5.6695E+01 1.8268E-03 2.0833E-05
5.0704E+04 2.3339E+01 3.6733E+02 1.0867E+02 -1.2427E-01 1.0551E-04
3.9972E+04 9.7072E+00 2.7558E+02 1.0236E+02 -2.1495E-01 2.6805E-04
5.1552E+04 6.9933E-01 2.3426E+02 6.4463E+01 -1.4192E-01 1.8752E-04
3.7706E+04 -1.5557E+00 2.4040E+02 7.8618E+01 -9.7677E-02 1.3400E-04
4.0708E+04 -5.3102E+00 3.4036E+02 9.4144E+01 -7.0323E-02 6.9742E-05
4.4490E+04 -1.8398E+01 3.0013E+02 5.8670E+01 1.0112E-02 2.8303E-05
4.8427E+04 -3.0664E+01 4.0112E+02 1.0054E+02 -1.1676E-01 1.0801E-04
4.3887E+04 -1.1677E+01 2.6260E+02 4.7980E+01 -6.1658E-02 1.1000E-04
3.9591E+04 1.6022E+00 1.6343E+02 5.7848E+01 -7.8415E-02 1.6112E-04
3.7747E+04 1.0697E+01 2.3575E+02 8.1515E+01 -1.1330E-01 1.4634E-04
5.2060E+04 1.6754E+01 3.7413E+02 8.1296E+01 -5.1607E-02 6.7473E-05
4.8471E+04 1.9441E+01 1.9666E+02 5.8506E+01 -1.1281E-01 1.8252E-04
4.5829E+04 2.0004E+01 3.4071E+02 9.9025E+01 -1.3075E-01 1.1436E-04
4.3629E+04 -1.1731E+01 3.4868E+02 1.0667E+02 -1.8217E-01 2.0887E-04
4.6927E+04 2.9609E+01 3.9034E+02 1.2602E+02 -2.5932E-01 2.1825E-04
4.2021E+04 -9.3693E+00 2.7008E+02 7.2366E+01 -1.3662E-01 1.7213E-04
4.1622E+04 1.0645E+01 2.0087E+02 6.6597E+01 -1.0193E-01 1.6639E-04
4.1899E+04 -1.6835E+01 2.1630E+02 6.0622E+01 -6.5091E-02 1.2039E-04
4.2222E+04 1.6289E+00 3.3683E+02 1.0881E+02 -7.4301E-02 5.6588E-05
4.4839E+04 6.0543E+01 4.6125E+02 1.6582E+02 -2.3106E-01 1.4549E-04
4.3769E+04 -1.8712E+01 1.9470E+02 3.6225E+01 -6.4074E-03 8.8204E-05
4.3878E+04 1.9472E+01 2.4494E+02 4.4465E+01 -6.6633E-02 1.4660E-04
4.7986E+04 1.2120E+01 3.3214E+02 1.0071E+02 -1.3622E-01 1.2500E-04
4.6575E+04 -1.7812E+01 3.3676E+02 8.1661E+01 -1.0347E-01 1.0947E-04
4.6469E+04 -1.3830E+01 2.9562E+02 7.6585E+01 -9.1610E-02 1.1721E-04
4.0899E+04 -4.2231E+00 3.6323E+02 1.0629E+02 -1.1602E-01 1.4947E-04
5.0012E+04 -4.1200E+00 3.3150E+02 9.6062E+01 -1.3994E-01 1.3105E-04
4.8583E+04 -6.0373E+01 3.2198E+02 4.4724E+01 -9.8603E-02 1.3372E-04
4.6201E+04 -2.0767E+01 2.1139E+02 5.0519E+01 -8.1025E-02 1.4639E-04
4.5941E+04 2.1241E+01 3.1896E+02 1.0075E+02 -1.3860E-01 1.3963E-04
4.7565E+04 -2.3019E+01 3.8000E+02 8.4189E+01 -1.1050E-01 9.9046E-05
4.7679E+04 1.9526E+01 3.8037E+02 1.0310E+02 -1.1737E-01 1.0302E-04
5.0365E+04 1.0561E+01 3.2239E+02 8.6729E+01 -1.0972E-01 1.1564E-04
4.6277E+04 1.1628E+01 3.0411E+02 1.1279E+02 -2.6553E-01 2.6387E-04
5.0931E+04 -1.5545E+00 2.7013E+02 7.6910E+01 -1.1364E-01 1.3689E-04
4.1120E+04 9.1416E+00 2.7675E+02 1.0198E+02 -1.2777E-01 1.2417E-04
4.3743E+04 4.7233E+01 2.9669E+02 6.3873E+01 -6.7188E-02 1.1272E-04
3.9568E+04 -5.3666E+00 1.7511E+02 5.1678E+01 -6.3318E-02 1.3864E-04
4.0906E+04 3.6632E+01 3.8287E+02 1.0381E+02 -9.1071E-02 8.7341E-05
4.4953E+04 3.9561E+00 3.1352E+02 8.3682E+01 -7.3587E-02 8.3854E-05
4.0313E+04 1.0521E+00 4.4698E+02 1.3795E+02 -1.8722E-01 1.3044E-04
4.5984E+04 5.3144E+01 3.5142E+02 1.0921E+02 -1.3583E-01 1.1279E-04
4.2778E+04 -4.4325E+00 3.6830E+02 1.0777E+02 -1.1345E-01 1.0494E-04
4.6006E+04 3.3004E+01 3.1294E+02 1.0026E+02 -1.3062E-01 1.3221E-04
4.7585E+04 -2.8059E+01 3.7172E+02 7.7859E+01 -5.0361E-02 6.0141E-05
4.6850E+04 -1.3342E+01 3.3848E+02 9.1572E+01 -1.2974E-01 1.2923E-04
4.0451E+04 -4.0271E+02 2.7872E+02 1.3548E+01 2.7580E-02 2.9974E-05
4.8037E+04 -1.2302E+02 3.6618E+02 3.5372E+01 -4.3631E-03 3.8792E-05
3.8578E+04 -2.4137E+00 4.5568E+02 1.8864E+02 -3.9170E-01 3.2262E-04
4.4172E+04 2.3064E+00 2.8154E+02 9.3955E+01 -1.5918E-01 1.6665E-04
4.9692E+04 9.9845E+00 3.4508E+02 6.7975E+01 3.9680E-02 -1.7850E-05
4.3183E+04 5.4014E+00 3.3792E+02 1.0527E+02 -1.2098E-01 1.2376E-04
3.6330E+04 2.0892E+01 3.6139E+02 1.1721E+01 2.7004E-01 -1.7989E-04
4.3333E+04 7.5234E-01 2.1727E+02 7.6517E+01 -1.2346E-01 1.7107E-04
4.9593E+04 -5.3605E+00 3.5128E+02 6.9422E+01 -2.7176E-02 4.9495E-05
4.1334E+04 1.3001E+01 3.6138E+02 1.4691E+02 -2.1305E-01 1.5189E-04
4.3669E+04 1.4065E+01 2.7392E+02 9.5307E+01 -1.6057E-01 1.7542E-04
4.8122E+04 2.0609E+01 3.2417E+02 1.0232E+02 -1.5840E-01 1.6541E-04
4.2022E+04 3.6355E+01 3.3956E+02 1.1681E+02 -2.0711E-01 1.9347E-04
4.1417E+04 -6.3962E+00 3.7197E+02 9.6767E+01 -1.6945E-02 7.0679E-07
4.1961E+04 -8.7430E+00 3.8516E+02 6.7742E+01 -5.6570E-02 7.0783E-05
4.2231E+04 1.9350E-01 2.4847E+02 8.8118E+01 -1.3117E-01 1.6241E-04
4.6818E+04 4.1512E+01 3.4515E+02 9.5979E+01 -1.4532E-01 1.3777E-04
4.9856E+04 -4.0985E+01 1.9968E+02 2.7613E+01 -3.0117E-02 1.1447E-04
5.4492E+04 4.8435E+01 3.7222E+02 1.0459E+02 -1.1931E-01 1.1036E-04
4.5622E+04 8.7975E+00 3.3442E+02 1.0233E+02 -2.0308E-01 1.9014E-04
4.2991E+04 -2.9886E-01 1.9077E+02 6.4500E+01 -1.5668E-01 2.2043E-04
4.4175E+04 -4.3681E+00 2.9907E+02 9.2869E+01 -1.5108E-01 1.5483E-04
3.9355E+04 7.5491E+00 2.9216E+02 1.0904E+02 -1.9442E-01 1.8706E-04
4.6978E+04 1.4890E+01 3.1258E+02 8.7479E+01 -1.3409E-01 1.3619E-04
3.9653E+04 -2.0939E+01 2.3988E+02 6.1398E+01 -2.4974E-02 6.5546E-05
4.2494E+04 -1.0862E+01 2.0444E+02 4.3129E+01 -3.7310E-02 1.1491E-04
4.9652E+04 -2.2513E+01 3.4351E+02 7.1120E+01 -7.5960E-02 1.1123E-04
4.5223E+04 -5.4385E+01 3.1061E+02 5.4232E+01 -6.1144E-03 4.0216E-05
3.5875E+04 -1.4820E+01 3.3741E+02 1.2098E+02 -1.1230E-01 9.1754E-05
4.6193E+04 -2.9138E+01 2.3859E+02 5.4832E+01 -9.7655E-02 1.4840E-04
4.7186E+04 -2.9954E+00 3.4408E+02 1.0632E+02 -1.2857E-01 1.2917E-04
4.2950E+04 1.3115E+01 2.3841E+02 6.6420E+01 -1.3417E-01 1.8531E-04
4.9643E+04 4.8252E+01 4.4664E+02 9.6270E+01 -8.6381E-02 8.3024E-05
3.7585E+04 8.7442E+00 2.6155E+02 7.4126E+01 -1.3897E-01 1.7859E-04
4.1736E+04 3.4966E+01 2.6688E+02 6.5818E+01 -1.5746E-01 2.6008E-04
3.9351E+04 4.8972E+00 2.2769E+02 7.3682E+01 -1.1229E-01 1.5813E-04
4.1682E+04 6.7118E+00 2.6227E+02 8.3774E+01 -1.3828E-01 1.7281E-04
4.6762E+04 3.0416E-01 3.1104E+02 8.1668E+01 -1.1668E-01 1.4400E-04
4.3706E+04 -1.9050E+01 3.6986E+02 7.5044E+01 7.1783E-02 -4.1115E-05
4.1203E+04 -1.8117E+02 3.0585E+02 3.7448E+01 7.8436E-02 -1.0983E-05
3.9485E+04 6.1298E+00 2.8554E+02 6.9228E+01 3.7203E-02 4.0935E-06
4.0504E+04 -1.1490E+02 3.0564E+02 4.3000E+01 4.4116E-02 1.5707E-06
4.0360E+04 1.3358E+00 3.2286E+02 8.7591E+01 -1.3622E-01 1.3488E-04
4.7901E+04 2.1621E+01 3.7018E+02 6.6586E+01 6.9591E-03 2.5994E-05
4.6573E+04 -3.2391E+01 4.5692E+02 8.4487E+01 -6.9747E-02 6.3008E-05
3.5420E+04 -5.3753E+01 1.5815E+02 3.2378E+01 -5.2213E-02 1.4708E-04
4.2946E+04 -3.0253E+00 2.8435E+02 7.0633E+01 -1.4721E-01 1.7894E-04
4.4236E+04 2.9109E+01 2.6604E+02 7.1654E+01 -1.1043E-01 1.4540E-04
4.7266E+04 -3.5356E+00 2.3094E+02 5.1324E+01 -7.9377E-02 1.4061E-04
4.2416E+04 -3.8537E+01 2.5771E+02 5.2125E+01 -1.0617E-01 1.5259E-04
5.1989E+04 4.1772E+01 3.6961E+02 1.0364E+02 -2.0216E-01 1.8061E-04
4.9220E+04 -8.1728E+01 3.7035E+02 7.1467E+01 -4.2189E-02 4.5952E-05
3.6660E+04 -3.6916E+01 3.5266E+02 1.0553E+02 -6.6446E-02 5.8920E-05
5.1575E+04 -1.0551E+01 3.5685E+02 8.0421E+01 -1.0812E-01 1.1244E-04
4.4047E+04 5.6377E+00 2.1153E+02 7.3858E+01 -1.3274E-01 1.8144E-04