3.6233E+04 -1.6455E+01 2.5006E+02 7.8244E+01 -9.5261E-02 1.4406E-04
4.2773E+04 1.4495E+01 2.2840E+02 7.2050E+01 -1.2895E-01 1.9177E-04
4.2134E+04 -3.1709E+01 2.6591E+02 4.9611E+01 -3.9714E-02 1.0485E-04
3.9212E+04 -1.3727E+01 1.7976E+02 4.6593E+01 -2.4285E-02 1.2546E-04
3.8435E+04 -3.3163E+01 3.3547E+02 6.2389E+01 -3.2293E-02 8.0222E-05
4.1516E+04 -4.7430E+01 1.7052E+02 3.1412E+01 -4.2871E-02 1.4590E-04
3.9726E+04 1.2999E+01 2.6150E+02 1.1628E+02 -2.0012E-01 2.0625E-04
4.1376E+04 -8.1704E-02 2.1751E+02 7.7236E+01 -1.2632E-01 1.8808E-04
3.9054E+04 -1.0521E+00 2.4000E+02 8.2931E+01 -8.4040E-02 1.3118E-04
3.6003E+04 -1.5467E+02 3.0129E+02 2.8985E+01 4.9350E-02 2.0748E-05
4.3499E+04 9.3273E+00 3.4799E+02 1.0363E+02 -9.5079E-02 1.0026E-04
4.1396E+04 2.4743E+00 3.2038E+02 1.1178E+02 -1.3735E-01 1.3597E-04
4.0883E+04 -2.9979E+01 3.0994E+02 7.9017E+01 -6.6499E-02 9.4542E-05
3.7512E+04 -7.6291E+00 1.5560E+02 4.4389E+01 -2.0339E-02 1.3376E-04
3.9173E+04 1.7360E+01 2.4529E+02 9.6156E+01 -1.0171E-01 1.5254E-04
4.2220E+04 -1.6538E-01 2.2688E+02 8.1368E+01 -9.3008E-02 1.4351E-04
4.1290E+04 -1.3304E+00 2.0710E+02 6.9131E+01 -1.1894E-01 1.8841E-04
4.2954E+04 -1.5472E+01 2.9837E+02 1.1492E+02 -1.9135E-01 1.8607E-04
3.7431E+04 1.6550E+01 2.6642E+02 1.0635E+02 -4.1735E-02 7.5740E-05
4.1927E+04 -8.6193E-01 3.0396E+02 1.1627E+02 -1.6183E-01 1.7463E-04
4.1653E+04 -7.3276E-01 2.5427E+02 8.6580E+01 -1.1903E-01 1.6073E-04
4.2039E+04 -1.4722E+01 2.3705E+02 6.8135E+01 -1.0232E-01 1.5680E-04
3.9244E+04 -1.7930E+01 2.9197E+02 9.2939E+01 -1.1495E-01 1.3903E-04
4.2239E+04 9.0926E+00 2.3173E+02 7.8312E+01 -1.4128E-01 2.0329E-04
3.9182E+04 -2.0959E+01 1.8291E+02 5.9809E+01 -8.3203E-02 1.6581E-04
3.9315E+04 -3.0956E+01 3.0737E+02 6.0385E+01 2.5911E-02 3.4858E-05
3.6873E+04 -1.6583E+02 2.9335E+02 3.2792E+01 1.0952E-01 -3.6344E-05
3.8309E+04 1.4481E+00 2.4434E+02 1.0061E+02 -1.5137E-01 1.8572E-04
3.7606E+04 2.1931E+00 1.5884E+02 5.7849E+01 -6.2999E-02 1.6533E-04
4.1462E+04 1.0363E+01 2.9059E+02 1.0848E+02 -1.1991E-01 1.2787E-04
3.5456E+04 -3.1375E+01 2.9148E+02 8.7223E+01 -2.6664E-02 7.4233E-05
4.1366E+04 1.2466E+01 2.0190E+02 7.6700E+01 -1.7562E-01 2.4483E-04
4.1780E+04 -8.2697E+01 3.1012E+02 6.9090E+01 -3.7070E-02 8.0545E-05
3.9389E+04 -1.8735E+01 3.0523E+02 9.3896E+01 -1.3876E-01 1.5606E-04
3.8804E+04 -1.4521E+01 2.2754E+02 6.8706E+01 -8.9995E-02 1.5159E-04
3.9288E+04 -4.9831E-01 1.8697E+02 6.1932E+01 -9.9642E-02 1.8188E-04
4.3915E+04 -2.7276E+00 3.7964E+02 6.8600E+01 -2.9594E-02 6.2435E-05
4.1847E+04 -9.0393E+01 2.2444E+02 3.6857E+01 -9.8673E-03 1.0151E-04
3.8969E+04 -5.3356E+01 1.7097E+02 2.6259E+01 7.1653E-03 1.0595E-04
3.9809E+04 -1.1271E+01 2.0814E+02 6.3751E+01 -8.9180E-02 1.6584E-04
4.4519E+04 -2.1643E+01 1.5409E+02 3.3416E+01 -3.3075E-02 1.4982E-04
3.8875E+04 1.1453E+01 2.2551E+02 8.6380E+01 -1.4824E-01 2.0140E-04
4.2305E+04 -1.9300E+01 2.4025E+02 6.2196E+01 -9.6693E-02 1.5998E-04
3.4526E+04 -4.8237E+01 3.6808E+02 9.6529E+01 1.8797E-02 4.9534E-07
3.6702E+04 -2.5733E+01 2.8015E+02 8.2764E+01 -4.6102E-02 1.0920E-04
3.2656E+04 -6.4410E+00 2.4787E+02 6.9746E+01 9.7796E-02 -2.8769E-05
4.2805E+04 1.0789E+01 1.7973E+02 5.9696E+01 -1.0649E-01 1.9647E-04
4.2112E+04 1.8325E+01 2.4838E+02 7.7446E+01 -1.0637E-01 1.5856E-04
3.8553E+04 2.2873E+01 2.4593E+02 7.4926E+01 -6.8047E-02 1.1993E-04
4.3218E+04 2.7384E+01 3.4514E+02 9.2311E+01 -1.8814E-02 4.1817E-05
3.3126E+04 -3.4455E+01 3.1088E+02 9.2853E+01 -1.9073E-02 5.1268E-05
3.9312E+04 -6.9483E+00 3.0037E+02 8.9481E+01 -1.3454E-02 4.6621E-05
4.0555E+04 -2.6570E+00 2.7830E+02 9.0712E+01 -1.4811E-01 1.7779E-04
4.1445E+04 -2.8859E+01 2.7821E+02 9.8300E+01 -1.3957E-01 1.6413E-04
4.4402E+04 -5.9397E+00 3.0164E+02 1.0935E+02 -1.5268E-01 1.5876E-04
3.6265E+04 -2.5654E+01 3.0219E+02 1.0005E+02 -2.7628E-02 4.2764E-05
4.3912E+04 4.9105E+00 2.5339E+02 9.1175E+01 -1.1785E-01 1.5145E-04
3.7729E+04 -1.9639E+01 1.7957E+02 4.7286E+01 -5.2395E-02 1.5077E-04
4.0386E+04 -3.7452E+00 2.4113E+02 7.2198E+01 -1.1914E-01 1.7517E-04
3.7497E+04 -4.9438E+01 3.2135E+02 7.5921E+01 -3.7991E-02 7.2173E-05
4.3887E+04 -3.0661E+00 3.2687E+02 1.0674E+02 -8.8682E-02 8.4567E-05
4.3728E+04 1.1665E+00 2.3984E+02 7.0541E+01 -8.8478E-02 1.4173E-04
3.8313E+04 -1.8568E+01 3.7571E+02 1.2146E+02 -1.3676E-01 1.2442E-04
3.7610E+04 1.0434E+01 2.8512E+02 1.1084E+02 -8.1850E-02 1.0201E-04
4.0426E+04 -8.6463E+01 2.9963E+02 4.4713E+01 3.3515E-02 1.9793E-05
3.8450E+04 1.2042E+01 2.9581E+02 1.1847E+02 -1.7745E-01 1.7470E-04
3.9986E+04 2.0588E+01 2.6109E+02 9.0269E+01 -1.1851E-01 1.5428E-04
4.0393E+04 -1.3047E+01 1.8368E+02 4.5508E+01 -6.0724E-02 1.6277E-04
3.9469E+04 -1.6813E+01 3.4279E+02 7.1807E+01 3.8013E-02 1.2581E-05
3.8860E+04 -1.8616E+00 1.8994E+02 4.3422E+01 -3.3981E-02 1.3800E-04
4.2145E+04 2.8463E+00 3.7201E+02 1.0781E+02 -1.6102E-01 1.6747E-04
3.7481E+04 4.9729E-01 3.5553E+02 1.4753E+02 -1.2831E-01 9.4583E-05
4.0598E+04 1.4904E+01 3.2746E+02 1.2723E+02 -1.8505E-01 1.7710E-04
4.1796E+04 -3.3784E+01 2.6313E+02 7.1935E+01 -7.6709E-02 1.2410E-04
3.9455E+04 1.0238E+01 2.2514E+02 7.8983E+01 -9.3468E-02 1.5002E-04
4.0819E+04 9.5118E+00 2.3017E+02 7.8292E+01 -1.2234E-01 1.8772E-04
4.2240E+04 3.5638E+01 2.7198E+02 6.9733E+01 -8.3377E-02 1.3959E-04
4.0194E+04 -1.9193E+01 2.0776E+02 6.1903E+01 -1.0035E-01 1.7783E-04
3.8919E+04 -2.7587E-01 3.0252E+02 1.2042E+02 -1.1432E-01 1.1900E-04
4.3730E+04 1.2665E+01 3.0973E+02 8.6585E+01 -1.1621E-01 1.5392E-04
4.1452E+04 2.3573E+01 2.7269E+02 1.0691E+02 -1.3892E-01 1.5172E-04
3.7386E+04 -3.0514E+01 2.2572E+02 6.4774E+01 -7.0672E-02 1.3622E-04
4.5339E+04 -1.3313E+01 3.2479E+02 7.6780E+01 -7.7713E-02 1.0310E-04
4.1868E+04 -3.5106E+01 3.3932E+02 8.0411E+01 -5.3077E-02 8.4065E-05
3.8986E+04 -3.7569E+01 2.3454E+02 6.2090E+01 -5.4247E-02 1.1385E-04
4.3113E+04 1.1417E+01 2.8285E+02 6.7383E+01 -7.1404E-02 1.2632E-04
4.1891E+04 -4.7859E+02 3.0625E+02 1.5021E+01 8.0242E-03 3.9970E-05
4.0628E+04 9.6165E-01 2.7743E+02 8.1387E+01 -7.8886E-02 1.1005E-04
4.3237E+04 1.5277E+01 2.9351E+02 9.3879E+01 -1.4951E-01 1.7141E-04
4.1655E+04 -1.4094E+01 2.7566E+02 6.4937E+01 1.9883E-02 4.4749E-05
3.8502E+04 4.4226E+00 1.8361E+02 5.8826E+01 -9.7749E-02 1.9316E-04
4.3356E+04 4.5891E+00 2.8189E+02 8.1609E+01 -1.1069E-01 1.4576E-04
4.0787E+04 3.0813E+01 4.1336E+02 1.1183E+02 -8.4136E-02 7.1419E-05
4.0855E+04 1.8458E+01 2.5398E+02 1.0265E+02 -1.9156E-01 2.1401E-04
4.4173E+04 4.9671E+01 4.1394E+02 1.1561E+02 -1.9570E-01 1.8068E-04
3.9843E+04 -1.7679E+01 2.6979E+02 8.1149E+01 -7.1386E-02 1.1322E-04
3.7793E+04 -1.1980E+01 1.7317E+02 4.8624E+01 -4.9927E-02 1.5176E-04
3.3767E+04 -2.2453E+01 2.0658E+02 6.3971E+01 -3.7879E-02 1.1436E-04
4.1783E+04 8.4470E+00 2.7917E+02 8.7819E+01 -1.1157E-01 1.4441E-04
3.7262E+04 -2.0611E+01 3.2406E+02 7.8307E+01 -4.3649E-02 7.9335E-05
3.7502E+04 -4.7639E+01 3.0252E+02 7.9718E+01 -7.9186E-02 1.1837E-04
4.2393E+04 -3.2281E+01 2.4459E+02 5.5225E+01 -9.0679E-02 1.4738E-04
4.0851E+04 -1.7443E+01 3.2965E+02 7.5591E+01 -4.2898E-02 7.6725E-05
3.9470E+04 -4.1078E+00 2.4993E+02 8.7886E+01 -1.7563E-01 2.1183E-04
3.9048E+04 -5.9919E+01 3.0635E+02 7.6875E+01 1.0814E-03 3.2164E-05
3.7680E+04 -3.0536E+01 2.8111E+02 8.3137E+01 -3.4026E-02 7.7385E-05
3.8951E+04 -1.1693E+00 1.8493E+02 6.0093E+01 -5.8366E-02 1.4830E-04
3.9369E+04 -1.9231E+01 2.9977E+02 8.8826E+01 -7.9864E-02 1.0923E-04
4.1059E+04 1.5544E+01 3.2661E+02 1.2595E+02 -1.7513E-01 1.6142E-04
3.8441E+04 7.8889E+00 1.7954E+02 7.1594E+01 -1.2236E-01 2.0288E-04
4.1913E+04 -2.2013E+01 2.7387E+02 7.6812E+01 -8.2403E-02 1.2279E-04
3.8263E+04 -5.2243E+01 2.3843E+02 3.8957E+01 3.5263E-02 4.6077E-05
3.8013E+04 -9.4214E+00 2.6488E+02 1.0240E+02 -1.6090E-01 1.8078E-04
4.1709E+04 1.6227E+00 2.7641E+02 1.1434E+02 -1.9371E-01 2.0005E-04
3.7210E+04 -2.8377E+01 2.0328E+02 4.2891E+01 1.5883E-02 7.5094E-05
4.0695E+04 6.0510E+00 2.8667E+02 1.1677E+02 -1.5894E-01 1.8181E-04
4.0493E+04 1.0077E+01 2.7085E+02 1.0092E+02 -1.5385E-01 1.7969E-04
3.9352E+04 -5.2701E-01 3.3150E+02 1.3082E+02 -1.6390E-01 1.4833E-04
4.4207E+04 -1.6437E+02 3.3167E+02 3.9058E+01 1.0428E-03 5.0199E-05
3.9466E+04 -6.7300E-01 2.6449E+02 9.1819E+01 -4.5937E-02 8.2707E-05
4.2201E+04 -2.2618E+00 2.8082E+02 9.4068E+01 -9.1316E-02 1.3488E-04
4.2034E+04 -5.1839E+01 2.8510E+02 7.3562E+01 -7.2144E-02 1.1547E-04
4.0810E+04 1.0667E+01 2.6531E+02 9.9601E+01 -1.1637E-01 1.3951E-04
3.7739E+04 -5.5227E+01 2.5966E+02 6.5933E+01 -2.2975E-02 8.0235E-05
4.3766E+04 2.3222E+00 3.3563E+02 1.1365E+02 -1.3068E-01 1.2368E-04
3.9561E+04 -2.8529E+02 3.2045E+02 2.7247E+01 5.7492E-02 -4.4987E-06
4.0248E+04 5.6298E-01 3.1725E+02 1.0502E+02 -1.0890E-01 1.2672E-04
3.9655E+04 4.6862E+01 3.4255E+02 1.0339E+02 -9.0820E-02 1.1207E-04
4.0029E+04 -1.5342E+01 2.5056E+02 7.2753E+01 -1.0070E-01 1.5242E-04
4.3298E+04 3.6282E+01 3.7964E+02 1.1368E+02 -1.9499E-01 1.7985E-04
3.9508E+04 -7.1456E+00 2.6099E+02 7.7176E+01 -1.5959E-01 2.0297E-04
4.0711E+04 8.3595E-02 3.1812E+02 8.7185E+01 -8.6043E-02 1.1737E-04
3.6144E+04 -2.9324E+01 2.7984E+02 8.8755E+01 -1.2465E-01 1.5608E-04
4.2483E+04 -2.1046E+01 2.6527E+02 7.7162E+01 -1.2427E-01 1.6441E-04
4.2036E+04 1.5728E+01 2.3526E+02 8.4571E+01 -1.7335E-01 2.2481E-04
3.8907E+04 -1.2065E+01 2.2101E+02 8.2200E+01 -1.4092E-01 1.9428E-04
3.5802E+04 -3.1505E+00 3.0373E+02 1.0737E+02 -7.8511E-02 1.2102E-04
3.9166E+04 -3.3207E+01 2.9305E+02 8.4362E+01 -8.3101E-02 1.1965E-04
3.7666E+04 -9.6433E+00 1.9304E+02 5.4644E+01 -5.0178E-02 1.3793E-04
4.3492E+04 -4.6425E+00 3.5074E+02 1.0385E+02 -1.2093E-01 1.1777E-04
4.2737E+04 -9.8381E+00 3.0530E+02 7.9796E+01 -8.7591E-02 1.1217E-04
3.9120E+04 2.5907E+01 2.1686E+02 7.1314E+01 -4.1252E-02 1.1368E-04
4.2302E+04 -2.6599E+01 2.1617E+02 4.5702E+01 -7.0556E-02 1.5323E-04
3.6032E+04 -3.0606E+01 2.3703E+02 5.4370E+01 -6.4268E-02 1.3099E-04
4.3650E+04 -1.4654E+01 2.2691E+02 5.8584E+01 -1.1627E-01 1.8350E-04
4.1928E+04 8.2424E-01 2.0487E+02 4.6634E+01 -5.6984E-02 1.5033E-04
3.9589E+04 -2.7022E+01 2.8784E+02 7.6431E+01 -2.9773E-02 8.1502E-05
4.0014E+04 7.9533E+00 2.4624E+02 7.6076E+01 -1.3917E-01 1.9003E-04
4.3614E+04 1.2214E+00 1.6714E+02 4.1963E+01 -4.6361E-02 1.5557E-04
3.9847E+04 1.8583E+01 3.5959E+02 1.2408E+02 -2.1823E-01 2.0506E-04
4.3754E+04 -1.9105E+01 3.3075E+02 7.4053E+01 -7.3281E-02 1.1276E-04
4.4380E+04 6.5640E+00 1.7857E+02 3.7421E+01 -2.1074E-02 1.2908E-04
4.5330E+04 -3.7551E+01 3.6414E+02 6.3370E+01 -4.2086E-02 7.2756E-05
4.1041E+04 -2.4670E+01 3.1473E+02 9.2479E+01 -6.9938E-02 8.5822E-05
4.4795E+04 7.1342E+00 3.0555E+02 9.3322E+01 -1.5172E-01 1.6726E-04
3.6177E+04 -2.1179E+01 3.1762E+02 1.1948E+02 -1.4391E-01 1.4977E-04
3.9532E+04 3.0381E+00 2.2850E+02 5.4375E+01 -5.3237E-02 1.2665E-04
3.9209E+04 -1.4486E+01 2.8660E+02 9.1892E+01 -1.0399E-01 1.2456E-04
3.6964E+04 3.6931E+00 3.4353E+02 1.0698E+02 -6.9268E-02 6.9303E-05
3.9664E+04 9.1080E+00 2.3652E+02 7.8984E+01 -1.3197E-01 1.8594E-04
3.8931E+04 -2.1632E+01 3.5032E+02 1.3242E+02 -1.8782E-01 1.6085E-04
3.9568E+04 -8.7306E+01 1.5471E+02 1.9652E+01 2.1375E-02 9.3966E-05
4.1926E+04 3.7526E+00 2.6774E+02 9.5283E+01 -1.2855E-01 1.5935E-04
3.9965E+04 -5.1607E+00 1.6418E+02 5.2263E+01 -7.4070E-02 1.7429E-04
3.7155E+04 -1.0328E+00 2.2983E+02 8.1290E+01 -1.6160E-01 2.1764E-04
4.1143E+04 -2.4971E+00 2.3829E+02 7.3213E+01 -5.1518E-02 1.1092E-04
4.1415E+04 1.1450E+01 2.0912E+02 7.4776E+01 -1.4252E-01 2.0924E-04
3.8673E+04 -5.6682E+00 2.7489E+02 1.0296E+02 -1.3060E-01 1.5406E-04
3.9889E+04 -6.5645E+00 1.7733E+02 5.4593E+01 -7.2680E-02 1.6472E-04
3.9036E+04 -2.3646E+01 2.9073E+02 9.5011E+01 -8.9505E-02 1.1477E-04
3.7842E+04 5.3446E-01 3.2328E+02 1.0756E+02 -1.4212E-01 1.5687E-04
4.1415E+04 -3.1055E+01 2.1001E+02 4.7442E+01 -2.8363E-02 1.1195E-04
3.7257E+04 -2.4437E+00 1.9056E+02 5.7163E+01 -9.9728E-02 1.9010E-04
4.0383E+04 1.8765E+00 3.1021E+02 1.0338E+02 -1.0969E-01 1.2276E-04
3.9156E+04 -3.8803E+00 2.3684E+02 7.2354E+01 -2.8719E-02 8.4459E-05
4.3461E+04 -3.6628E+00 3.1925E+02 1.0691E+02 -1.2989E-01 1.3485E-04
4.1238E+04 -1.0119E+01 3.3562E+02 8.4987E+01 -6.8393E-02 8.9683E-05
3.6408E+04 -2.0973E+01 2.4779E+02 8.2154E+01 -5.9212E-02 9.6196E-05
3.9321E+04 1.0873E+01 3.4422E+02 1.4734E+02 -3.0043E-01 2.6299E-04
3.9420E+04 5.1689E+00 2.8071E+02 8.6966E+01 -1.0704E-01 1.4506E-04
4.0480E+04 -6.4422E+00 2.4248E+02 6.4168E+01 -5.1280E-02 1.1765E-04
4.0045E+04 -2.2347E+00 2.6185E+02 6.9212E+01 -8.9614E-02 1.4315E-04
4.1477E+04 -3.0931E+01 3.4148E+02 6.2332E+01 2.2651E-03 3.8599E-05
4.1740E+04 1.5270E+01 2.1388E+02 7.1489E+01 -1.2376E-01 1.9605E-04
4.0910E+04 -6.9595E+00 2.5809E+02 7.4892E+01 -4.5919E-02 1.0358E-04
3.6309E+04 -2.3066E+01 1.7660E+02 5.4313E+01 -7.6999E-02 1.7076E-04
3.9096E+04 2.2069E+01 2.8980E+02 1.1703E+02 -1.8664E-01 2.1039E-04
3.7496E+04 2.6205E+01 3.1064E+02 1.2712E+02 -1.7601E-01 1.7773E-04
3.5021E+04 2.3364E+00 1.9002E+02 7.8252E+01 -7.7293E-02 1.4720E-04
3.8005E+04 -9.2874E-01 2.3378E+02 8.4469E+01 -4.3856E-02 1.0610E-04
3.6718E+04 -1.4015E+01 2.2348E+02 9.0347E+01 -1.2601E-01 1.6906E-04
4.2013E+04 2.2781E+01 3.3743E+02 1.1484E+02 -1.4189E-01 1.4199E-04
4.1310E+04 6.1221E+00 2.7475E+02 9.2079E+01 -8.6086E-02 1.2452E-04
3.8841E+04 6.2382E-01 3.1249E+02 1.0391E+02 -9.4536E-02 1.1339E-04
3.7672E+04 1.5623E+00 1.9187E+02 7.7612E+01 -1.2868E-01 1.9325E-04
4.2077E+04 2.5330E+01 2.3609E+02 8.0071E+01 -1.4217E-01 2.0120E-04
4.1541E+04 1.4011E+01 3.4435E+02 8.8026E+01 -5.5038E-02 9.4544E-05
4.0859E+04 1.1769E+01 2.4387E+02 9.7316E+01 -1.5308E-01 1.8562E-04
4.0415E+04 1.0021E+01 3.1330E+02 1.0381E+02 -1.0059E-01 1.1329E-04
4.3097E+04 6.6413E+00 2.1994E+02 7.5552E+01 -1.3847E-01 1.9215E-04
3.9986E+04 3.5259E+00 2.9594E+02 9.0139E+01 -1.1921E-01 1.5690E-04
4.1474E+04 -8.9082E-01 4.0133E+02 1.2079E+02 -1.3654E-01 1.1485E-04
4.2201E+04 -2.9239E+00 2.8659E+02 9.8789E+01 -1.3749E-01 1.5838E-04
3.6522E+04 1.7631E+01 3.4214E+02 1.1703E+02 -6.3810E-02 7.1475E-05
3.6448E+04 8.9970E+00 2.0597E+02 7.3170E+01 -1.3422E-01 2.1099E-04
4.3947E+04 1.1614E+01 2.1182E+02 6.9153E+01 -1.2002E-01 1.9210E-04
3.8462E+04 -4.3707E+01 1.9807E+02 4.3800E+01 1.7679E-02 7.2528E-05
4.1697E+04 -3.5539E+01 3.7472E+02 9.1488E+01 -7.8578E-02 8.5171E-05
3.9566E+04 1.2675E+01 3.6234E+02 1.0384E+02 -5.3073E-02 5.5694E-05
4.1766E+04 -1.4082E+00 3.3931E+02 1.0551E+02 -1.1395E-01 1.2323E-04
4.4036E+04 -9.9096E+01 2.8654E+02 2.5208E+01 5.5068E-02 1.6018E-05
3.9938E+04 -1.0921E+02 3.8309E+02 7.2719E+01 -9.5416E-02 1.0942E-04
3.9679E+04 -5.7087E+00 2.0295E+02 4.7750E+01 -5.9679E-02 1.5538E-04
3.9075E+04 -2.4295E+00 3.0570E+02 8.7648E+01 -1.1671E-01 1.3923E-04
3.9334E+04 -3.2641E+01 3.1453E+02 1.0653E+02 -1.1954E-01 1.2244E-04
3.9747E+04 -2.2812E+01 2.6810E+02 6.6824E+01 -7.6941E-02 1.3144E-04
3.8642E+04 -1.4796E+01 2.3146E+02 8.2897E+01 -1.1335E-01 1.5955E-04
4.2081E+04 -6.2022E+01 1.7387E+02 3.2684E+01 -5.2067E-03 1.0586E-04
3.8234E+04 -6.5147E+00 1.8745E+02 4.9700E+01 -7.0837E-02 1.7149E-04
4.1858E+04 -3.2176E+00 1.9298E+02 5.9081E+01 -1.0588E-01 1.9178E-04
4.1965E+04 2.1890E+01 3.1475E+02 1.0043E+02 -1.0919E-01 1.2433E-04
4.2068E+04 -2.0546E+00 1.7407E+02 4.9968E+01 -7.3406E-02 1.6978E-04
3.8709E+04 7.2566E+00 2.3530E+02 9.9606E+01 -1.9501E-01 2.2707E-04
4.0826E+04 8.3217E-01 1.8190E+02 6.5145E+01 -7.9312E-02 1.6413E-04
4.0886E+04 -5.5424E+01 2.3101E+02 4.9862E+01 -5.0720E-02 1.3092E-04
3.7548E+04 -1.6320E+01 3.0931E+02 7.6322E+01 -1.9554E-02 6.8950E-05
4.1583E+04 1.2030E+01 2.3479E+02 6.7532E+01 -8.3741E-02 1.5227E-04
4.4091E+04 -7.9840E+00 2.4309E+02 5.9957E+01 -4.4747E-02 1.1127E-04
4.2065E+04 -4.1110E+00 2.6067E+02 8.1699E+01 -1.0142E-01 1.4805E-04
4.0957E+04 -6.3499E+01 3.2878E+02 6.5909E+01 -6.2655E-02 1.3431E-04
3.9888E+04 -2.1339E+01 2.0054E+02 5.9684E+01 -8.1475E-02 1.6099E-04
3.9417E+04 -4.6874E+00 2.9586E+02 8.2661E+01 -4.2300E-02 9.1599E-05
4.0520E+04 -2.4688E+01 2.8149E+02 8.3915E+01 -5.2070E-02 8.1118E-05
3.7183E+04 -2.7518E+01 1.6151E+02 4.0342E+01 -5.6355E-02 1.7220E-04
3.8058E+04 -6.8426E+00 2.9387E+02 1.1569E+02 -1.8623E-01 1.8991E-04
3.8315E+04 -7.0149E+01 3.5242E+02 7.9201E+01 -3.1614E-02 7.0442E-05
4.0257E+04 9.2900E+00 3.4957E+02 1.2048E+02 -1.7703E-01 1.7982E-04
4.2198E+04 -1.9543E+00 2.7970E+02 1.0015E+02 -1.2607E-01 1.4173E-04
3.8812E+04 -7.4966E-02 1.7029E+02 5.5925E+01 -7.2816E-02 1.7184E-04
4.4236E+04 2.3032E+01 2.3018E+02 4.9720E+01 -2.6725E-02 1.0853E-04
3.5746E+04 -5.1225E+00 2.6114E+02 9.3824E+01 -1.0235E-01 1.4024E-04
4.1509E+04 2.0353E+01 2.3124E+02 7.9442E+01 -1.2426E-01 1.7924E-04
3.7105E+04 -7.8978E+00 2.4931E+02 1.1349E+02 -2.0184E-01 2.1161E-04
4.4155E+04 -1.4670E+01 3.6672E+02 9.5643E+01 -1.6080E-01 1.5908E-04
3.8760E+04 -7.7914E+00 1.7082E+02 5.8598E+01 -8.1671E-02 1.7180E-04
4.0260E+04 -2.2152E+01 2.4113E+02 6.5978E+01 -8.5549E-02 1.4412E-04
4.0970E+04 -6.0035E+01 2.9067E+02 6.4389E+01 -5.3637E-02 9.6097E-05
4.1144E+04 -7.5161E+00 3.2013E+02 9.4767E+01 -7.4355E-02 9.3613E-05
4.1440E+04 1.9207E+01 3.3545E+02 9.5368E+01 -1.1391E-01 1.2216E-04
3.7973E+04 4.7058E+00 2.8484E+02 1.1547E+02 -4.3818E-02 6.5511E-05
3.9056E+04 1.0673E+01 2.8939E+02 1.1250E+02 -1.1711E-01 1.3474E-04
3.8835E+04 -2.6049E+00 2.1995E+02 8.7626E+01 -1.5029E-01 1.9666E-04
4.1799E+04 3.2495E+01 2.4374E+02 9.2815E+01 -1.8094E-01 2.2350E-04
3.6007E+04 2.6468E+00 3.5761E+02 1.1359E+02 -3.9543E-02 5.3000E-05
4.4204E+04 -5.0203E+01 2.2862E+02 4.9694E+01 -5.7539E-02 1.2622E-04
3.9308E+04 -2.1268E+01 3.0583E+02 1.0494E+02 -1.0465E-01 1.1347E-04
3.7925E+04 -2.2882E+01 3.0001E+02 1.0477E+02 -3.3353E-02 4.9863E-05
3.8957E+04 2.4233E+00 2.7888E+02 1.2559E+02 -2.2307E-01 2.2574E-04
3.9225E+04 1.9799E+01 2.8105E+02 1.0112E+02 -1.3244E-01 1.6727E-04
4.4399E+04 6.7195E+00 2.5611E+02 7.3175E+01 -9.5936E-02 1.3866E-04
3.6283E+04 -8.5271E+01 2.3035E+02 4.1512E+01 3.4934E-02 4.6268E-05
3.9954E+04 1.3478E+01 2.1105E+02 6.4256E+01 -6.3259E-02 1.4348E-04
3.7218E+04 -9.7487E+00 2.1948E+02 5.6903E+01 -1.9622E-02 9.7736E-05
3.8655E+04 5.7292E-01 2.2413E+02 8.3061E+01 -1.1866E-01 1.7024E-04
4.0212E+04 7.5557E+00 2.9054E+02 1.2672E+02 -2.2380E-01 2.1255E-04
4.5071E+04 -1.1305E+01 2.9073E+02 7.1427E+01 -1.0520E-01 1.4096E-04
4.2711E+04 2.1538E+00 2.6662E+02 8.7448E+01 -1.3622E-01 1.7332E-04
3.7210E+04 7.2367E+00 2.8665E+02 1.2219E+02 -1.8160E-01 1.7964E-04
4.0248E+04 3.0098E-01 2.7198E+02 1.0611E+02 -1.4646E-01 1.6667E-04
3.8509E+04 -3.5321E+01 3.0085E+02 9.6632E+01 -1.1503E-01 1.3300E-04
3.9525E+04 1.0972E+01 3.0695E+02 1.2473E+02 -2.0687E-01 1.9823E-04
3.8193E+04 5.0727E+00 2.0749E+02 8.2457E+01 -1.3207E-01 1.9201E-04
4.3418E+04 -1.6163E-02 2.9664E+02 1.1125E+02 -1.2581E-01 1.3742E-04
4.0032E+04 -2.9007E+00 3.2845E+02 9.9536E+01 -8.1390E-02 1.1204E-04
4.2173E+04 -3.9696E+01 2.2823E+02 4.8269E+01 -2.7602E-02 9.8959E-05
4.3232E+04 1.3804E+01 3.1270E+02 1.1461E+02 -1.3988E-01 1.4294E-04
4.0675E+04 -2.6824E+01 3.1268E+02 6.3686E+01 7.5032E-03 5.2305E-05
3.6439E+04 -3.3899E+01 2.1133E+02 5.5106E+01 4.8198E-03 7.6498E-05
3.9829E+04 -2.6802E+01 2.9424E+02 8.3185E+01 -5.1694E-02 7.8291E-05
4.1636E+04 -2.8507E+00 2.5999E+02 7.8094E+01 -7.8914E-02 1.3085E-04
4.0571E+04 -2.2190E+01 3.3152E+02 1.0491E+02 -1.5538E-01 1.7561E-04
4.0437E+04 -1.7333E+01 2.3068E+02 7.7657E+01 -1.0491E-01 1.5336E-04
3.8692E+04 3.0464E+01 3.0508E+02 8.9793E+01 -6.0919E-02 8.0942E-05
4.1888E+04 2.6410E+01 3.7824E+02 9.3951E+01 -5.5577E-02 8.4845E-05
3.6625E+04 -5.3348E+00 1.8855E+02 5.2404E+01 -6.6293E-02 1.6082E-04
4.1878E+04 -4.9022E-01 2.1634E+02 4.9384E+01 -3.7427E-02 1.3005E-04
3.9657E+04 -1.2093E+01 2.2779E+02 5.1574E+01 -8.5645E-02 1.5886E-04
4.3347E+04 -2.1437E+01 2.8972E+02 9.3689E+01 -1.1726E-01 1.4056E-04
4.3496E+04 2.2819E+01 3.3390E+02 7.3147E+01 -3.4414E-02 8.3025E-05
3.9102E+04 -4.6355E+00 2.9108E+02 1.0311E+02 -1.4024E-01 1.5734E-04
3.9279E+04 -2.2124E+00 3.0710E+02 1.0976E+02 -1.3279E-01 1.5046E-04
4.1176E+04 -1.1830E+01 2.4376E+02 7.5376E+01 -1.3365E-01 1.8287E-04
3.8763E+04 -3.4616E+01 2.2435E+02 5.1922E+01 -3.5545E-02 1.0838E-04
3.7683E+04 -2.4654E+00 2.5455E+02 7.0386E+01 2.9696E-04 6.4865E-05
4.2953E+04 9.3662E+00 2.8836E+02 1.0066E+02 -1.2110E-01 1.4157E-04
3.8232E+04 2.8840E+01 3.1778E+02 1.1052E+02 -4.4798E-02 8.4432E-05
4.1310E+04 1.8276E+01 2.9820E+02 9.8602E+01 -1.0957E-01 1.4809E-04
4.1284E+04 -8.9021E+01 3.0687E+02 5.5754E+01 -1.8319E-02 5.8390E-05
4.3945E+04 3.7399E+00 2.4728E+02 8.2254E+01 -1.1834E-01 1.6435E-04
3.7344E+04 -1.9864E+00 3.2707E+02 1.0283E+02 -2.3883E-02 6.5884E-05
4.1697E+04 -2.2377E+01 2.9595E+02 9.0503E+01 -7.6019E-02 9.5331E-05
3.9366E+04 -1.1965E+01 2.6747E+02 9.2458E+01 -1.5484E-01 1.8214E-04
3.4835E+04 -2.0298E+00 2.4831E+02 8.1246E+01 -1.0789E-01 1.5759E-04
3.9457E+04 -1.2712E+01 2.8587E+02 7.6322E+01 -1.0047E-01 1.4765E-04
4.1830E+04 -4.7045E+00 1.9588E+02 5.2969E+01 -4.2727E-02 1.3236E-04
3.8473E+04 -7.4584E+00 2.0977E+02 8.2611E+01 -1.4078E-01 1.9328E-04
3.5575E+04 -3.5524E+01 2.5643E+02 7.2777E+01 -6.3516E-02 1.1717E-04
3.9226E+04 -1.8963E+01 2.1602E+02 6.5612E+01 -8.5809E-02 1.5417E-04
4.1360E+04 1.0615E+01 2.5262E+02 9.5041E+01 -1.5787E-01 1.9288E-04
4.4697E+04 -1.3052E+01 3.1698E+02 9.8231E+01 -1.4567E-01 1.6140E-04
4.3042E+04 -1.5329E+01 2.5966E+02 6.7958E+01 -5.5840E-02 1.1705E-04
4.1220E+04 -3.8282E+01 2.1214E+02 5.0073E+01 -2.5673E-02 1.0547E-04
4.3045E+04 -3.2770E+01 2.1334E+02 4.9640E+01 -7.0636E-02 1.4613E-04
4.5088E+04 7.0216E+00 3.2281E+02 9.0604E+01 -1.0963E-01 1.2655E-04
3.9525E+04 2.2933E+01 3.0699E+02 9.0839E+01 -6.1183E-02 9.1232E-05
4.1745E+04 1.7520E+00 2.3852E+02 9.4158E+01 -1.9629E-01 2.3106E-04
3.6902E+04 -3.4644E+01 1.9439E+02 3.4577E+01 -3.1600E-03 1.0777E-04
3.6980E+04 -3.3437E+01 2.6837E+02 8.8673E+01 -8.9781E-02 1.4061E-04
3.7153E+04 -4.0719E+01 2.7728E+02 7.7092E+01 2.3084E-02 3.0570E-05
4.2534E+04 -1.6779E+01 2.7148E+02 7.6403E+01 -6.7719E-02 1.1310E-04
4.0588E+04 -5.3853E+01 1.8363E+02 3.6602E+01 -2.5514E-02 1.2465E-04
3.9435E+04 -2.1040E+01 2.7797E+02 9.1439E+01 -1.0734E-01 1.3065E-04
3.8440E+04 -6.8426E+00 1.8830E+02 4.6231E+01 -4.8748E-02 1.5225E-04
3.8977E+04 -1.3514E+01 1.9098E+02 5.6168E+01 -6.9590E-02 1.5342E-04
4.0141E+04 -1.0466E+01 2.2465E+02 5.3258E+01 -6.9484E-02 1.4664E-04
3.5689E+04 -5.1037E+00 2.2481E+02 7.3185E+01 -8.6888E-02 1.4824E-04
3.9331E+04 -2.3765E+01 3.4830E+02 9.5553E+01 -6.3100E-02 7.8650E-05
3.9794E+04 -1.2791E+01 2.7316E+02 6.1650E+01 -2.2744E-02 7.9106E-05
4.6442E+04 -2.2446E+01 2.3584E+02 6.1827E+01 -8.8582E-02 1.4729E-04
4.0762E+04 5.2482E+00 3.3741E+02 1.1006E+02 -1.1954E-01 1.2250E-04
4.0672E+04 -3.2214E+01 2.0589E+02 4.1297E+01 -6.1489E-02 1.4912E-04
4.1488E+04 4.5193E+00 3.2440E+02 1.2810E+02 -2.0759E-01 2.0821E-04
3.7250E+04 5.1635E+00 2.9814E+02 1.0759E+02 -8.6147E-02 9.9000E-05
3.9487E+04 7.7740E+00 3.1190E+02 9.5851E+01 -9.2006E-02 1.1113E-04
4.4592E+04 1.5744E+01 3.2364E+02 9.6112E+01 -9.2046E-02 1.0051E-04
3.9291E+04 -3.9918E+01 2.4101E+02 5.6060E+01 -3.1617E-02 1.0580E-04
4.1217E+04 1.5865E+00 2.6425E+02 7.7336E+01 -7.6441E-02 1.2007E-04
4.1272E+04 3.1201E+00 1.9332E+02 5.7813E+01 -9.0657E-02 1.7513E-04
4.2515E+04 1.0086E+01 2.3484E+02 8.2056E+01 -1.3481E-01 1.8668E-04
3.9051E+04 1.6518E+01 2.6817E+02 1.0681E+02 -1.1374E-01 1.4168E-04
3.9053E+04 -1.8087E+01 2.5637E+02 6.3759E+01 -4.9210E-02 1.0161E-04
3.6005E+04 6.8869E+00 2.3459E+02 6.4036E+01 -5.7784E-02 1.2255E-04
4.5467E+04 2.8757E+01 3.4223E+02 1.1184E+02 -1.3408E-01 1.3832E-04
3.7836E+04 -3.1202E+01 2.0393E+02 5.3889E+01 -5.4066E-02 1.3221E-04
4.2187E+04 -3.2870E+01 2.9080E+02 9.5512E+01 -1.1295E-01 1.2325E-04
4.2393E+04 1.4482E+00 2.7185E+02 9.3192E+01 -1.6837E-01 1.9638E-04
3.9229E+04 -9.1077E+00 2.0150E+02 6.3001E+01 -1.0168E-01 1.7557E-04
4.3158E+04 -2.7895E+01 2.2791E+02 3.2234E+01 -2.7594E-02 1.1758E-04
3.8312E+04 -2.1308E+01 1.8212E+02 5.1449E+01 -8.3737E-02 1.7279E-04
4.1813E+04 -2.1100E+00 2.3228E+02 7.4989E+01 -1.2818E-01 1.8130E-04
4.2682E+04 -9.7218E+01 2.2533E+02 3.1338E+01 1.8788E-02 5.5794E-05
4.2295E+04 -4.8386E-01 2.2510E+02 8.1078E+01 -1.5194E-01 2.0651E-04
3.6105E+04 7.8778E+00 2.9308E+02 9.2760E+01 -1.0841E-01 1.2555E-04
4.2158E+04 -9.5356E-01 3.2585E+02 1.2629E+02 -1.8055E-01 1.8336E-04
4.0180E+04 3.2920E+00 2.3247E+02 8.2246E+01 -1.1678E-01 1.6558E-04
4.2750E+04 -1.7841E+01 3.2674E+02 9.1384E+01 -6.2035E-02 7.5890E-05
3.9795E+04 -2.2631E+01 1.6360E+02 4.1568E+01 -2.8349E-02 1.3267E-04
3.9320E+04 -2.5598E+01 2.6761E+02 7.4024E+01 -4.2451E-02 9.0082E-05
4.2368E+04 -2.0286E+01 3.1789E+02 9.3283E+01 -1.0635E-01 1.2894E-04
4.0806E+04 -4.9137E+00 3.4924E+02 1.1791E+02 -1.7329E-01 1.8217E-04
4.0216E+04 1.0127E+01 3.5192E+02 1.0937E+02 -1.0702E-01 1.0100E-04
3.8674E+04 -5.7516E+00 2.4899E+02 8.6843E+01 -1.1910E-01 1.6523E-04
4.0835E+04 -8.2031E+01 2.3775E+02 3.5531E+01 2.6542E-02 5.6399E-05
4.0199E+04 6.9296E+00 3.6126E+02 1.3090E+02 -1.7857E-01 1.5261E-04
3.8972E+04 2.6627E+00 2.7448E+02 9.3387E+01 -5.7244E-02 1.0663E-04
3.9218E+04 2.9007E+01 2.9922E+02 7.5104E+01 -1.1395E-02 6.4327E-05
4.2542E+04 1.5834E+01 3.0936E+02 9.7621E+01 -1.2593E-01 1.4863E-04
3.7906E+04 -1.7825E+01 2.3795E+02 7.5271E+01 -5.4539E-02 1.1254E-04
4.3395E+04 4.5400E-01 3.3981E+02 9.4661E+01 -8.1370E-02 1.0687E-04
3.9695E+04 -4.6042E+01 3.3059E+02 7.5911E+01 -4.1586E-02 7.0996E-05
4.4099E+04 2.2606E+01 3.1115E+02 1.0291E+02 -1.4970E-01 1.7746E-04
3.6096E+04 -1.3358E+01 2.3793E+02 8.5541E+01 -1.0841E-01 1.4671E-04
4.3016E+04 -6.0341E+01 3.0687E+02 6.5009E+01 -6.1515E-02 9.8705E-05
4.2535E+04 4.0178E+00 2.5480E+02 8.5062E+01 -1.1086E-01 1.5468E-04
4.1677E+04 3.5797E+01 2.6586E+02 9.4190E+01 -1.8772E-01 2.2289E-04
4.0554E+04 -4.5875E+01 3.0589E+02 8.7847E+01 -8.4522E-02 1.0934E-04
3.8405E+04 8.9826E+00 3.7299E+02 1.2381E+02 -1.3481E-01 1.1947E-04
4.4548E+04 -1.3426E+00 3.2298E+02 9.1027E+01 -6.4995E-02 8.5311E-05
3.4823E+04 -4.3596E+01 1.8841E+02 3.8429E+01 -4.1652E-02 1.4173E-04
3.4615E+04 -1.8280E+01 1.7320E+02 5.1024E+01 -6.0039E-02 1.6187E-04
3.2754E+04 2.8531E+00 2.2471E+02 9.6421E+01 -1.7687E-01 2.2129E-04
4.4197E+04 3.5496E+00 2.3154E+02 7.6927E+01 -1.1791E-01 1.8065E-04
3.8230E+04 2.3679E+01 3.0352E+02 1.0563E+02 -6.0413E-02 1.0840E-04
4.2529E+04 8.9716E+00 3.3043E+02 9.8247E+01 -7.4512E-02 1.0117E-04
4.4108E+04 -3.4965E+01 1.9323E+02 5.0527E+01 -8.2820E-02 1.6311E-04
4.1076E+04 2.1878E+00 2.0375E+02 8.2610E+01 -1.5653E-01 2.1222E-04
3.9794E+04 2.2503E+01 2.1287E+02 8.1160E+01 -1.3956E-01 2.0123E-04
4.2252E+04 -4.2603E+01 2.4495E+02 5.7545E+01 -9.2320E-02 1.5119E-04
4.3392E+04 -6.7142E+00 2.1219E+02 5.3072E+01 -6.5173E-02 1.4297E-04
3.9163E+04 1.5241E+01 3.0805E+02 1.1913E+02 -1.4548E-01 1.4579E-04
4.0259E+04 -5.6179E+01 2.1499E+02 4.7494E+01 -5.5215E-02 1.3151E-04
4.0277E+04 5.7303E-01 2.0218E+02 6.2209E+01 -1.1198E-01 1.9435E-04
3.8760E+04 1.1488E+00 2.2305E+02 8.7343E+01 -7.9568E-02 1.3997E-04
3.4408E+04 -1.9855E+01 1.7319E+02 5.8142E+01 -9.2113E-02 1.8331E-04
3.8614E+04 -7.0435E+01 2.9262E+02 6.4451E+01 -8.5548E-02 1.2391E-04
3.6979E+04 3.1334E+00 1.9372E+02 7.8531E+01 -1.4033E-01 2.1403E-04
3.8816E+04 1.1653E+01 1.8795E+02 6.8773E+01 -1.2451E-01 2.0619E-04
3.7878E+04 -2.2038E-01 3.3666E+02 1.0798E+02 -9.2873E-02 1.0889E-04
4.4888E+04 -2.7798E+01 1.9665E+02 5.3947E+01 -9.9234E-02 1.7783E-04
3.7743E+04 2.7392E+01 3.1554E+02 1.2439E+02 -1.7405E-01 1.7395E-04
3.4910E+04 -2.1812E+02 2.5744E+02 2.4787E+01 8.6289E-02 2.4704E-05
4.5714E+04 -4.2182E+00 2.1207E+02 6.1975E+01 -1.1581E-01 1.8625E-04
4.2028E+04 -8.9145E+00 2.7492E+02 7.0589E+01 -2.7380E-02 8.6941E-05
4.1831E+04 1.4919E+01 2.6209E+02 8.9591E+01 -1.2498E-01 1.5512E-04
3.5799E+04 -8.1630E+00 2.5919E+02 7.1881E+01 -7.1526E-02 1.2297E-04
3.9619E+04 -4.3703E+00 2.8216E+02 9.8246E+01 -9.7466E-02 1.0869E-04
4.1282E+04 -1.4202E+01 3.1289E+02 9.2573E+01 -1.0915E-01 1.2896E-04
4.2754E+04 -6.3007E+01 2.7008E+02 4.8810E+01 -1.8624E-02 8.4550E-05
3.9609E+04 -3.1579E+01 2.7112E+02 8.4207E+01 -6.7057E-02 1.1112E-04
4.3548E+04 -4.0590E+01 2.1119E+02 3.9581E+01 -5.5174E-03 9.0700E-05
3.9964E+04 -1.3763E-01 3.2348E+02 8.1594E+01 -1.4059E-01 1.7123E-04
4.0489E+04 -2.6224E+00 3.7739E+02 1.1765E+02 -1.7306E-01 1.4811E-04
4.0547E+04 -3.1559E+01 3.4224E+02 7.4627E+01 -6.4998E-02 8.9969E-05
3.9671E+04 -3.3944E+00 2.6560E+02 6.8459E+01 -2.1417E-02 7.8815E-05
3.8948E+04 -4.7880E-01 2.2302E+02 8.8967E+01 -1.9957E-01 2.5622E-04
4.1557E+04 9.6039E+00 3.3853E+02 1.0388E+02 -1.2009E-01 1.2008E-04
4.3159E+04 -5.6018E+01 2.5325E+02 6.1032E+01 -4.4543E-02 9.9792E-05
4.2547E+04 -9.7236E+00 1.9990E+02 5.5105E+01 -8.8286E-02 1.8132E-04
4.0806E+04 -3.8138E+01 3.2117E+02 1.0148E+02 -1.3300E-01 1.4675E-04
4.0065E+04 6.0297E+00 2.8451E+02 7.5246E+01 -6.6994E-02 1.0818E-04
3.8829E+04 -5.6311E+01 2.7682E+02 6.6315E+01 -7.6885E-02 1.2382E-04
3.7953E+04 -2.2408E+01 2.5415E+02 7.8566E+01 -8.2659E-02 1.2181E-04
4.1998E+04 2.9368E+01 3.3489E+02 1.2431E+02 -1.8901E-01 1.8078E-04
3.9281E+04 -9.9079E+00 3.3378E+02 9.4079E+01 -6.5053E-02 9.1107E-05
4.2171E+04 1.5754E+00 1.9964E+02 5.1605E+01 -7.8352E-02 1.7130E-04
4.6685E+04 -3.0139E+00 2.6748E+02 6.0694E+01 -8.4798E-02 1.3733E-04
4.1559E+04 -3.5289E+00 1.8354E+02 4.7450E+01 -8.0207E-02 1.7450E-04
3.9120E+04 1.6161E+01 3.2478E+02 1.3289E+02 -1.4666E-01 1.3739E-04
4.0410E+04 -4.6198E+00 2.6965E+02 7.9123E+01 -1.0308E-01 1.4197E-04
4.0572E+04 -4.0471E+01 2.2628E+02 5.6828E+01 -6.0024E-02 1.2296E-04
4.2236E+04 -8.3779E+00 3.1413E+02 5.9101E+01 -2.1493E-02 6.1876E-05
4.2734E+04 1.3542E+01 3.7243E+02 8.3544E+01 -4.8635E-02 6.9193E-05
3.8225E+04 2.0476E+01 2.7467E+02 9.9687E+01 -1.3711E-01 1.6842E-04
4.1471E+04 -3.3673E+00 3.1396E+02 1.1110E+02 -1.3079E-01 1.4405E-04
3.6648E+04 -1.5543E+01 1.7907E+02 6.4825E+01 -9.6058E-02 1.7753E-04
3.9908E+04 -3.4860E+01 2.8077E+02 5.3896E+01 -2.9675E-02 8.8173E-05
4.2229E+04 5.9317E+00 1.7199E+02 5.6413E+01 -8.9602E-02 1.8146E-04
3.6566E+04 -8.7581E+00 2.2478E+02 7.0214E+01 -7.8401E-02 1.3607E-04
3.4797E+04 -4.1763E+01 3.1925E+02 1.1272E+02 -1.8973E-01 1.7732E-04
3.8571E+04 -1.3490E-02 2.4664E+02 7.4792E+01 -4.9659E-02 1.0510E-04
4.0817E+04 1.5119E+00 1.7099E+02 6.1933E+01 -1.1382E-01 2.0695E-04
4.0925E+04 -6.2195E+00 2.9139E+02 8.9938E+01 -6.3299E-02 1.0678E-04
3.8875E+04 -1.0221E+01 1.9145E+02 4.4373E+01 -4.1973E-02 1.4357E-04
4.0505E+04 8.3515E+00 3.2942E+02 1.0117E+02 -1.6481E-01 2.2667E-04
4.2340E+04 4.5227E+01 3.7295E+02 1.3579E+02 -1.4259E-01 1.1305E-04
4.2627E+04 -5.3128E+01 2.8491E+02 7.2621E+01 -7.5334E-02 1.3325E-04
3.9533E+04 -4.4955E+00 3.2013E+02 1.0663E+02 -1.0849E-01 1.1909E-04
4.0019E+04 -9.1552E+00 3.6640E+02 8.7043E+01 -4.1707E-02 6.0248E-05
4.1611E+04 -2.4663E+01 2.8101E+02 9.5074E+01 -1.2530E-01 1.5118E-04
4.2065E+04 4.9011E+00 3.2540E+02 1.0272E+02 -1.3804E-01 1.3957E-04
4.3012E+04 1.6863E+01 3.0334E+02 1.0056E+02 -1.3934E-01 1.5633E-04
4.1631E+04 -5.9742E+00 3.1463E+02 8.4778E+01 -1.0746E-01 1.3961E-04
4.4005E+04 -1.6638E+02 4.2535E+02 3.8244E+01 -5.0090E-03 3.3519E-05
3.5519E+04 -3.5477E+00 2.4985E+02 9.5750E+01 -9.9172E-02 1.3543E-04
4.0902E+04 -1.6655E+01 2.7353E+02 9.8508E+01 -1.4340E-01 1.6853E-04
4.1350E+04 -9.9293E+00 3.5330E+02 1.3053E+02 -2.1413E-01 2.0149E-04
3.5928E+04 -1.9383E+01 1.9157E+02 4.9882E+01 -4.4772E-02 1.3601E-04
3.9588E+04 -2.6064E+01 1.5444E+02 3.7028E+01 1.2610E-02 9.0113E-05
3.9421E+04 1.9218E-01 3.5558E+02 1.0427E+02 -9.5979E-02 1.1146E-04
4.1922E+04 -1.7136E+01 1.9664E+02 5.3477E+01 -9.7073E-02 1.8103E-04
4.2105E+04 2.1706E+01 3.6026E+02 1.2067E+02 -1.5577E-01 1.4672E-04
3.7386E+04 -1.2042E+01 1.7037E+02 5.3274E+01 -5.6319E-02 1.5234E-04
3.9370E+04 -6.6286E+01 2.8645E+02 6.4668E+01 -2.1728E-02 6.6631E-05
4.0753E+04 9.8597E+00 3.3093E+02 1.2517E+02 -1.6595E-01 1.5133E-04
3.6477E+04 -6.3870E+00 2.7577E+02 1.1006E+02 -1.6558E-01 1.8898E-04
3.5304E+04 9.2829E-01 2.3406E+02 9.0164E+01 -1.2399E-01 1.7041E-04
4.3319E+04 1.1145E+01 2.4381E+02 7.1626E+01 -8.2581E-02 1.5120E-04
3.9856E+04 2.3348E+00 2.0121E+02 5.5968E+01 -8.1281E-02 1.6791E-04
4.1658E+04 -2.7212E+01 2.7965E+02 6.3717E+01 -8.5442E-02 1.3569E-04
4.5597E+04 -2.2388E+00 2.7910E+02 7.6467E+01 -1.4178E-01 1.7265E-04
4.0269E+04 -3.1828E+01 1.5971E+02 2.8279E+01 5.4831E-03 1.1068E-04
4.5667E+04 1.0194E+01 1.9163E+02 4.8522E+01 -6.9360E-02 1.6973E-04
3.8767E+04 4.6994E+00 2.4615E+02 5.8880E+01 -5.5344E-02 1.3377E-04
4.1619E+04 -1.7645E+00 1.8693E+02 5.4307E+01 -8.8949E-02 1.8168E-04
4.3900E+04 -2.7003E+01 2.8959E+02 6.3530E+01 -5.1801E-02 1.1490E-04
3.8275E+04 2.3961E+01 2.6449E+02 7.6781E+01 -8.1982E-02 1.3168E-04
3.8392E+04 -6.4224E+00 1.7063E+02 6.1098E+01 -8.8816E-02 1.7769E-04
4.2619E+04 1.4418E+01 2.2962E+02 5.8489E+01 -8.0331E-02 1.5248E-04
4.2260E+04 3.3681E+00 3.5369E+02 1.2682E+02 -1.5929E-01 1.3840E-04
4.5123E+04 1.1971E+01 2.9640E+02 8.0579E+01 -1.2990E-01 1.6918E-04
4.4756E+04 -1.5940E+00 3.0019E+02 1.0624E+02 -1.2837E-01 1.3895E-04
4.2516E+04 9.2466E+00 2.0185E+02 4.7920E+01 -6.5507E-02 1.5954E-04
4.2295E+04 2.9860E+01 3.6157E+02 9.1873E+01 -3.7518E-02 6.0108E-05
4.0876E+04 1.1469E+01 2.8763E+02 9.0511E+01 -1.2654E-01 1.5500E-04
4.5616E+04 -7.3113E+00 3.2568E+02 8.3946E+01 -8.9798E-02 1.2025E-04
4.1573E+04 -1.5778E+01 2.5996E+02 6.8021E+01 -5.5037E-02 1.1749E-04
4.1083E+04 1.6373E+01 2.8673E+02 9.2117E+01 -1.6313E-01 1.8774E-04
3.9407E+04 3.5032E+00 2.5440E+02 8.8020E+01 -1.5604E-01 1.9786E-04
4.0174E+04 -2.1548E+01 3.1554E+02 1.0160E+02 -1.3683E-01 1.4604E-04
3.6812E+04 2.7043E+00 1.7802E+02 4.7113E+01 -4.5300E-02 1.5059E-04
4.2414E+04 -1.0246E+01 2.4022E+02 6.4721E+01 -7.5516E-02 1.4018E-04
4.0867E+04 -1.4099E+00 2.3633E+02 7.1230E+01 -8.6202E-02 1.3600E-04
4.0260E+04 -3.3542E+01 1.7503E+02 3.9225E+01 -3.4265E-02 1.3470E-04
3.8914E+04 -2.5439E+01 2.6425E+02 8.4623E+01 -1.0050E-01 1.3699E-04
3.7876E+04 4.3191E+00 2.0785E+02 6.3671E+01 -2.0784E-02 1.0432E-04
4.2324E+04 -3.4375E+00 2.4038E+02 5.9638E+01 -7.9713E-02 1.4229E-04
4.3728E+04 1.6777E+00 2.9087E+02 6.3604E+01 -9.4370E-02 1.4164E-04
4.0276E+04 -1.1404E+01 1.6928E+02 4.9451E+01 -6.2773E-02 1.6208E-04
4.1291E+04 -3.1400E+01 2.8489E+02 8.6164E+01 -1.1077E-01 1.3893E-04
3.8472E+04 -1.0660E+01 1.9817E+02 7.2767E+01 -1.3015E-01 1.9750E-04
4.1351E+04 2.6105E+01 3.7445E+02 1.5795E+02 -2.2106E-01 1.7032E-04
4.1751E+04 -3.1674E+01 2.7462E+02 7.1379E+01 -6.3803E-02 1.0769E-04
4.0385E+04 -3.2921E+01 2.6890E+02 6.0537E+01 -6.1834E-02 1.2025E-04
4.1612E+04 -1.2382E+01 3.6383E+02 1.0510E+02 -1.3732E-01 1.3446E-04
4.1173E+04 1.1777E+00 2.4472E+02 8.0850E+01 -1.2395E-01 1.7018E-04
3.9397E+04 -3.1292E+01 2.0446E+02 3.8779E+01 -2.2560E-02 1.1760E-04
4.5751E+04 1.9903E+01 2.8135E+02 1.0199E+02 -1.4099E-01 1.7094E-04
4.0125E+04 -1.2622E+01 1.8389E+02 3.7411E+01 -2.9176E-02 1.3436E-04
3.8672E+04 -1.1344E+01 2.4057E+02 6.8589E+01 -7.7103E-02 1.3697E-04
3.9527E+04 1.3062E+01 2.1973E+02 5.1534E+01 -5.0764E-02 1.3663E-04
3.4813E+04 6.4071E+00 1.6604E+02 5.7602E+01 -8.9110E-02 1.9513E-04
3.9212E+04 -1.3848E-01 1.8602E+02 6.2125E+01 -8.8698E-02 1.7614E-04
4.2476E+04 4.2162E+00 2.7920E+02 9.9284E+01 -1.3516E-01 1.6606E-04
4.0004E+04 -7.5633E+00 2.0336E+02 6.5977E+01 -1.2483E-01 1.9846E-04
3.8791E+04 -6.2001E+01 1.7731E+02 2.6395E+01 1.7096E-02 9.2104E-05
3.6944E+04 -4.3953E+01 2.7351E+02 6.6888E+01 -9.5020E-03 7.7151E-05
4.0984E+04 1.1154E+01 2.9333E+02 1.2025E+02 -1.6867E-01 1.7239E-04
4.5365E+04 2.5226E+01 2.4441E+02 8.2155E+01 -1.6158E-01 2.1396E-04
4.1009E+04 -4.6004E+00 3.1985E+02 8.3632E+01 -6.1086E-02 9.5809E-05
3.3129E+04 -3.6111E+01 3.3423E+02 1.0277E+02 5.9071E-02 -2.3484E-05
4.1249E+04 8.0702E+00 3.0758E+02 1.0334E+02 -1.2879E-01 1.4290E-04
4.2727E+04 -4.4861E+01 2.8352E+02 8.2068E+01 -9.3779E-02 1.2151E-04
3.9667E+04 -1.9996E+00 3.3180E+02 1.0226E+02 -9.2332E-02 1.0913E-04
3.6706E+04 -1.5124E+01 2.0109E+02 5.7148E+01 -2.6281E-02 1.1021E-04
3.7333E+04 1.0623E+01 2.5717E+02 7.7847E+01 -1.4580E-01 1.9620E-04
3.6490E+04 -2.9316E+01 2.6662E+02 8.2884E+01 -5.3217E-02 9.4099E-05
4.2534E+04 8.1936E+00 2.2484E+02 5.6551E+01 -8.5333E-02 1.6241E-04
4.2651E+04 -3.9893E+00 3.0246E+02 1.0468E+02 -1.2636E-01 1.3771E-04
4.1743E+04 -1.1307E+01 3.3447E+02 8.6013E+01 -5.2805E-02 7.4702E-05
4.0415E+04 -1.6209E+01 3.6850E+02 7.6344E+01 -7.2605E-02 9.7675E-05
3.8482E+04 3.6210E+00 2.3501E+02 6.1741E+01 -8.3707E-02 1.5304E-04
4.5326E+04 -2.1056E+01 3.5455E+02 7.2078E+01 -6.3739E-02 9.1262E-05
3.9134E+04 -8.9823E+00 1.6106E+02 4.5362E+01 -1.1332E-02 1.1636E-04
4.1899E+04 9.4141E+00 2.0726E+02 6.3263E+01 -1.3182E-01 2.1517E-04
3.8701E+04 -2.3287E+01 2.4438E+02 5.9573E+01 -5.4658E-02 1.1595E-04
3.7292E+04 -9.4715E+00 1.6605E+02 5.5331E+01 -8.9175E-02 1.8105E-04
3.9136E+04 -3.3741E+01 2.2501E+02 6.4891E+01 -5.9014E-02 1.1922E-04
4.1833E+04 -6.6680E+01 2.6735E+02 5.6544E+01 4.5492E-03 5.1008E-05
4.1332E+04 -1.4635E+01 2.7499E+02 6.4154E+01 -2.5971E-02 8.8212E-05
3.8429E+04 -1.0522E+00 1.7322E+02 5.5178E+01 -1.0452E-01 2.0642E-04
4.3404E+04 5.3363E+00 1.8908E+02 5.9589E+01 -1.0183E-01 1.8533E-04
4.3440E+04 -4.4304E+00 2.9520E+02 8.5930E+01 -6.0764E-02 1.0046E-04
4.1832E+04 -8.1047E+00 3.2347E+02 9.8715E+01 -1.3008E-01 1.4442E-04
3.9808E+04 -3.0786E+01 1.5144E+02 3.6375E+01 -6.7504E-03 1.1671E-04
3.9725E+04 -2.2077E+00 3.1459E+02 9.5648E+01 -6.2212E-02 9.4110E-05
4.1653E+04 1.7332E+01 2.8080E+02 8.9909E+01 -1.1718E-01 1.6005E-04
4.3482E+04 1.1493E+01 2.8780E+02 9.1780E+01 -1.0601E-01 1.3623E-04
3.8638E+04 -2.2371E+01 2.1861E+02 5.8708E+01 -5.9856E-02 1.3537E-04
4.1755E+04 4.4450E+00 2.9386E+02 1.0911E+02 -9.5131E-02 1.0069E-04
4.5698E+04 -3.8752E+00 3.0924E+02 8.0450E+01 -9.3215E-02 1.1715E-04
3.8042E+04 -3.2235E-01 2.8862E+02 7.3742E+01 -5.6998E-02 1.1884E-04
3.7768E+04 -1.5310E+02 3.0928E+02 3.3477E+01 1.8640E-02 5.1138E-05
4.3800E+04 4.4186E+00 3.2692E+02 1.0344E+02 -1.2478E-01 1.2924E-04
3.8171E+04 5.9386E+00 2.2281E+02 7.7070E+01 -1.2061E-01 1.7674E-04
3.8844E+04 -2.1377E+00 2.4208E+02 7.9490E+01 -5.0983E-02 9.7962E-05
3.9894E+04 -9.5668E+00 2.6670E+02 8.6360E+01 -7.2111E-02 1.1226E-04
3.7455E+04 4.1517E+00 3.3134E+02 1.2445E+02 -1.8584E-01 1.8748E-04
3.8599E+04 -1.4582E+01 2.0361E+02 6.9094E+01 -7.7482E-02 1.4583E-04
3.9598E+04 -3.1115E+01 2.7082E+02 7.8528E+01 -7.3444E-02 1.1078E-04
4.2845E+04 -1.0655E+02 2.9781E+02 4.1609E+01 4.2405E-02 2.5738E-05
3.7941E+04 -2.7640E+01 1.6143E+02 4.1384E+01 -5.9605E-02 1.7048E-04
3.9931E+04 -4.7587E+00 3.1367E+02 9.5910E+01 -1.0839E-01 1.2281E-04
4.2104E+04 2.0045E+01 1.7404E+02 5.1431E+01 -7.9556E-02 1.8720E-04
3.8986E+04 -1.9144E+02 3.2585E+02 2.7449E+01 1.0139E-01 -3.6008E-05
3.7846E+04 -3.8337E+01 2.6048E+02 5.6145E+01 -4.6065E-02 1.1097E-04
3.9501E+04 -2.6908E+00 2.6531E+02 7.1988E+01 -1.1707E-01 1.6742E-04
3.9066E+04 1.3020E+01 2.8738E+02 9.4293E+01 -8.5687E-02 1.1046E-04
3.8644E+04 -3.4836E+01 3.5378E+02 9.6239E+01 -1.0417E-01 1.1837E-04
3.9595E+04 4.0024E+00 3.1341E+02 1.1817E+02 -1.3861E-01 1.3976E-04
4.5459E+04 1.7956E+00 2.2678E+02 6.3953E+01 -1.0704E-01 1.7421E-04
3.7702E+04 -1.4110E+01 2.4009E+02 7.3636E+01 -9.2511E-02 1.4278E-04
3.9257E+04 -1.0531E+00 3.1296E+02 8.9885E+01 -6.6651E-02 8.3234E-05
3.8453E+04 -2.8636E+01 3.1646E+02 9.4002E+01 -9.6822E-02 1.1168E-04
3.7570E+04 1.7341E+00 2.4111E+02 9.3664E+01 -1.6203E-01 1.9803E-04
4.0052E+04 -4.9006E+01 1.7854E+02 2.9367E+01 8.6699E-03 9.3360E-05
3.8713E+04 4.5305E-01 3.4949E+02 1.4747E+02 -2.2870E-01 1.8649E-04
3.7730E+04 -1.0882E+01 2.0478E+02 7.7171E+01 -9.3605E-02 1.5441E-04
4.4893E+04 1.3943E+01 3.3318E+02 8.2733E+01 -9.5732E-02 1.1539E-04
4.7063E+04 2.3553E+01 3.3017E+02 1.0099E+02 -1.3034E-01 1.4452E-04
3.7381E+04 -2.4405E+01 2.3578E+02 7.0109E+01 -3.4078E-02 1.1315E-04
3.8870E+04 -2.7310E+00 2.5374E+02 8.6505E+01 -1.6278E-01 2.2152E-04
4.3084E+04 -3.0601E+00 2.9766E+02 9.9469E+01 -1.4920E-01 1.6280E-04
4.1422E+04 5.0733E+00 3.0806E+02 1.2342E+02 -1.5565E-01 1.5313E-04
4.0290E+04 -2.4630E+01 2.4290E+02 5.3356E+01 5.2255E-02 3.1242E-05
3.9648E+04 7.7769E+00 3.4675E+02 1.2467E+02 -1.3944E-01 1.4325E-04
4.0342E+04 6.9095E+00 2.2303E+02 8.7533E+01 -1.7770E-01 2.2689E-04
4.4585E+04 3.9246E+00 3.6700E+02 1.0328E+02 -1.3936E-01 1.4188E-04
3.9745E+04 7.7395E+00 2.6209E+02 1.1150E+02 -1.6797E-01 1.8009E-04
3.8705E+04 6.0885E+00 2.6383E+02 1.0223E+02 -1.2965E-01 1.5636E-04
4.1442E+04 -6.7512E+01 3.0289E+02 3.9184E+01 3.4393E-02 4.3538E-05
3.4373E+04 2.9147E+00 2.5633E+02 1.1693E+02 -2.1142E-01 2.2754E-04
4.4272E+04 1.3819E+01 1.7405E+02 4.9608E+01 -8.6072E-02 1.9332E-04
4.2865E+04 -9.0062E+00 3.0299E+02 7.2761E+01 -4.9634E-02 8.6003E-05
4.4800E+04 4.4102E+01 3.1799E+02 1.1572E+02 -1.1604E-01 1.1357E-04
3.8337E+04 -1.7512E+01 1.9319E+02 5.9550E+01 -1.0045E-01 1.7988E-04
4.3077E+04 1.5835E+01 2.0965E+02 7.2322E+01 -1.3537E-01 2.0966E-04
4.0397E+04 -3.9121E-01 2.0526E+02 7.0269E+01 -1.1651E-01 1.8887E-04
3.9497E+04 5.8025E+00 1.9992E+02 6.9291E+01 -1.1081E-01 1.8663E-04
4.0158E+04 -4.7533E-02 3.5878E+02 1.1769E+02 -1.5001E-01 1.3956E-04
4.2955E+04 -4.1215E+01 1.8650E+02 3.8825E+01 -4.3995E-02 1.3661E-04
4.3237E+04 1.7761E+01 3.1790E+02 8.3361E+01 -6.5978E-02 1.0982E-04
3.9903E+04 -1.2836E+01 3.1274E+02 9.7490E+01 -1.1847E-01 1.2904E-04
4.2943E+04 1.2991E+01 3.3973E+02 7.8264E+01 -2.7937E-02 7.5574E-05
4.0023E+04 -2.3398E-01 1.4759E+02 4.4509E+01 -1.3712E-02 1.3123E-04
4.3139E+04 -2.5863E+00 2.3339E+02 7.1244E+01 -1.3492E-01 1.9598E-04
3.8416E+04 5.0399E+00 2.7386E+02 1.0210E+02 -1.4013E-01 1.8294E-04
3.4432E+04 -1.7691E+01 1.9644E+02 6.8743E+01 -9.4051E-02 1.6940E-04
4.4025E+04 7.0772E+01 3.9205E+02 1.4768E+02 -2.3001E-01 1.9569E-04
3.9310E+04 -2.3114E+01 1.7171E+02 5.0288E+01 -6.6283E-02 1.6318E-04
3.7565E+04 -4.2425E+01 2.9784E+02 8.2810E+01 -6.7953E-02 1.0181E-04
3.8111E+04 -1.2104E+01 2.7514E+02 9.6106E+01 -9.3074E-02 1.2683E-04
3.7741E+04 -3.2488E+01 2.1606E+02 5.2303E+01 -3.5571E-02 1.0872E-04
3.8530E+04 -3.6450E+01 2.7592E+02 5.5654E+01 4.8140E-02 2.0727E-05
4.2868E+04 -2.4957E+00 2.0328E+02 5.8908E+01 -9.6262E-02 1.7393E-04
3.9746E+04 -2.0808E+01 2.2542E+02 7.5316E+01 -9.2263E-02 1.4580E-04
3.2703E+04 6.9254E+00 2.2669E+02 8.1221E+01 -1.0906E-01 1.7069E-04
4.0724E+04 1.3700E+01 2.6112E+02 9.6224E+01 -1.5308E-01 1.8053E-04
3.9493E+04 -1.4704E+01 3.1206E+02 8.0627E+01 -9.1683E-02 1.1860E-04
3.8455E+04 5.6038E+00 3.7381E+02 1.0916E+02 -5.3092E-02 4.4162E-05
4.0273E+04 -5.8848E+00 2.2018E+02 5.8813E+01 -6.7633E-02 1.4622E-04
3.9726E+04 1.3482E+00 2.5409E+02 9.8042E+01 -1.4695E-01 1.7754E-04
3.8962E+04 -6.1612E+01 2.6151E+02 6.5435E+01 -1.7130E-02 6.8391E-05
3.9627E+04 -2.0853E-01 2.9875E+02 1.1892E+02 -1.4278E-01 1.4771E-04
3.8356E+04 6.6925E+00 3.1143E+02 1.0357E+02 -8.8616E-02 1.3301E-04
3.9185E+04 -4.0530E+01 2.3734E+02 6.2667E+01 -3.5810E-02 9.5822E-05
3.8569E+04 -6.5157E+01 2.7446E+02 5.6202E+01 3.1533E-04 5.5922E-05
4.3545E+04 9.3920E+00 3.0304E+02 1.0109E+02 -1.3253E-01 1.4369E-04
4.1647E+04 2.5583E-01 3.0645E+02 1.0338E+02 -1.1090E-01 1.2821E-04
4.1638E+04 5.0838E+00 2.0791E+02 7.2564E+01 -1.3981E-01 2.0891E-04
3.8261E+04 3.4970E+00 1.9016E+02 5.3501E+01 -7.7626E-02 1.7055E-04
4.7028E+04 -1.8569E+01 2.8530E+02 6.6197E+01 -1.0744E-01 1.5303E-04
3.5459E+04 -1.5929E+01 1.8376E+02 5.2370E+01 -8.1416E-02 1.7227E-04
3.9510E+04 -6.0433E+01 1.4898E+02 2.4233E+01 2.1500E-02 9.2650E-05
3.6150E+04 -1.1592E+02 2.4593E+02 3.6017E+01 -1.2749E-02 9.0842E-05
3.7783E+04 -1.4505E+01 1.8752E+02 6.9072E+01 -1.1474E-01 1.9231E-04
3.8866E+04 -2.9769E+01 2.4180E+02 7.6836E+01 -6.8091E-02 1.1454E-04
4.5262E+04 4.7852E+01 3.0884E+02 1.0735E+02 -1.9810E-01 2.0772E-04
3.8796E+04 4.2177E+00 2.8467E+02 1.0372E+02 -7.9678E-02 9.6334E-05
3.7965E+04 -4.9061E+00 3.0652E+02 8.2199E+01 1.5817E-02 2.7882E-05
4.0248E+04 2.3631E+00 2.7413E+02 1.2375E+02 -2.2865E-01 2.2307E-04
4.0765E+04 -5.2811E+00 3.4124E+02 1.0927E+02 -6.6950E-02 7.1518E-05
4.2483E+04 -9.3044E+00 2.6657E+02 7.4560E+01 -7.6267E-02 1.1851E-04
4.0424E+04 1.1297E+01 2.5313E+02 9.5226E+01 -1.5240E-01 1.8117E-04
3.7342E+04 1.1436E+01 2.9765E+02 9.5259E+01 -5.8704E-03 3.6316E-05
4.0621E+04 -3.5414E+01 2.6462E+02 6.9568E+01 -6.0199E-02 1.0302E-04
4.0088E+04 -1.5830E+01 3.0061E+02 9.5629E+01 -7.5090E-02 1.1757E-04
4.5178E+04 4.8238E+00 3.6075E+02 8.1598E+01 -5.8176E-02 8.1663E-05
3.7296E+04 -3.1983E-01 2.6355E+02 9.9490E+01 -7.5730E-02 1.1068E-04
3.7754E+04 6.5464E+00 2.8479E+02 8.7528E+01 -9.1946E-02 1.4903E-04
4.0934E+04 -3.4337E+01 1.8263E+02 4.6578E+01 -2.6641E-02 1.1446E-04
4.3290E+04 1.6200E+01 2.6996E+02 7.4104E+01 -8.0617E-02 1.2294E-04
4.3412E+04 -5.7266E+01 2.0149E+02 3.9734E+01 -1.9069E-02 1.0507E-04
3.9446E+04 -2.7709E+00 2.9419E+02 8.7078E+01 -1.0554E-01 1.3585E-04
3.8140E+04 3.6810E+00 2.6211E+02 8.9203E+01 -7.8123E-02 1.2195E-04
3.7895E+04 1.1897E+01 2.7826E+02 1.1241E+02 -1.6772E-01 2.1008E-04
4.1165E+04 6.8414E+00 2.9540E+02 1.2945E+02 -1.9865E-01 1.9367E-04
4.5009E+04 2.2283E+01 2.3322E+02 7.9904E+01 -1.3664E-01 1.8886E-04
4.7134E+04 -2.3895E+00 3.0179E+02 1.0701E+02 -1.4740E-01 1.4843E-04
3.4562E+04 -5.1669E+01 2.6244E+02 6.5479E+01 -8.5693E-02 1.5262E-04
4.0815E+04 1.0145E+01 3.5782E+02 1.0424E+02 -1.3187E-01 1.3903E-04
3.7651E+04 -6.8695E+00 3.1586E+02 1.0545E+02 -1.1303E-01 1.2396E-04
4.5280E+04 -1.0860E+00 2.5169E+02 9.0482E+01 -1.2853E-01 1.5932E-04
4.2790E+04 4.1216E+01 3.7073E+02 1.1244E+02 -1.1285E-01 1.0153E-04
3.8906E+04 -1.6798E+01 2.8769E+02 1.1141E+02 -9.3554E-02 9.5452E-05
3.6640E+04 -4.3410E-01 2.3104E+02 8.4636E+01 -4.0494E-02 9.3390E-05
4.3791E+04 3.1398E+01 3.3592E+02 1.3812E+02 -1.9053E-01 1.7473E-04
3.5490E+04 4.3940E+00 3.1995E+02 1.1264E+02 -1.5114E-01 1.5640E-04
4.1211E+04 -7.0405E+00 2.7793E+02 6.8419E+01 -5.7020E-02 1.0656E-04
3.8785E+04 -6.8032E+00 3.0064E+02 9.1721E+01 -7.6139E-02 9.7937E-05
3.5816E+04 6.4899E-02 2.7755E+02 1.0656E+02 -1.2816E-01 1.4145E-04
3.8993E+04 2.3430E+01 2.8544E+02 1.3100E+02 -1.7926E-01 1.7191E-04
4.2876E+04 -3.2637E+01 2.4976E+02 7.1405E+01 -7.0524E-02 1.1703E-04
4.3271E+04 3.2827E+01 3.6342E+02 1.2538E+02 -1.7462E-01 1.5506E-04
4.0840E+04 2.5905E+01 3.1027E+02 8.7448E+01 -1.0062E-01 1.2494E-04
4.2783E+04 -1.8818E+01 2.0795E+02 5.4354E+01 -1.0009E-01 1.7771E-04
3.8203E+04 -7.1266E+00 2.5648E+02 9.8749E+01 -1.5990E-01 1.8430E-04
3.6779E+04 5.0718E+01 3.9274E+02 1.4277E+02 -2.0107E-01 1.7415E-04
3.7255E+04 3.0175E+00 2.8032E+02 1.3262E+02 -1.9105E-01 1.9395E-04
4.0567E+04 -1.8116E+01 1.7372E+02 5.6099E+01 -9.0862E-02 1.8074E-04
3.6988E+04 -2.8298E+01 2.1313E+02 6.0693E+01 -1.2571E-01 2.0009E-04
3.8900E+04 1.7725E+00 2.1165E+02 7.5986E+01 -1.2780E-01 1.9532E-04
3.8750E+04 -1.3323E+01 2.7332E+02 1.0526E+02 -1.2155E-01 1.3785E-04
3.9469E+04 2.6317E+00 2.2906E+02 9.8985E+01 -1.2309E-01 1.5373E-04
3.6742E+04 1.6831E+01 2.5206E+02 7.4231E+01 -1.1123E-01 1.6898E-04
4.0580E+04 6.4813E+00 2.1418E+02 7.7499E+01 -1.1549E-01 1.7620E-04
4.0225E+04 4.1158E+00 3.5406E+02 1.1960E+02 -1.2243E-01 1.1024E-04
3.8337E+04 2.3139E+00 2.6479E+02 8.9191E+01 -1.2112E-01 1.6373E-04
4.4282E+04 -5.7724E+01 2.9104E+02 5.6939E+01 -3.4754E-02 9.6272E-05
3.9195E+04 4.8740E+00 2.3774E+02 8.2356E+01 -1.4185E-01 1.9380E-04
4.5846E+04 -8.6148E+00 2.6595E+02 6.9923E+01 -9.3906E-02 1.4278E-04
3.4846E+04 -3.2828E+01 1.6828E+02 4.3729E+01 -1.4774E-02 1.1676E-04
4.0924E+04 1.0789E+00 2.2659E+02 6.3501E+01 -1.1613E-01 1.8298E-04
3.8934E+04 -1.1955E+00 2.2749E+02 7.8597E+01 -1.1933E-01 1.8528E-04
4.4402E+04 -3.2738E+01 2.4266E+02 4.8867E+01 -6.4426E-02 1.3614E-04
4.3862E+04 9.2177E+00 3.2566E+02 1.2323E+02 -1.4303E-01 1.3019E-04
4.1692E+04 -1.4062E+02 2.7533E+02 3.9742E+01 5.0392E-02 1.2014E-05
4.3138E+04 1.2781E+01 2.3425E+02 8.1490E+01 -1.2628E-01 1.7335E-04
4.0224E+04 -1.2630E+01 2.8671E+02 8.4116E+01 -4.9731E-02 8.8279E-05
3.6665E+04 4.1485E+01 2.8277E+02 9.8183E+01 -8.6753E-02 1.0934E-04
4.0833E+04 -5.3620E+00 3.4811E+02 1.1352E+02 -1.3083E-01 1.2743E-04
3.6461E+04 -3.0321E+01 1.6570E+02 2.9197E+01 3.2099E-02 8.6484E-05
3.7081E+04 -1.8398E+01 1.6213E+02 5.0010E+01 -8.0871E-02 1.8352E-04
3.7073E+04 4.4251E+00 3.5577E+02 1.1251E+02 -1.1084E-01 1.1759E-04
3.9683E+04 -3.7206E+01 1.6758E+02 4.0745E+01 -6.4968E-02 1.6804E-04
3.7971E+04 -1.0405E+01 3.5123E+02 9.2577E+01 -5.5081E-02 8.1562E-05
4.2230E+04 2.4799E+01 3.0002E+02 8.3381E+01 -1.1953E-01 1.4701E-04
3.9428E+04 -1.5360E+01 2.6046E+02 6.8022E+01 -6.1151E-02 1.1599E-04
3.9611E+04 3.1014E+01 3.6431E+02 1.5118E+02 -1.9979E-01 1.5922E-04
4.0117E+04 -1.8638E+01 2.2898E+02 7.7447E+01 -9.0792E-02 1.3970E-04
4.2976E+04 -9.9183E+00 3.1479E+02 6.6779E+01 -4.3978E-02 8.7563E-05
4.0894E+04 1.1731E+01 2.7166E+02 8.2883E+01 -1.0757E-01 1.4921E-04
4.2299E+04 1.9504E+00 2.5452E+02 6.0288E+01 -9.8767E-02 1.6241E-04
4.0876E+04 -1.3697E+01 3.1493E+02 8.0921E+01 -1.0459E-01 1.5636E-04
4.1512E+04 -2.3064E+01 2.3462E+02 7.0175E+01 -1.1840E-01 1.7523E-04
4.0075E+04 -1.3437E+01 2.6568E+02 8.3111E+01 -1.0113E-01 1.4419E-04
4.4577E+04 1.0833E+01 2.3876E+02 3.4410E+01 -2.1559E-02 1.2136E-04
3.8554E+04 -8.8099E+00 2.1020E+02 6.0761E+01 -8.2114E-02 1.6048E-04
4.2726E+04 -1.4543E+01 2.6148E+02 9.1829E+01 -1.4122E-01 1.6895E-04
4.0484E+04 -3.0246E+00 2.9275E+02 8.3954E+01 -1.1597E-01 1.4303E-04
4.2439E+04 -6.9517E+01 2.1933E+02 3.7790E+01 1.6103E-02 6.6681E-05
3.5969E+04 2.1478E+01 2.3776E+02 8.5750E+01 -1.0851E-01 1.6275E-04
3.8266E+04 1.5515E+01 3.4218E+02 8.9656E+01 4.4782E-03 3.4940E-05
3.9014E+04 1.0321E-01 2.3880E+02 8.8254E+01 -8.8217E-02 1.4093E-04
4.3758E+04 -1.1352E+01 3.5361E+02 9.6536E+01 -1.2590E-01 1.3171E-04
3.9737E+04 -1.8588E-01 2.6254E+02 9.9102E+01 -1.1060E-01 1.3478E-04
3.7673E+04 7.2164E+00 3.0630E+02 1.3959E+02 -2.1037E-01 1.9757E-04
4.4070E+04 5.3296E+01 3.0486E+02 7.6447E+01 -1.2861E-01 1.6499E-04
3.7830E+04 2.1748E+01 3.8766E+02 1.3173E+02 -1.8076E-01 1.5625E-04
4.1010E+04 2.6165E+00 2.7163E+02 1.0773E+02 -1.6564E-01 1.9491E-04
4.2453E+04 5.5991E+00 2.5938E+02 9.8213E+01 -1.5439E-01 1.8615E-04
4.2186E+04 3.3693E+00 3.2708E+02 1.1768E+02 -1.6631E-01 1.6696E-04
4.0499E+04 -1.9503E+00 2.3653E+02 7.7994E+01 -1.1022E-01 1.6072E-04
4.1905E+04 -3.2177E+00 1.9712E+02 5.3382E+01 -6.4056E-02 1.4641E-04
4.1512E+04 -1.6299E-01 1.9075E+02 5.8406E+01 -1.0359E-01 1.9095E-04
3.9157E+04 9.0785E+00 3.7680E+02 1.5142E+02 -2.2136E-01 1.7694E-04
4.3439E+04 4.4779E+01 2.9727E+02 9.3401E+01 -1.6659E-01 1.9041E-04
4.1822E+04 -3.3036E+00 3.2360E+02 1.0972E+02 -1.1005E-01 1.1203E-04
4.0818E+04 -2.0150E+01 2.5187E+02 7.2458E+01 -1.0121E-01 1.5637E-04
4.2703E+04 -1.2510E+02 3.5053E+02 5.8256E+01 -2.7167E-02 6.0114E-05
4.0010E+04 -3.8395E+01 1.6569E+02 3.8196E+01 -5.3937E-02 1.5833E-04
4.0258E+04 -5.2584E+01 2.4800E+02 5.7297E+01 -3.0506E-02 9.1675E-05
4.1277E+04 2.5721E+01 2.6812E+02 9.2297E+01 -1.2633E-01 1.5708E-04
3.7405E+04 1.2618E+00 1.9388E+02 6.7668E+01 -8.1806E-02 1.5818E-04
3.7437E+04 4.1894E+00 2.7248E+02 9.8671E+01 -7.9149E-02 1.1373E-04
3.5995E+04 -4.8129E+01 3.0963E+02 8.3506E+01 -2.1900E-02 5.7788E-05
3.9329E+04 -9.9798E+00 3.9535E+02 1.2678E+02 -2.4876E-01 2.2718E-04
4.0290E+04 -4.4894E+01 2.0418E+02 4.5553E+01 -6.7829E-02 1.4798E-04
4.1942E+04 -3.9401E+01 1.8947E+02 4.4260E+01 -3.1466E-02 1.2076E-04
3.9757E+04 1.3694E+01 3.9489E+02 1.2639E+02 -2.1450E-01 2.0095E-04
4.0580E+04 9.8656E+00 2.8146E+02 1.0600E+02 -7.2844E-02 9.5340E-05
4.4419E+04 -1.6151E+01 2.6058E+02 8.3089E+01 -1.1756E-01 1.5228E-04
3.7711E+04 -3.3697E+01 2.6482E+02 8.0071E+01 -4.5089E-02 9.0459E-05
3.7429E+04 -6.8039E+00 2.4351E+02 9.1780E+01 -1.2198E-01 1.6225E-04
4.1003E+04 3.7984E+01 3.0435E+02 9.6094E+01 -1.2244E-01 1.4248E-04
3.9946E+04 2.5512E+00 2.2034E+02 6.3685E+01 -9.8792E-02 1.7341E-04
3.9734E+04 1.6462E+01 2.8209E+02 1.1529E+02 -1.2780E-01 1.6296E-04
3.7655E+04 -5.1359E+00 2.5704E+02 7.3713E+01 -6.1756E-02 1.1830E-04
4.0698E+04 7.3947E+00 2.7809E+02 7.7721E+01 -1.0386E-01 1.4589E-04
4.0869E+04 -1.4796E+01 2.3259E+02 6.7041E+01 -4.9657E-02 1.0956E-04
4.0751E+04 5.1209E+00 3.0523E+02 1.2232E+02 -1.9942E-01 1.9743E-04
3.7132E+04 -2.5016E+01 1.7764E+02 4.3725E+01 1.1435E-02 7.7783E-05
3.4405E+04 -4.0244E+00 2.6249E+02 1.1472E+02 -2.1595E-01 2.2308E-04
4.0695E+04 -2.5111E+00 2.7630E+02 9.3074E+01 -9.3904E-02 1.2125E-04
3.6218E+04 -4.7210E+01 2.6234E+02 6.1482E+01 -2.8673E-03 5.9762E-05
4.0262E+04 -2.7061E+01 3.0441E+02 8.2681E+01 -2.0054E-02 5.9896E-05
3.8593E+04 8.4542E+00 2.9831E+02 1.0677E+02 -1.3793E-01 1.5638E-04
3.8446E+04 6.2215E+00 2.6198E+02 9.8726E+01 -1.5741E-01 1.8583E-04
4.2112E+04 3.1923E+01 2.3892E+02 6.3746E+01 -8.6411E-02 1.5969E-04
4.1954E+04 4.8428E+00 2.6185E+02 9.8099E+01 -1.5238E-01 1.8204E-04
4.4006E+04 9.1131E-02 2.3139E+02 6.9949E+01 -1.4146E-01 2.0070E-04
4.0784E+04 -6.3170E+01 3.3168E+02 7.2229E+01 -4.4122E-02 1.0086E-04
4.0252E+04 -4.2989E+00 3.7150E+02 1.3492E+02 -2.3999E-01 2.2064E-04
4.4361E+04 1.2959E+01 3.0517E+02 8.2805E+01 -1.0591E-01 1.3930E-04
4.0293E+04 1.6957E+01 2.3683E+02 9.0415E+01 -1.5199E-01 1.9639E-04
4.2874E+04 -1.0539E+01 3.0381E+02 8.2583E+01 -9.4718E-02 1.2786E-04
4.2187E+04 1.2455E+00 1.6883E+02 6.0376E+01 -8.9771E-02 1.8491E-04
3.9514E+04 -2.4457E+00 1.6295E+02 4.4459E+01 -4.8374E-02 1.5979E-04
3.9569E+04 7.2123E+00 2.8249E+02 1.0679E+02 -1.5034E-01 1.6816E-04
3.7042E+04 -1.7631E+01 2.7871E+02 9.9034E+01 -9.7411E-02 1.1410E-04
3.7354E+04 -1.2188E+01 2.7255E+02 9.6104E+01 -1.3940E-01 1.6304E-04
4.2132E+04 -1.2711E+01 1.7668E+02 4.4044E+01 -6.4434E-02 1.6553E-04
4.0993E+04 6.1366E-01 1.9466E+02 4.7237E+01 -4.2808E-02 1.3232E-04
3.7666E+04 -2.3577E+00 2.1299E+02 6.1855E+01 -7.4764E-02 1.5134E-04
4.4141E+04 -1.5935E+00 2.6833E+02 9.2991E+01 -1.3872E-01 1.6541E-04
3.8524E+04 -1.8632E+01 1.6256E+02 5.5279E+01 -8.5160E-02 1.8268E-04
3.9132E+04 -2.6973E+00 2.5747E+02 7.5073E+01 -9.7577E-02 1.4848E-04
4.0167E+04 -4.1044E+00 1.8828E+02 4.9053E+01 -2.9638E-02 1.2104E-04
4.1930E+04 -1.3464E+01 1.8968E+02 4.8568E+01 -7.1237E-02 1.6213E-04
4.4359E+04 -3.5723E+01 2.0936E+02 5.4709E+01 -7.6689E-02 1.5058E-04
3.7837E+04 -3.1972E+02 2.6069E+02 1.7814E+01 5.7141E-02 3.1272E-05
4.2185E+04 1.6429E+01 2.8965E+02 1.1930E+02 -1.9778E-01 2.0053E-04
3.9328E+04 -1.1421E+02 1.7983E+02 2.2988E+01 4.7205E-02 5.2224E-05
3.8320E+04 -7.1691E+00 2.3628E+02 8.0529E+01 -8.2889E-02 1.4023E-04
4.0525E+04 -2.6111E+01 2.5326E+02 7.9179E+01 -8.7979E-02 1.2955E-04
3.7531E+04 1.1046E+01 2.0105E+02 4.5202E+01 -4.7127E-02 1.4677E-04
4.1778E+04 1.1218E+01 2.2444E+02 8.4120E+01 -1.5201E-01 2.0454E-04
3.7881E+04 -7.9475E+01 2.8093E+02 4.9458E+01 -1.2983E-02 7.5946E-05
4.2860E+04 -2.8080E+00 3.1461E+02 1.0510E+02 -1.4414E-01 1.5628E-04
3.8567E+04 6.9164E+00 3.2482E+02 1.4251E+02 -1.8913E-01 1.5901E-04
4.0718E+04 2.6012E+00 3.3699E+02 1.1865E+02 -1.4557E-01 1.3307E-04
4.1264E+04 1.0653E+01 2.6353E+02 9.8144E+01 -6.7233E-02 9.4433E-05
4.1543E+04 1.5121E+01 3.9793E+02 8.7681E+01 -5.6558E-02 6.9543E-05
3.7462E+04 -5.2816E+01 2.7670E+02 6.7638E+01 -3.0352E-02 8.1084E-05
3.8738E+04 -5.3118E+00 2.3476E+02 1.0843E+02 -1.7961E-01 1.9593E-04
3.8532E+04 9.8100E+00 2.8191E+02 1.0148E+02 -1.2174E-01 1.4798E-04
4.0424E+04 -7.4245E+01 2.4774E+02 4.3509E+01 1.0654E-02 5.9638E-05
3.9004E+04 3.3192E+00 2.3643E+02 7.7158E+01 -8.0144E-02 1.3478E-04
3.9229E+04 -2.5586E+01 2.3178E+02 5.0267E+01 -2.2722E-02 9.9592E-05
3.8613E+04 -4.0022E+01 1.8068E+02 3.9847E+01 -2.9910E-02 1.2850E-04
3.7211E+04 -3.4025E+00 1.8488E+02 5.3995E+01 -5.1827E-02 1.4668E-04
3.5018E+04 1.1807E+01 2.5077E+02 1.0104E+02 -1.6572E-01 2.0183E-04
3.5664E+04 4.5373E+00 2.5498E+02 7.3205E+01 2.0872E-02 4.5202E-05
4.0499E+04 -1.8499E+01 2.3203E+02 6.2924E+01 -6.7124E-02 1.3390E-04
4.4096E+04 -9.8293E+00 3.1883E+02 9.2844E+01 -9.7900E-02 1.1189E-04
3.6861E+04 7.7764E+00 3.1449E+02 1.0804E+02 -9.0000E-02 9.9151E-05
4.6920E+04 8.3834E+00 3.2884E+02 1.0265E+02 -1.8080E-01 1.8697E-04
3.9143E+04 6.5275E+00 2.0854E+02 8.2149E+01 -9.9852E-02 1.7260E-04
4.0872E+04 -9.7957E-02 3.5708E+02 1.0191E+02 -7.7374E-02 9.0570E-05
3.9500E+04 -8.0790E+01 3.0366E+02 4.9570E+01 4.7555E-02 2.2927E-05
3.6746E+04 -2.3561E+00 2.2366E+02 7.1061E+01 -8.6383E-02 1.4660E-04
3.5236E+04 6.7120E+00 2.4686E+02 1.0035E+02 -1.6682E-01 2.0380E-04
3.5459E+04 -7.5398E+00 2.4520E+02 9.4648E+01 -1.6805E-01 2.0196E-04
3.8077E+04 2.4785E+01 2.2493E+02 6.6728E+01 -1.1580E-01 1.9803E-04
3.8623E+04 -6.8280E+01 3.1677E+02 6.1764E+01 -2.4941E-02 8.0180E-05
4.3026E+04 -7.8833E+00 2.9948E+02 8.7777E+01 -1.1680E-01 1.3578E-04
3.7531E+04 6.8594E+00 3.8141E+02 1.3990E+02 -1.6114E-01 1.3073E-04
4.1364E+04 2.4873E+01 3.5579E+02 1.0583E+02 -1.0624E-01 1.0505E-04
4.4060E+04 6.9070E-01 3.2535E+02 5.7339E+01 -1.7402E-02 8.4886E-05
3.8107E+04 -1.6952E+01 1.7021E+02 4.9211E+01 -6.3283E-02 1.6200E-04
3.7145E+04 -2.8227E+00 2.2711E+02 7.7856E+01 -9.5081E-02 1.5089E-04
4.1163E+04 -1.1869E+01 3.6066E+02 8.6008E+01 -1.0015E-01 1.1830E-04
4.1103E+04 1.2315E+00 2.4078E+02 9.4823E+01 -1.2528E-01 1.6936E-04
4.1722E+04 -2.8470E+01 1.7422E+02 3.6770E+01 -4.0537E-02 1.4459E-04
4.2201E+04 1.0655E+01 2.3546E+02 6.9419E+01 -1.1922E-01 1.8133E-04
3.6779E+04 5.9784E+00 1.9214E+02 5.9696E+01 -1.1808E-01 2.1178E-04
4.1927E+04 2.6142E+01 3.2003E+02 1.2992E+02 -1.9212E-01 1.7512E-04
4.0807E+04 -7.6628E+00 3.1243E+02 9.7555E+01 -7.8033E-02 9.4544E-05
4.1305E+04 -1.1921E+01 2.2903E+02 8.7004E+01 -1.4608E-01 1.8786E-04
3.6782E+04 9.1748E+00 3.2744E+02 1.2551E+02 -1.3020E-01 1.2395E-04
3.9636E+04 5.8118E+00 2.5922E+02 1.0149E+02 -1.0037E-01 1.3367E-04
3.8190E+04 3.4328E+00 2.6699E+02 8.1481E+01 1.7031E-02 3.8662E-05
3.9527E+04 -2.1494E+00 1.9477E+02 6.0787E+01 -1.2885E-01 2.1546E-04
4.2397E+04 8.6948E+00 2.6757E+02 7.8340E+01 -1.3981E-01 1.8411E-04
4.2991E+04 1.0896E+01 3.3325E+02 8.9671E+01 -1.1609E-01 1.3492E-04
4.0037E+04 3.6099E+01 3.3700E+02 9.6716E+01 -4.9031E-02 7.3906E-05
4.1624E+04 3.4798E+01 3.0539E+02 1.0236E+02 -1.4821E-01 1.6466E-04
4.0626E+04 2.8032E+00 2.1361E+02 6.2918E+01 -3.5655E-02 1.1024E-04
4.0041E+04 -5.2425E+01 2.5242E+02 4.6316E+01 9.0528E-03 7.0219E-05
4.1749E+04 4.2508E+01 3.4026E+02 1.0920E+02 -1.4120E-01 1.6279E-04
3.8931E+04 -1.1035E+01 1.9152E+02 4.3147E+01 -6.3457E-02 1.6174E-04
4.1216E+04 8.8869E-01 2.0597E+02 7.3835E+01 -1.2447E-01 1.9396E-04
4.3111E+04 -1.0148E+01 2.6338E+02 7.1645E+01 -7.7376E-02 1.2469E-04
4.1093E+04 -8.7491E+00 2.7197E+02 8.6550E+01 -9.7568E-02 1.3086E-04
4.4093E+04 7.0255E+00 2.8346E+02 8.0457E+01 -7.8023E-02 1.2321E-04
4.6147E+04 7.0825E+00 2.3364E+02 7.0195E+01 -9.2582E-02 1.5287E-04
4.3125E+04 3.8228E+01 2.9886E+02 9.7428E+01 -1.4325E-01 1.6955E-04
3.8774E+04 -1.7648E+01 2.8371E+02 8.4563E+01 -1.1160E-01 1.4123E-04
4.2032E+04 2.0197E+01 2.4882E+02 8.7590E+01 -1.3237E-01 1.7602E-04
3.4090E+04 -3.2552E+01 2.7230E+02 7.4326E+01 -7.3962E-02 1.6033E-04
3.8936E+04 -4.4610E+01 3.3745E+02 9.4310E+01 -6.3862E-02 7.7203E-05
4.2772E+04 1.1593E+01 2.6569E+02 1.0741E+02 -1.8091E-01 2.1338E-04
3.7928E+04 -1.0126E+01 1.9370E+02 5.5014E+01 -5.5445E-02 1.4404E-04
4.2343E+04 -9.0663E-01 3.1242E+02 8.7864E+01 -8.3811E-02 1.2245E-04
4.4030E+04 3.9275E+01 3.0024E+02 1.0207E+02 -1.6500E-01 1.9436E-04
4.3899E+04 -7.1669E+00 2.6013E+02 6.3299E+01 -8.7245E-02 1.3999E-04
3.2467E+04 1.6853E+00 2.2586E+02 8.5344E+01 -1.3038E-01 1.8358E-04
3.6344E+04 -9.1938E+00 1.7948E+02 4.9556E+01 -6.8206E-02 1.6692E-04
3.7397E+04 -6.4919E+00 1.7953E+02 4.9546E+01 -6.4432E-02 1.6464E-04
3.8632E+04 -4.3812E+01 2.3503E+02 5.7901E+01 -5.2346E-02 1.2542E-04
3.6045E+04 7.7968E-01 2.5792E+02 1.0318E+02 -8.4681E-02 1.1773E-04
4.1278E+04 3.9832E+01 2.4082E+02 7.2361E+01 -1.1712E-01 1.8960E-04
3.5812E+04 -1.8505E+02 3.1281E+02 3.6984E+01 1.3371E-01 -6.0152E-05
3.2716E+04 3.9896E+00 2.4904E+02 1.2105E+02 -1.8524E-01 2.0000E-04
4.1587E+04 -1.6054E+01 2.6729E+02 8.8112E+01 -1.2520E-01 1.5043E-04
4.2358E+04 2.9953E+01 3.0388E+02 1.1322E+02 -2.2949E-01 2.3803E-04
3.6734E+04 -4.0024E-01 1.6103E+02 4.9743E+01 -4.8305E-02 1.5779E-04
4.1109E+04 -2.1438E+01 2.1843E+02 7.8986E+01 -9.7154E-02 1.5531E-04
3.9983E+04 2.8786E+00 2.7604E+02 9.5803E+01 -1.1853E-01 1.4698E-04
4.3189E+04 -1.3073E+01 1.5512E+02 4.0791E+01 -5.1677E-02 1.6287E-04
3.9330E+04 -4.7835E+00 2.6688E+02 8.3850E+01 -7.9407E-02 1.2419E-04
3.6619E+04 6.5785E-01 1.7568E+02 6.1185E+01 -8.7361E-02 1.8382E-04
3.9573E+04 9.0954E-01 2.1434E+02 7.9122E+01 -1.5294E-01 2.1236E-04
3.5491E+04 1.3451E+00 2.6233E+02 1.1076E+02 -1.0727E-01 1.4368E-04
4.2601E+04 -1.5902E+01 1.9763E+02 5.6619E+01 -8.1217E-02 1.5944E-04
3.7852E+04 1.6086E+01 2.7244E+02 9.4427E+01 -1.1917E-01 1.5143E-04
4.2732E+04 1.2647E+00 3.0697E+02 9.2026E+01 -1.2658E-01 1.5165E-04
4.0304E+04 -1.2405E+01 2.1993E+02 6.4637E+01 -1.0311E-01 1.7695E-04
3.7756E+04 -7.2706E+00 2.2168E+02 6.6234E+01 -7.3618E-02 1.4586E-04
4.1264E+04 2.0965E+01 2.9162E+02 1.1736E+02 -1.6265E-01 1.8945E-04
4.3256E+04 -3.0060E+01 2.4847E+02 5.6337E+01 -8.4904E-02 1.5212E-04
4.2754E+04 -3.1697E+01 3.3415E+02 5.8564E+01 5.7222E-03 4.3774E-05
4.1964E+04 -5.7304E+00 3.2918E+02 1.0272E+02 -1.7678E-01 1.8861E-04
3.8898E+04 1.7397E+01 1.7747E+02 6.5529E+01 -1.0471E-01 1.9867E-04
3.8376E+04 -1.3165E+01 1.9759E+02 7.9635E+01 -1.3050E-01 1.8883E-04
3.9781E+04 -3.3032E+01 2.2530E+02 4.9323E+01 -8.1810E-02 1.7207E-04
4.0735E+04 4.4161E-01 2.5772E+02 1.0014E+02 -1.5703E-01 1.8186E-04
4.2025E+04 7.8157E-01 1.9642E+02 5.9025E+01 -1.0329E-01 1.8850E-04
4.1375E+04 -3.6435E+01 2.0196E+02 4.1323E+01 -6.2284E-02 1.5244E-04
4.0042E+04 2.2845E+00 2.0119E+02 8.3558E+01 -1.4366E-01 2.0164E-04
4.1022E+04 -1.4483E+01 2.1951E+02 7.4605E+01 -1.0089E-01 1.5441E-04
3.9879E+04 -7.4777E+00 3.2431E+02 1.0155E+02 -2.3612E-02 3.3062E-05
4.2168E+04 -3.7550E+01 3.5853E+02 6.8419E+01 -7.8310E-02 1.3543E-04
3.8340E+04 -1.6657E+01 2.1531E+02 7.6581E+01 -1.3213E-01 1.8826E-04
3.9685E+04 -5.4545E+00 2.0276E+02 5.6246E+01 -1.0720E-01 1.8650E-04
4.0424E+04 -2.5120E+01 3.2702E+02 1.0995E+02 -9.2438E-02 8.4875E-05
3.7193E+04 -4.4013E+00 3.0425E+02 1.0003E+02 -8.5799E-02 1.0260E-04
4.7369E+04 7.2933E+00 1.8863E+02 4.7792E+01 -9.3628E-02 1.9099E-04
3.7474E+04 -2.7976E+00 2.1136E+02 8.4563E+01 -1.7449E-01 2.2888E-04
4.1487E+04 2.0307E+00 3.3191E+02 1.1339E+02 -1.4570E-01 1.4859E-04
4.4596E+04 2.5328E+01 2.9321E+02 7.8997E+01 -1.1927E-01 1.4777E-04
4.0751E+04 3.1546E+01 3.0546E+02 9.0839E+01 -7.8277E-02 1.1167E-04
4.2826E+04 -1.9149E+01 2.7296E+02 9.5551E+01 -1.3648E-01 1.6252E-04
3.9628E+04 -4.8451E+01 3.2009E+02 8.9804E+01 -7.6860E-02 9.8665E-05
4.1831E+04 1.5509E+01 2.9355E+02 1.1119E+02 -1.5880E-01 1.6459E-04
3.7276E+04 4.5133E+00 1.8933E+02 6.0425E+01 -9.7098E-02 1.8553E-04
3.8798E+04 -1.3947E+01 2.3139E+02 5.9412E+01 -7.5649E-02 1.5376E-04
4.2024E+04 3.0500E+00 2.3383E+02 7.4525E+01 -1.1496E-01 1.6888E-04
4.0037E+04 -3.8665E+01 2.1953E+02 5.5138E+01 -5.3558E-02 1.2783E-04
3.5805E+04 -1.1248E+00 2.2713E+02 8.4819E+01 -1.3326E-01 1.8673E-04
4.4018E+04 1.1875E+00 3.1015E+02 7.5433E+01 -7.8388E-02 1.1386E-04
3.8553E+04 -4.9469E+01 2.4414E+02 6.0826E+01 -1.0459E-03 6.1781E-05
4.6301E+04 -1.8491E+00 2.4625E+02 7.1634E+01 -9.9495E-02 1.4924E-04
4.2477E+04 -2.3250E+00 3.5246E+02 7.8535E+01 -7.9617E-02 9.8298E-05
4.0437E+04 -2.2383E+01 1.6708E+02 5.1490E+01 -9.2209E-02 1.8962E-04
4.5915E+04 -1.1656E+01 3.0700E+02 5.5292E+01 -5.3867E-02 1.0175E-04
3.6767E+04 -1.2486E+01 1.9470E+02 7.0173E+01 -1.4924E-01 2.3003E-04
4.4132E+04 -2.8764E+01 2.4788E+02 6.8521E+01 -6.3559E-02 1.1104E-04
4.5093E+04 4.2484E+00 3.0198E+02 1.0044E+02 -1.4216E-01 1.6196E-04
4.0607E+04 -8.8929E+00 2.7635E+02 5.8093E+01 -5.1550E-02 1.0747E-04
4.1003E+04 3.1224E+00 1.8070E+02 4.4863E+01 -4.0027E-02 1.4116E-04
3.9049E+04 -7.7664E-01 2.7016E+02 9.4276E+01 -1.1276E-01 1.4385E-04
3.9530E+04 -3.6467E+00 2.4030E+02 8.0622E+01 -1.4754E-01 1.9221E-04
4.1521E+04 2.2469E+00 2.0186E+02 8.0649E+01 -1.5056E-01 2.1227E-04
3.9281E+04 -1.4404E+01 3.6250E+02 8.6428E+01 -2.1118E-02 5.0495E-05
4.2587E+04 -1.6410E+01 1.8430E+02 4.0581E+01 -6.5987E-02 1.6653E-04
4.4533E+04 -1.4197E+01 1.6852E+02 4.4066E+01 -6.7874E-02 1.6602E-04
3.8157E+04 -3.4097E+01 1.8153E+02 3.9163E+01 -5.5429E-02 1.6126E-04
3.8729E+04 -1.3021E+01 3.7608E+02 1.0006E+02 -8.3417E-02 1.0364E-04
4.6517E+04 -5.7003E+01 3.3937E+02 6.3256E+01 -4.7300E-02 7.7191E-05
4.2246E+04 -3.0066E+01 2.3502E+02 6.5226E+01 -5.9003E-02 1.1578E-04
4.0254E+04 -2.7882E+01 2.0508E+02 5.9755E+01 -4.1752E-02 1.1072E-04
4.0009E+04 -2.9625E+01 2.8611E+02 8.3517E+01 -1.2328E-01 1.6402E-04
4.1948E+04 -2.2382E+01 2.3509E+02 7.8201E+01 -1.0452E-01 1.5149E-04
4.1579E+04 -2.8999E+00 3.1346E+02 9.5311E+01 -1.2939E-01 1.4499E-04
4.1512E+04 2.0505E+01 2.8070E+02 1.0410E+02 -1.2128E-01 1.4850E-04
4.2382E+04 -1.7502E+01 2.7064E+02 8.8750E+01 -1.1148E-01 1.4061E-04
4.0005E+04 3.4928E+00 2.4977E+02 8.7829E+01 -1.7312E-01 2.1012E-04
3.7189E+04 -7.8281E+00 2.6990E+02 7.6661E+01 1.0755E-02 5.9250E-05
3.8638E+04 -3.5476E+01 2.3496E+02 7.0398E+01 -5.9315E-02 1.1238E-04
3.9211E+04 -1.4777E+00 2.0971E+02 7.2895E+01 -1.1169E-01 1.7406E-04
4.3585E+04 1.4048E+01 3.0670E+02 1.1124E+02 -1.2090E-01 1.2496E-04
3.9911E+04 -2.5519E+01 3.3278E+02 7.1993E+01 -3.1445E-03 6.2592E-05
4.3157E+04 -4.3234E+01 3.1619E+02 7.4445E+01 -9.1198E-02 1.1454E-04
3.9641E+04 -1.1691E+01 2.7141E+02 1.0793E+02 -1.2101E-01 1.3374E-04
4.0790E+04 1.2976E+01 2.6846E+02 8.3984E+01 -1.1512E-01 1.5104E-04
4.5904E+04 -3.0333E+01 2.9699E+02 7.4464E+01 -9.3511E-02 1.2659E-04
3.8905E+04 9.8886E-01 2.1647E+02 7.3510E+01 -1.1188E-01 1.8036E-04
4.4034E+04 -3.2346E+00 3.0719E+02 8.3221E+01 -6.4004E-02 9.1328E-05
4.0257E+04 -2.2185E+00 2.1454E+02 7.7841E+01 -1.4047E-01 1.9683E-04
4.2843E+04 3.5764E+01 3.1226E+02 1.1609E+02 -1.1148E-01 1.1738E-04
3.8219E+04 -5.0697E+01 2.6414E+02 5.9764E+01 -2.7859E-02 8.3835E-05
3.8367E+04 -1.9355E+00 2.9765E+02 1.0752E+02 -9.7135E-02 1.1686E-04
3.6758E+04 1.1776E+01 3.0137E+02 8.5245E+01 -6.0706E-03 5.3382E-05
3.9124E+04 -5.1977E+00 3.0686E+02 9.9870E+01 -4.2713E-02 6.9390E-05
4.2896E+04 1.3226E+00 2.3505E+02 9.0096E+01 -1.5705E-01 1.9825E-04
4.2402E+04 1.6495E+01 3.6859E+02 1.1545E+02 -1.6076E-01 1.5254E-04
3.7783E+04 -7.5012E-01 2.6415E+02 9.6372E+01 -1.5964E-01 1.8452E-04
3.9264E+04 -3.4397E+01 2.4389E+02 7.1926E+01 -5.8284E-02 1.0850E-04
4.3096E+04 -2.3550E+01 3.3573E+02 5.6796E+01 3.7113E-02 3.5585E-05
3.8110E+04 -2.7086E+01 2.2989E+02 6.3439E+01 -3.2848E-02 1.0406E-04
3.8085E+04 -6.8837E+00 3.4215E+02 8.4836E+01 -5.5852E-02 8.8450E-05
4.2567E+04 1.2028E+01 3.7199E+02 1.1747E+02 -1.9638E-01 1.7826E-04
3.9338E+04 1.1175E+01 3.0617E+02 1.2346E+02 -1.5818E-01 1.6047E-04
4.0564E+04 1.0609E+00 3.2744E+02 1.0899E+02 -1.3431E-01 1.3905E-04
3.8631E+04 -4.6146E-01 2.4297E+02 8.8897E+01 -1.0740E-01 1.5197E-04
3.7589E+04 -4.3237E+00 2.5013E+02 7.5053E+01 -3.5766E-02 9.1511E-05
3.3664E+04 4.6995E+00 2.4447E+02 9.5643E+01 -1.4218E-01 1.7493E-04
4.1402E+04 -2.0594E+02 3.2059E+02 2.5534E+01 8.5165E-02 -1.8745E-05
3.7985E+04 -2.2505E+00 3.2662E+02 1.0604E+02 -1.1360E-01 1.4763E-04
3.4922E+04 -1.2520E+01 1.5937E+02 5.3166E+01 -7.1468E-02 1.7591E-04
3.9896E+04 -4.7971E+01 2.2829E+02 5.1027E+01 -5.6771E-02 1.3229E-04
3.9298E+04 -4.6967E+00 2.5384E+02 7.8303E+01 -1.0015E-01 1.5132E-04
3.6908E+04 1.7764E-01 1.6835E+02 5.5771E+01 -6.7359E-02 1.6731E-04
3.5955E+04 1.8058E+01 2.5047E+02 1.0461E+02 -1.3331E-01 1.6394E-04
4.3259E+04 1.1775E+01 2.6118E+02 1.0643E+02 -2.1043E-01 2.2562E-04
4.2831E+04 8.7395E-01 2.4324E+02 9.4927E+01 -1.2975E-01 1.6090E-04
3.8602E+04 1.1905E+00 2.6870E+02 1.1098E+02 -1.3189E-01 1.5450E-04
3.8775E+04 -3.6088E+01 1.8527E+02 3.5070E+01 -3.4904E-02 1.3527E-04
3.7815E+04 -6.6613E+01 2.1049E+02 3.8176E+01 -1.7520E-02 1.0620E-04
4.1047E+04 -2.4906E-01 2.5247E+02 8.7174E+01 -1.3533E-01 1.7611E-04
4.0812E+04 1.2854E+01 2.6653E+02 7.0652E+01 -4.9185E-02 1.0531E-04
3.9002E+04 -2.4458E+01 2.9868E+02 9.3232E+01 -1.2113E-01 1.7002E-04
3.3225E+04 -2.1934E+00 3.4382E+02 1.3384E+02 -1.5091E-01 1.4933E-04
3.8384E+04 -2.3741E+01 3.6513E+02 8.5800E+01 -3.8144E-02 7.3875E-05
3.9013E+04 2.5051E+00 2.8380E+02 9.8830E+01 -1.6923E-01 1.8989E-04
4.4291E+04 -6.4993E+00 3.0427E+02 8.9169E+01 -1.1381E-01 1.4022E-04
4.4475E+04 -7.8845E+00 1.6797E+02 3.9096E+01 -4.7299E-02 1.5483E-04
4.1375E+04 -7.2677E+00 2.3189E+02 5.8540E+01 -1.0260E-01 1.7252E-04
4.1340E+04 -1.2649E+01 3.0191E+02 9.8328E+01 -7.9374E-02 9.1119E-05
3.8965E+04 -2.6279E+01 3.1828E+02 4.9964E+01 4.5868E-02 2.2856E-05