5.6961E+05 -2.4095E+01 4.3834E+02 6.6160E+01 -8.5543E-02 7.3965E-05
5.6647E+05 -2.0617E+01 4.7115E+02 6.3037E+01 -4.3774E-02 3.9172E-05
6.3657E+05 4.0468E+01 2.9077E+02 5.6312E+01 -9.0679E-02 1.0302E-04
5.3092E+05 4.1969E+01 4.0812E+02 8.4116E+01 -1.1374E-01 9.3057E-05
5.8777E+05 -8.5950E+00 2.2150E+02 4.5445E+01 -8.8624E-02 1.3554E-04
5.3769E+05 -4.4430E+00 4.9681E+02 9.8740E+01 -1.1187E-01 8.4838E-05
4.9304E+05 2.2686E+01 5.0797E+02 1.3423E+02 -1.7333E-01 1.0334E-04
6.1095E+05 1.0320E+02 5.2669E+02 8.2109E+01 -1.1701E-01 8.4828E-05
6.0058E+05 1.0430E+00 2.6402E+02 5.3994E+01 -1.2466E-01 1.5294E-04
5.0170E+05 7.7654E+00 2.9575E+02 4.4941E+01 -2.1006E-02 4.6232E-05
5.7871E+05 5.5321E+01 3.1468E+02 6.5990E+01 -1.1464E-01 1.2345E-04
5.8741E+05 -2.9237E+01 3.7812E+02 6.6806E+01 -3.0123E-02 2.7388E-05
5.5655E+05 1.6034E+01 4.4625E+02 9.5548E+01 -1.2904E-01 1.0981E-04
5.7021E+05 9.5170E+01 4.4925E+02 1.0849E+02 -1.7626E-01 1.1844E-04
5.7388E+05 -5.4991E+01 4.5785E+02 5.0678E+01 -1.3951E-02 2.9634E-05
4.7754E+05 1.2152E+01 3.4885E+02 6.4663E+01 -5.7799E-02 7.1380E-05
5.8467E+05 -3.1014E+01 2.5644E+02 2.7439E+01 -1.9581E-02 8.5752E-05
6.1248E+05 1.8025E+01 5.1877E+02 9.6835E+01 -8.5022E-02 5.7259E-05
5.7329E+05 1.2770E+02 5.5487E+02 7.1737E+01 2.7015E-05 9.4605E-06
4.9683E+05 -1.0015E+01 4.0981E+02 9.8474E+01 -1.5121E-01 1.2358E-04
5.5446E+05 1.3696E+01 4.1703E+02 7.6784E+01 -6.5726E-02 5.6408E-05
6.2881E+05 -1.4414E+02 5.2882E+02 4.4961E+01 4.6529E-03 -1.2504E-06
5.8516E+05 6.7427E+01 3.5406E+02 6.8741E+01 -9.8924E-02 9.5682E-05
5.1922E+05 -1.8210E+01 4.7619E+02 9.1723E+01 -6.5833E-02 5.2218E-05
4.5557E+05 -5.2257E+01 4.3018E+02 3.5048E+01 2.6532E-02 5.0743E-05
5.1086E+05 -1.2372E+01 2.8607E+02 4.9878E+01 -2.2851E-02 5.0441E-05
6.5425E+05 6.4059E+01 4.0463E+02 7.3747E+01 -1.1659E-01 1.0363E-04
5.2453E+05 -1.0188E+01 4.0201E+02 8.6397E+01 -1.1541E-01 9.5488E-05
5.1123E+05 1.4521E+01 4.7001E+02 8.2701E+01 -5.0132E-02 4.3451E-05
5.9910E+05 -4.5239E+01 5.5969E+02 5.6082E+01 1.9637E-07 -3.4640E-06
5.6911E+05 -1.4654E+01 3.7792E+02 6.9571E+01 -7.8258E-02 7.7703E-05
6.8475E+05 2.0027E+01 4.2654E+02 7.3015E+01 -8.9483E-02 7.1436E-05
4.0535E+05 5.3944E+01 5.9893E+02 8.9830E+01 -7.1198E-03 7.0204E-05
5.1088E+05 6.4022E+01 6.2316E+02 1.6303E+02 -2.8117E-01 1.9435E-04
6.2158E+05 7.9953E+01 5.4835E+02 8.8670E+01 -8.1569E-02 6.9533E-05
5.6084E+05 -2.7295E+01 2.6946E+02 4.8265E+01 -7.7555E-02 1.1188E-04
3.8263E+05 -1.0236E+02 3.5576E+02 2.7408E+01 1.5132E-01 -8.9070E-05
5.0274E+05 -5.5015E+01 3.0069E+02 4.7357E+01 -2.2298E-02 5.2264E-05
6.1713E+05 1.0033E+00 4.7699E+02 1.0435E+02 -1.1726E-01 7.3971E-05
6.2684E+05 1.9311E+01 4.2067E+02 6.7975E+01 -8.8412E-02 7.8333E-05
5.2862E+05 1.0478E+02 3.9276E+02 9.2865E+01 -1.7134E-01 1.4526E-04
5.6717E+05 -1.2395E+02 7.2468E+02 3.6073E+01 -1.7959E-02 3.0685E-05
5.9143E+05 2.0343E+01 4.3208E+02 7.3218E+01 -6.2859E-02 5.3347E-05
5.6016E+05 1.4706E+01 2.8210E+02 3.5377E+01 -4.6497E-02 1.0290E-04
5.9064E+05 -4.0450E+01 3.4579E+02 5.8932E+01 -6.8694E-02 7.1989E-05
5.9111E+05 5.1217E+01 5.3618E+02 9.1027E+01 -7.4121E-02 4.9039E-05
5.5700E+05 1.1105E+01 4.5234E+02 9.8219E+01 -9.7131E-02 6.4478E-05
5.6685E+05 3.8179E+01 4.7393E+02 9.4050E+01 -8.9282E-02 5.9666E-05
5.3074E+05 4.4940E+01 3.4801E+02 7.4408E+01 -1.3723E-01 1.3896E-04
5.4917E+05 -3.2931E+00 3.1087E+02 7.0019E+01 -9.8478E-02 1.0220E-04
5.9267E+05 -1.6752E+01 3.9758E+02 8.0609E+01 -1.0001E-01 6.9467E-05
6.0519E+05 -4.0588E+00 4.6147E+02 8.3889E+01 -6.6177E-02 5.4403E-05
5.4539E+05 3.4036E+01 4.3952E+02 7.2297E+01 -1.5141E-02 1.3569E-05
5.1552E+05 -6.3465E+01 4.1221E+02 6.4237E+01 2.6540E-03 7.4393E-06
5.8983E+05 -5.0509E+01 3.2707E+02 4.8026E+01 -5.8268E-02 8.4703E-05
5.3564E+05 8.2095E+01 5.0340E+02 1.0304E+02 -1.3057E-01 8.9510E-05
5.6813E+05 2.3803E+01 3.8212E+02 7.0052E+01 -3.2639E-02 2.7520E-05
5.4674E+05 1.6904E+00 4.0612E+02 7.1495E+01 -3.9731E-02 3.3294E-05
4.8432E+05 3.5441E+01 3.1520E+02 9.0268E+01 -1.4436E-01 1.3125E-04
5.9155E+05 7.8589E+01 3.1650E+02 7.4358E+01 -1.4914E-01 1.5195E-04
6.0522E+05 6.0386E+01 4.5020E+02 8.0520E+01 -1.1245E-01 9.5883E-05
5.4993E+05 9.1195E+01 5.2638E+02 7.9000E+01 -5.4733E-02 4.1578E-05
5.4165E+05 -1.1502E+01 4.0044E+02 7.5308E+01 -8.0753E-02 8.8741E-05
5.6630E+05 5.2906E+00 3.0994E+02 4.5335E+01 -5.3460E-02 7.6407E-05
5.8495E+05 9.6197E+01 5.3700E+02 5.8542E+01 -5.1025E-02 5.9739E-05
6.1185E+05 2.0852E+01 4.8238E+02 7.2961E+01 -6.8150E-02 5.4312E-05
5.9015E+05 3.2569E+00 5.0693E+02 6.0554E+01 5.0067E-03 5.8886E-08
6.0455E+05 2.6379E+01 3.0751E+02 6.3582E+01 -1.1254E-01 1.2346E-04
6.3225E+05 -1.1444E+01 4.3025E+02 9.5283E+01 -1.2939E-01 1.0393E-04
5.4507E+05 2.4151E+01 5.1288E+02 9.7520E+01 -7.7936E-02 5.0183E-05
4.9816E+05 1.4222E+01 2.6650E+02 7.1166E+01 -1.5414E-01 1.7253E-04
6.3831E+05 -1.0393E+02 4.9256E+02 5.0447E+01 -2.9632E-02 3.0300E-05
5.4459E+05 -4.3294E+00 4.9431E+02 9.9785E+01 -1.0807E-01 8.4930E-05
4.9744E+05 2.2608E+00 4.5181E+02 8.9975E+01 -6.8804E-02 5.3802E-05
5.3377E+05 5.5781E+00 3.5090E+02 7.0236E+01 -5.2531E-02 5.2953E-05
6.0808E+05 2.0791E+02 7.2002E+02 9.0952E+01 -6.3669E-02 3.6452E-05
5.8911E+05 1.2402E+00 3.0616E+02 6.8993E+01 -1.5490E-01 1.6070E-04
6.1660E+05 -3.8540E+01 4.4051E+02 5.5612E+01 -4.9830E-02 4.5507E-05
5.9989E+05 -2.1727E+01 5.3846E+02 7.0101E+01 -1.1534E-01 1.0656E-04
6.0437E+05 2.0801E+02 6.0058E+02 9.6478E+01 -1.3756E-01 9.3147E-05
5.6633E+05 -6.2963E+01 2.7399E+02 3.7092E+01 -7.4489E-03 4.1501E-05
6.7958E+05 -3.3245E+01 4.5180E+02 6.1577E+01 -3.5065E-02 2.5986E-05
4.9125E+05 -1.7787E+01 4.4702E+02 1.0282E+02 -5.4932E-02 3.8468E-05
6.8073E+05 -7.4193E-01 3.8783E+02 6.3971E+01 -7.5847E-02 5.1044E-05
5.3314E+05 6.1386E+00 3.9281E+02 1.0908E+02 -1.6135E-01 1.2695E-04
5.6784E+05 3.5032E+01 3.4958E+02 9.1143E+01 -1.5816E-01 1.3354E-04
5.7275E+05 -2.6829E+00 2.5197E+02 4.9323E+01 -9.1184E-02 1.2605E-04
4.3901E+05 3.4991E+01 3.4831E+02 5.9627E+01 -7.6661E-03 2.5339E-05
6.1607E+05 3.5485E+01 4.2378E+02 7.6138E+01 -9.0852E-02 7.7405E-05
6.3014E+05 6.4885E+01 5.6516E+02 9.5807E+01 -1.2082E-01 9.0341E-05
6.1625E+05 7.0924E+01 3.7518E+02 6.3809E+01 -1.0690E-01 1.0925E-04
5.5761E+05 2.6424E+00 5.4560E+02 1.1812E+02 -1.4706E-01 9.4456E-05
5.7194E+05 -5.6194E+01 4.7970E+02 6.8733E+01 -6.8568E-02 8.0030E-05
6.2548E+05 -4.1514E+01 3.5783E+02 5.0634E+01 -4.5888E-02 5.5655E-05
6.0999E+05 -1.4649E+01 3.6117E+02 5.4840E+01 -6.2322E-02 9.3251E-05
5.3713E+05 1.5164E+02 6.1137E+02 9.3446E+01 -6.3661E-02 3.0662E-05
5.7673E+05 5.1606E+01 4.6233E+02 8.2682E+01 -9.2678E-02 9.0484E-05
5.1964E+05 -9.1979E+00 2.3846E+02 4.6138E+01 -6.5283E-02 1.1154E-04
6.6226E+05 1.4817E+01 2.8422E+02 5.4771E+01 -1.1406E-01 1.3102E-04
6.2851E+05 8.2470E+01 5.5855E+02 7.3622E+01 -5.7445E-02 4.1698E-05
6.1729E+05 1.3685E+02 6.5739E+02 8.6948E+01 -9.4889E-02 6.3697E-05
5.3071E+05 -2.0331E+01 3.8089E+02 4.6134E+01 4.0429E-02 -1.8923E-05
4.1591E+05 2.6559E+01 4.6157E+02 1.0701E+02 -1.3021E-01 1.5125E-04
6.1085E+05 1.5398E+02 6.4994E+02 1.0697E+02 -9.7673E-02 5.3057E-05
6.5203E+05 2.4384E+01 4.3695E+02 9.3091E+01 -1.2273E-01 9.0172E-05
5.6459E+05 1.2845E+01 3.4132E+02 6.7181E+01 -8.5390E-02 8.6503E-05
5.9203E+05 -2.3860E+01 5.1512E+02 8.1596E+01 -4.0567E-02 3.2395E-05
6.4080E+05 3.6764E+01 5.5419E+02 5.4208E+01 -1.2234E-02 1.5552E-05
6.2411E+05 1.1644E+01 3.1443E+02 4.8516E+01 -5.3932E-02 7.4011E-05
6.2766E+05 1.4098E+02 6.2532E+02 1.1671E+02 -1.2892E-01 7.7334E-05
6.9220E+05 -4.6780E+00 2.6822E+02 5.6347E+01 -1.1971E-01 1.4034E-04
5.7743E+05 3.5007E+01 5.2532E+02 6.5466E+01 -3.7854E-02 3.3754E-05
5.2395E+05 -1.8383E+01 4.6312E+02 1.0201E+02 -1.6677E-01 1.3038E-04
3.8811E+05 -5.8292E+00 4.9084E+02 4.6672E+01 6.2170E-02 2.4785E-05
5.8154E+05 1.4341E+02 5.7525E+02 5.6282E+01 -3.5786E-04 -1.0008E-06
6.0951E+05 -3.5655E+01 4.2080E+02 6.2961E+01 -5.3491E-02 5.6992E-05
5.8645E+05 1.0981E+02 5.5573E+02 1.0977E+02 -1.1668E-01 6.3842E-05
5.1207E+05 1.6332E+01 4.7776E+02 4.9175E+01 6.9290E-02 -4.4107E-05
5.6936E+05 1.3864E+02 4.2346E+02 1.0049E+02 -1.8558E-01 1.4525E-04
5.1739E+05 -2.7897E+01 2.7637E+02 5.3543E+01 -8.5759E-02 1.1331E-04
5.4174E+05 2.3080E+01 2.5981E+02 6.9441E+01 -1.3217E-01 1.5056E-04
5.9102E+05 -6.6130E+00 3.2910E+02 7.3600E+01 -1.1543E-01 1.1613E-04
5.6352E+05 -3.0624E+01 2.7584E+02 4.2721E+01 -4.7264E-02 8.1059E-05
5.3367E+05 6.4080E+00 2.7947E+02 6.9406E+01 -1.2355E-01 1.3456E-04
5.5293E+05 3.5296E+01 3.8373E+02 6.6195E+01 -7.0095E-02 7.9492E-05
6.1268E+05 -1.5487E+01 3.8292E+02 7.4223E+01 -7.5046E-02 6.3994E-05
6.6559E+05 1.1117E+02 4.1436E+02 7.1797E+01 -1.5165E-01 1.3433E-04
6.4243E+05 1.5820E+02 5.4955E+02 9.9929E+01 -1.3222E-01 8.6424E-05
6.2637E+05 -9.4584E-01 2.9263E+02 5.6150E+01 -9.9816E-02 1.1431E-04
4.9479E+05 2.1029E+01 3.7846E+02 8.8230E+01 -1.0169E-01 7.9306E-05
4.9212E+05 -9.8922E+01 3.0659E+02 2.0025E+01 1.1210E-01 -5.9164E-05
4.8247E+05 -2.2929E+01 4.2841E+02 6.7317E+01 -1.0429E-01 9.1541E-05
5.6802E+05 -2.6878E+01 4.4626E+02 7.4717E+01 -3.1451E-02 2.6132E-05
5.4021E+05 3.2395E+01 3.8132E+02 6.9619E+01 -8.4482E-02 8.4467E-05
5.9280E+05 -3.6853E+01 3.0270E+02 4.2238E+01 -2.4392E-02 5.2467E-05
5.7025E+05 -1.1807E+01 2.9922E+02 5.6151E+01 -8.8282E-02 1.0912E-04
4.2798E+05 1.2569E+02 4.7604E+02 1.9744E+02 -3.1169E-01 1.7733E-04
5.7974E+05 -9.4442E+00 4.5157E+02 5.0438E+01 -2.2024E-05 4.5387E-06
5.9595E+05 3.3551E+01 3.4971E+02 5.7417E+01 -1.0961E-01 1.1636E-04
5.3224E+05 -3.7244E+01 4.6844E+02 8.3069E+01 -9.3622E-02 8.8232E-05
4.9982E+05 -1.7166E+01 2.8560E+02 5.9245E+01 -6.4330E-02 8.0603E-05
4.9448E+05 -1.3122E+01 2.4749E+02 5.5996E+01 -8.4062E-02 1.1407E-04
6.3421E+05 -3.1558E+01 5.3623E+02 4.4662E+01 -3.4594E-02 4.0069E-05
5.5531E+05 5.2180E+01 4.7422E+02 1.0466E+02 -1.5055E-01 1.0545E-04
5.9602E+05 3.9524E+01 4.6995E+02 9.3092E+01 -9.2481E-02 6.6628E-05
5.7041E+05 1.5168E+01 3.0359E+02 7.1955E+01 -1.3386E-01 1.3266E-04
5.9363E+05 6.2312E+01 4.9582E+02 6.1332E+01 -1.8699E-04 8.9771E-07
4.7756E+05 2.5957E+01 4.4786E+02 1.3591E+02 -2.0903E-01 1.3828E-04
5.7081E+05 8.5804E+01 4.7765E+02 1.0974E+02 -1.5570E-01 1.0298E-04
4.9589E+05 3.2917E+01 5.5024E+02 1.0417E+02 -1.2610E-01 1.1967E-04
5.0839E+05 5.0141E+01 4.7209E+02 7.0113E+01 -1.6273E-02 1.8409E-05
5.4668E+05 1.3134E+01 3.3782E+02 6.1776E+01 -7.1512E-02 8.1927E-05
6.3743E+05 5.6428E+01 3.2582E+02 5.8138E+01 -1.1219E-01 1.2141E-04
5.1715E+05 -1.6465E+01 3.0744E+02 7.1489E+01 -1.1735E-01 1.2298E-04
6.3363E+05 3.5641E+01 4.8788E+02 1.1177E+02 -2.3659E-01 2.1386E-04
4.8601E+05 -9.7544E+00 4.4707E+02 8.4794E+01 1.5521E-02 -1.3729E-05
6.2253E+05 -1.2895E+01 4.7082E+02 7.4296E+01 -6.0093E-02 3.9517E-05
5.8515E+05 1.8289E+01 3.4029E+02 6.3884E+01 -7.9673E-02 8.6940E-05
5.5496E+05 2.8441E+01 4.9848E+02 1.0196E+02 -1.2390E-01 9.5106E-05
5.5621E+05 -1.1648E+01 4.8638E+02 9.5260E+01 -1.8632E-02 2.2768E-06
5.6884E+05 4.7028E+01 3.8618E+02 4.3839E+01 -3.3782E-02 6.1841E-05
5.8767E+05 -2.6279E+01 4.1800E+02 6.7380E+01 -4.2138E-02 3.7826E-05
6.1025E+05 -1.5460E+01 3.3721E+02 4.9761E+01 -8.4574E-02 8.8980E-05
5.6547E+05 -7.8816E+00 4.9321E+02 1.1554E+02 -1.3693E-01 7.8651E-05
6.2078E+05 7.3769E+01 4.8338E+02 8.1395E+01 -1.0462E-01 7.7779E-05
6.0286E+05 -8.4629E+00 3.6733E+02 6.5793E+01 -8.3425E-02 7.9211E-05
5.5295E+05 -2.4884E+01 2.6856E+02 4.5814E+01 -5.1160E-02 9.3413E-05
6.3713E+05 1.4538E+02 5.5444E+02 8.4052E+01 -7.7521E-02 6.2937E-05
6.3444E+05 4.1523E+01 3.0860E+02 4.6400E+01 -6.4679E-02 8.8380E-05
6.5609E+05 3.6816E+01 3.3622E+02 6.1507E+01 -9.6835E-02 1.0105E-04
5.9115E+05 4.2854E+01 5.3525E+02 5.7703E+01 -2.1509E-02 3.5438E-05
5.6999E+05 6.7822E+01 4.0687E+02 6.2557E+01 -7.3763E-02 7.9953E-05
5.7533E+05 1.4497E+02 5.8165E+02 1.1112E+02 -1.1263E-01 7.5086E-05
5.5891E+05 2.9739E+01 4.9836E+02 1.0242E+02 -1.5760E-01 1.2929E-04
5.6558E+05 -1.1591E+01 3.1018E+02 6.1266E+01 -8.1561E-02 9.1026E-05
6.4680E+05 1.8862E+01 4.5818E+02 7.2295E+01 -7.4815E-02 5.9265E-05
4.7296E+05 7.6606E+01 4.3784E+02 1.0703E+02 -1.8367E-01 1.7245E-04
5.7341E+05 1.6461E+01 4.0959E+02 7.4506E+01 -4.7947E-02 3.7529E-05
5.4367E+05 -3.1181E+01 4.9202E+02 7.1099E+01 -1.5217E-02 2.0886E-05
5.6869E+05 1.0234E+02 4.5045E+02 6.6601E+01 -7.0461E-02 6.8653E-05
4.9134E+05 -8.7893E+01 5.4032E+02 4.2162E+01 1.0590E-01 -7.5299E-05
6.4231E+05 2.7090E+02 7.7947E+02 1.1328E+02 -1.3435E-01 7.7464E-05
6.1273E+05 -1.3130E+02 4.6896E+02 3.1910E+01 8.5242E-03 8.0375E-06
6.7947E+05 -2.0520E+01 4.1304E+02 6.8220E+01 -8.7408E-02 6.4315E-05
5.9723E+05 1.1613E+01 2.5946E+02 4.8649E+01 -8.2755E-02 1.1909E-04
5.3865E+05 3.8082E+01 4.2405E+02 7.0829E+01 -4.1368E-02 5.1247E-05
5.6603E+05 2.0481E+01 4.9852E+02 7.4420E+01 -5.4890E-02 4.8204E-05
6.3882E+05 -2.3016E+02 4.7965E+02 3.6068E+01 8.1027E-03 7.7064E-06
6.2172E+05 -1.5857E+01 3.5863E+02 5.1230E+01 -4.2407E-02 5.2814E-05
5.8748E+05 3.5337E+01 4.8738E+02 8.8735E+01 -7.4335E-02 4.5881E-05
5.7294E+05 8.2055E+01 4.6252E+02 1.0348E+02 -1.5047E-01 1.1656E-04
5.8436E+05 -5.3706E-01 2.5509E+02 5.6116E+01 -1.0185E-01 1.2645E-04
5.1661E+05 1.6213E+01 3.3326E+02 5.9741E+01 -6.6592E-02 1.0216E-04
5.8436E+05 1.2610E+01 3.7292E+02 5.8549E+01 -8.8036E-02 9.4710E-05
5.8011E+05 4.4462E+01 4.7546E+02 6.7854E+01 -4.4144E-02 3.9230E-05
5.9658E+05 6.1176E+01 4.1639E+02 8.0948E+01 -1.3052E-01 1.0925E-04
5.4192E+05 4.0667E+01 2.9810E+02 7.7367E+01 -1.2350E-01 1.1620E-04
5.6177E+05 6.0638E+01 4.2644E+02 8.2959E+01 -1.0504E-01 8.9063E-05
6.0775E+05 9.1485E+00 4.3250E+02 9.4605E+01 -9.9365E-02 7.6462E-05
6.0325E+05 -4.4691E+00 2.7316E+02 5.7200E+01 -1.0555E-01 1.2459E-04
6.3432E+05 1.2446E+02 5.8546E+02 6.6425E+01 -6.6799E-02 4.7211E-05
4.7796E+05 -9.3590E+00 3.7775E+02 9.3988E+01 -8.9948E-02 7.7910E-05
5.8009E+05 4.6510E+01 3.2904E+02 4.1418E+01 -6.4152E-02 1.0118E-04
5.5900E+05 4.8463E+01 3.8418E+02 8.5368E+01 -1.6527E-01 1.4086E-04
5.3271E+05 7.2220E+00 2.8647E+02 5.7144E+01 -1.1606E-01 1.3569E-04
4.3633E+05 -8.7900E-01 2.7928E+02 4.8088E+01 -4.9903E-04 2.8877E-05
5.0388E+05 -1.5896E+01 3.1922E+02 6.2766E+01 -7.5987E-02 9.3946E-05
5.7800E+05 -1.5239E+01 4.6953E+02 8.7103E+01 -7.7492E-02 5.4270E-05
6.5175E+05 -2.0081E+01 5.2153E+02 7.7427E+01 -8.3236E-02 6.0485E-05
5.8834E+05 1.5038E+01 4.8829E+02 6.7611E+01 -4.4775E-05 -2.8239E-06
4.7862E+05 -1.7892E+01 5.2274E+02 8.2661E+01 -2.3448E-02 2.2697E-05
5.9572E+05 -2.9347E+01 4.3464E+02 5.1496E+01 -3.8908E-02 4.8890E-05
6.1216E+05 -4.5563E+00 3.7403E+02 8.6299E+01 -1.3308E-01 1.0027E-04
5.5316E+05 1.4525E+02 6.7340E+02 4.8894E+01 -1.6307E-05 4.7632E-06
5.6005E+05 1.9305E+02 5.7576E+02 6.9617E+01 -1.5444E-02 6.8522E-06
5.0511E+05 1.3843E+01 4.1502E+02 1.1308E+02 -1.5096E-01 1.0613E-04
6.0510E+05 -4.9865E+01 3.2120E+02 4.9199E+01 -6.8010E-02 8.5947E-05
6.0177E+05 3.4721E+01 3.6079E+02 6.7389E+01 -8.5420E-02 8.1922E-05
5.6911E+05 3.8563E+01 4.4945E+02 6.5906E+01 -6.5290E-02 6.8015E-05
5.3669E+05 6.8609E+01 5.3865E+02 7.6362E+01 -5.3347E-02 6.5026E-05
5.1604E+05 1.0148E+02 5.0860E+02 7.7330E+01 -2.5783E-02 1.8710E-05
5.8933E+05 -3.0519E+01 4.8384E+02 7.4292E+01 -3.5254E-02 3.4256E-05
5.0057E+05 -2.2845E+01 3.1740E+02 6.2024E+01 -4.4319E-02 5.0003E-05
5.9025E+05 -2.2656E+01 5.2402E+02 1.2397E+02 -1.5750E-01 9.1232E-05
5.5024E+05 -2.5629E+01 5.0035E+02 9.9800E+01 -7.3603E-02 4.1157E-05
5.4285E+05 -5.1968E+01 3.6581E+02 5.0739E+01 -3.6050E-02 6.3278E-05
5.7527E+05 1.3182E+01 5.5848E+02 1.1696E+02 -1.6368E-01 1.0292E-04
5.6395E+05 4.3975E+01 4.4506E+02 9.6564E+01 -1.4306E-01 1.1446E-04
6.5540E+05 1.8119E+02 4.8556E+02 7.5790E+01 -1.2438E-01 1.0314E-04
5.8296E+05 3.0572E+01 3.1642E+02 6.2118E+01 -1.0218E-01 1.1597E-04
5.2678E+05 6.3065E+01 5.5038E+02 1.0773E+02 -9.4040E-02 7.3777E-05
5.5752E+05 1.8889E+01 3.6546E+02 6.1617E+01 -5.2881E-02 5.7113E-05
5.1649E+05 1.4037E+01 4.6975E+02 8.3851E+01 -8.5020E-02 8.4172E-05
5.8607E+05 1.4663E+01 4.0532E+02 5.3349E+01 -6.6917E-02 7.4326E-05
6.1678E+05 1.8885E+01 4.1764E+02 6.4486E+01 -4.0791E-02 4.0470E-05
6.1393E+05 9.3840E+00 2.9750E+02 5.3317E+01 -7.8278E-02 9.7588E-05
6.2061E+05 1.9963E+01 3.4398E+02 7.2981E+01 -1.1053E-01 1.0670E-04
5.9139E+05 7.5403E+01 5.2915E+02 9.4455E+01 -1.0190E-01 7.9704E-05
5.9836E+05 3.9202E+01 3.6021E+02 7.1125E+01 -1.0027E-01 8.7430E-05
6.5179E+05 1.1622E+02 5.5725E+02 6.7397E+01 -7.5152E-02 5.7936E-05
6.3704E+05 -2.9496E+00 4.5535E+02 6.7611E+01 -6.0436E-02 5.2575E-05
6.0786E+05 -1.6600E+01 2.4787E+02 4.0606E+01 -4.0561E-02 7.3423E-05
5.9270E+05 -8.7192E+00 3.6355E+02 5.9372E+01 -1.0985E-01 1.0661E-04
5.5326E+05 1.9011E+01 3.2907E+02 7.2471E+01 -1.0323E-01 9.5314E-05
6.0741E+05 -7.1931E+00 2.8838E+02 5.8089E+01 -6.9838E-02 9.0515E-05
5.1739E+05 -1.6068E+02 3.3506E+02 2.2345E+01 8.6302E-02 -4.5352E-05
6.8954E+05 1.3757E+01 5.2729E+02 8.2577E+01 -6.7732E-02 3.8318E-05
5.0553E+05 2.5664E+01 3.3428E+02 5.7058E+01 -1.8057E-02 4.1272E-05
5.5302E+05 2.1629E+01 4.4872E+02 9.2172E+01 -9.6066E-02 8.9883E-05
6.8551E+05 2.3108E+01 5.1924E+02 5.7612E+01 -4.6056E-02 3.9007E-05
5.5190E+05 -1.5105E+01 3.3093E+02 5.4188E+01 -5.3352E-02 7.1772E-05
5.3019E+05 2.4528E+00 2.7754E+02 4.9684E+01 -8.7796E-02 1.2394E-04
5.0425E+05 -9.3062E+00 4.6119E+02 9.9784E+01 -4.0899E-02 1.2290E-05
4.8772E+05 -3.2416E+01 5.3327E+02 8.4392E+01 1.3084E-02 -2.1131E-07
5.4362E+05 -6.8804E+00 4.8484E+02 1.0302E+02 -9.9489E-02 6.7019E-05
6.0566E+05 -3.4550E+01 3.6491E+02 4.5745E+01 -8.1419E-02 9.1635E-05
5.3173E+05 7.1848E+01 4.3078E+02 7.3151E+01 -7.3640E-02 7.6083E-05
4.3892E+05 -1.3992E+01 4.8810E+02 7.4277E+01 6.1945E-02 -1.9618E-05
5.8244E+05 6.5743E+01 3.4324E+02 6.4597E+01 -1.0523E-01 1.1033E-04
6.2457E+05 1.3538E+02 6.5181E+02 7.9982E+01 -5.6155E-02 3.7920E-05
6.3249E+05 7.7353E+00 4.7579E+02 9.3485E+01 -7.5587E-02 5.0685E-05
6.3420E+05 -4.6098E+00 3.6182E+02 5.9833E+01 -6.3142E-02 6.9121E-05
5.8480E+05 1.0982E+01 2.8369E+02 5.3515E+01 -9.3782E-02 1.2312E-04
4.4643E+05 5.3955E+01 3.5846E+02 7.3384E+01 -7.3518E-02 6.8628E-05
5.7217E+05 3.7645E+01 5.2266E+02 7.8927E+01 -2.7827E-02 2.2090E-05
5.9481E+05 3.4434E+00 4.3987E+02 8.0863E+01 -6.2614E-02 5.6816E-05
6.1071E+05 5.3417E+01 3.2617E+02 5.2471E+01 -9.6039E-02 1.1212E-04
5.8913E+05 8.5135E+01 5.1386E+02 1.2339E+02 -1.7662E-01 1.1988E-04
3.5085E+05 -4.6188E+01 4.8302E+02 3.7038E+01 2.3600E-01 -1.2269E-04
5.7097E+05 -6.4526E+01 4.6725E+02 5.8986E+01 -3.9941E-02 4.0647E-05
5.8980E+05 1.5977E+00 4.6454E+02 7.9182E+01 -5.4634E-02 4.7181E-05
5.4549E+05 -5.1314E+01 5.1340E+02 7.2643E+01 -4.8194E-02 3.6510E-05
6.0830E+05 8.6574E+00 5.2110E+02 6.2946E+01 -3.9767E-05 -1.8674E-06
5.7088E+05 -2.3291E+01 4.0661E+02 8.1037E+01 -6.5270E-02 6.5691E-05
4.0659E+05 -7.3847E+01 5.4710E+02 6.2244E+01 2.1608E-01 -1.8469E-04
5.1329E+05 1.8019E+02 6.7028E+02 5.7744E+01 7.0734E-02 -5.7110E-05
6.7166E+05 3.6484E+01 5.0286E+02 9.6275E+01 -1.2050E-01 7.9757E-05
5.7634E+05 -6.8560E+01 5.3201E+02 5.7035E+01 -1.7579E-02 1.9222E-05
5.9447E+05 -1.6189E+01 3.1139E+02 6.2317E+01 -9.4158E-02 1.0531E-04
4.8148E+05 8.7156E+01 3.7782E+02 1.2127E+02 -2.0387E-01 1.4785E-04
5.7612E+05 -6.3040E+00 3.5157E+02 6.4851E+01 -6.3457E-02 6.7784E-05
6.9773E+05 3.0702E+01 5.3611E+02 7.6311E+01 -6.7251E-02 4.1865E-05
4.9454E+05 1.5659E+01 3.1811E+02 8.4624E+01 -1.5497E-01 1.5045E-04
5.7980E+05 1.0091E+01 5.0793E+02 9.9678E+01 -1.5040E-01 1.1738E-04
5.5019E+05 -2.4960E+02 3.8015E+02 2.4924E+01 1.0147E-02 1.2574E-05
5.3773E+05 7.8570E+01 3.9042E+02 6.3195E+01 -1.0342E-01 1.0528E-04
5.1493E+05 4.9348E+00 4.1444E+02 8.0052E+01 -1.2267E-01 9.9761E-05
6.2875E+05 -8.7179E+00 3.9245E+02 6.5627E+01 -5.0013E-02 5.1011E-05
5.5501E+05 -7.5719E+00 4.0774E+02 7.2830E+01 -4.3934E-02 4.8193E-05
5.2513E+05 -3.6724E+01 3.7537E+02 5.0686E+01 -5.8204E-02 6.7074E-05
5.9399E+05 -4.1176E+00 2.4951E+02 5.1326E+01 -1.1244E-01 1.4713E-04
6.6288E+05 -1.1306E+02 4.0988E+02 4.3064E+01 -2.0580E-02 3.0722E-05
4.3347E+05 1.2021E+02 8.1279E+02 2.0232E+02 -1.2322E-01 -6.0360E-06
5.8403E+05 1.5991E+01 2.9397E+02 4.8702E+01 -6.9992E-02 9.9772E-05
5.7353E+05 1.3504E+01 4.1408E+02 9.5902E+01 -1.3729E-01 1.0133E-04
5.8826E+05 -1.8807E+01 4.3028E+02 7.0667E+01 -6.8587E-02 5.7261E-05
5.4413E+05 -4.4389E+01 3.4592E+02 5.1053E+01 -4.3348E-02 7.8981E-05
4.9847E+05 -1.4993E+02 4.4010E+02 2.1464E+01 6.3167E-02 -3.2650E-05
6.1277E+05 -5.9611E+00 3.6050E+02 8.0736E+01 -1.1361E-01 9.3277E-05
5.8928E+05 -9.2873E+00 4.4057E+02 7.0529E+01 -4.9220E-03 1.6675E-06
5.6687E+05 6.1751E+01 3.4572E+02 6.8703E+01 -1.3129E-01 1.3320E-04
5.4712E+05 1.8007E+00 2.8186E+02 5.4251E+01 -1.0089E-01 1.2630E-04
6.2524E+05 -7.8367E+01 4.6392E+02 6.0092E+01 -3.7531E-02 5.0105E-05
6.2189E+05 -6.6623E+00 4.4360E+02 8.8939E+01 -7.3043E-02 4.7074E-05
6.6215E+05 1.4528E+02 5.4952E+02 9.6038E+01 -1.4194E-01 1.0953E-04
4.3851E+05 7.1555E+00 2.9957E+02 6.6624E+01 -3.5152E-02 4.5028E-05
4.9473E+05 1.9849E+01 2.8563E+02 8.1333E+01 -1.5574E-01 1.5488E-04
5.8292E+05 -7.0078E+01 3.2625E+02 4.7129E+01 -4.8552E-02 7.3987E-05
4.8347E+05 -4.5390E+00 3.1641E+02 6.0145E+01 -4.8454E-02 7.2617E-05
6.0841E+05 -2.8431E+01 4.3799E+02 8.4274E+01 -5.7454E-02 4.3995E-05
5.4595E+05 3.2012E+01 4.5672E+02 6.8727E+01 -3.9591E-02 3.1431E-05
5.1446E+05 1.0519E+01 3.8037E+02 1.0159E+02 -1.7832E-01 1.3834E-04
5.8677E+05 3.5638E+01 5.3276E+02 9.1037E+01 -1.3776E-01 9.4030E-05
4.8676E+05 -1.9798E+01 3.1538E+02 5.4291E+01 -6.5790E-02 9.5359E-05
5.0717E+05 4.3594E+01 6.5140E+02 1.2578E+02 -1.8808E-01 1.1968E-04
5.5802E+05 4.9396E+01 4.1124E+02 9.8356E+01 -1.1793E-01 8.7968E-05
5.6335E+05 -2.6993E+01 4.2063E+02 7.5745E+01 -6.8175E-02 5.9901E-05
5.5646E+05 -1.1188E+01 4.4639E+02 7.5676E+01 -4.6583E-02 4.6839E-05
5.3171E+05 -2.8260E+01 4.8273E+02 7.5080E+01 -2.3828E-02 5.5594E-06
4.8144E+05 -4.3907E+00 3.6920E+02 7.0654E+01 -4.9212E-02 6.5982E-05
4.8070E+05 5.8039E+01 4.5905E+02 7.7038E+01 -1.9290E-02 2.9961E-05
6.2183E+05 -4.5857E+01 4.4730E+02 7.2277E+01 -6.0307E-02 5.3124E-05
6.4991E+05 -1.0944E+02 4.6136E+02 3.5896E+01 1.8442E-02 3.0352E-06
5.5197E+05 1.0756E+02 6.1029E+02 1.2299E+02 -9.7436E-02 5.2624E-05
5.3412E+05 6.1574E+01 5.0031E+02 1.1283E+02 -1.5198E-01 1.3412E-04
6.5241E+05 3.8435E+01 3.1672E+02 5.5603E+01 -1.1049E-01 1.2001E-04
6.4818E+05 4.9877E+01 3.0439E+02 6.7175E+01 -1.2783E-01 1.2673E-04
6.3679E+05 -3.4416E+01 5.2375E+02 7.3547E+01 -7.0813E-02 4.3874E-05
6.4613E+05 1.7138E+01 5.6748E+02 8.7117E+01 -9.3221E-02 5.2536E-05
5.6793E+05 4.8016E+01 4.1904E+02 5.8379E+01 -4.6729E-02 4.4338E-05
6.0279E+05 8.1535E+00 5.0861E+02 1.0632E+02 -1.2212E-01 8.5234E-05
5.2804E+05 8.2477E+01 7.3273E+02 1.0210E+02 -1.3184E-01 8.3384E-05
5.0925E+05 -7.4072E+01 2.5104E+02 2.8069E+01 1.7612E-02 3.3307E-05
6.2589E+05 4.0348E+01 5.3534E+02 8.3121E+01 -7.8210E-02 6.2913E-05
6.2297E+05 6.4590E+01 4.2227E+02 7.7084E+01 -1.0625E-01 8.7755E-05
5.6634E+05 1.4028E+02 6.5551E+02 1.1124E+02 -7.6599E-02 3.5349E-05
6.4374E+05 -1.5793E+01 4.0351E+02 6.9132E+01 -5.7759E-02 4.4894E-05
5.5978E+05 4.8106E+00 5.6698E+02 1.0968E+02 -8.9056E-02 5.2874E-05
6.5942E+05 -1.9487E+01 3.9631E+02 7.4565E+01 -7.5552E-02 5.8677E-05
5.3080E+05 -1.9912E+01 3.1444E+02 6.3910E+01 -9.3807E-02 1.0501E-04
5.6022E+05 2.0815E+01 5.0072E+02 1.0578E+02 -1.2940E-01 1.0594E-04
5.1022E+05 -1.4268E+02 5.3012E+02 3.6421E+01 6.8421E-02 -3.8066E-05
5.9629E+05 5.1026E-01 2.8691E+02 5.6539E+01 -1.1136E-01 1.2789E-04
5.7871E+05 -9.9365E+00 3.0481E+02 5.9872E+01 -8.9259E-02 1.0076E-04
5.0198E+05 -9.0211E+00 3.1992E+02 6.2945E+01 -6.7482E-02 7.7627E-05
4.9645E+05 1.4862E+01 5.5120E+02 1.1294E+02 -1.4128E-01 9.8129E-05
6.5062E+05 1.9936E+01 2.9037E+02 6.0773E+01 -1.2050E-01 1.3131E-04
5.9673E+05 -3.0984E+01 3.8151E+02 6.2587E+01 -3.6764E-02 4.3121E-05
5.4124E+05 8.1977E+00 3.9768E+02 1.0282E+02 -1.0556E-01 6.9136E-05
6.6300E+05 -7.7087E+00 4.6199E+02 5.5691E+01 -2.3019E-02 2.0428E-05
5.6089E+05 -1.5820E+01 4.0583E+02 7.8495E+01 -6.2149E-02 5.1890E-05
6.2130E+05 9.3388E+00 2.7452E+02 6.1332E+01 -1.0707E-01 1.2184E-04
5.4658E+05 -6.6563E+00 3.6449E+02 8.3635E+01 -1.2131E-01 1.0576E-04
6.0266E+05 7.3137E+01 4.2395E+02 7.6648E+01 -1.3000E-01 1.1249E-04
5.5671E+05 -1.5314E+01 4.1155E+02 8.5720E+01 -8.0258E-02 6.6486E-05
4.8787E+05 -1.8231E+01 2.7502E+02 5.9927E+01 -1.1895E-01 1.3732E-04
5.8756E+05 -5.7991E+01 3.4761E+02 2.4990E+01 7.5604E-03 3.2232E-05
4.9894E+05 -5.7465E+01 4.4166E+02 4.0791E+01 1.4109E-02 4.1449E-05
6.1514E+05 1.6014E+01 4.1487E+02 5.8820E+01 -6.3205E-02 6.6831E-05
4.1824E+05 2.5704E+01 2.7453E+02 1.1051E+02 -1.9528E-01 1.7424E-04
5.0733E+05 1.3164E+02 6.0925E+02 1.1308E+02 -1.9884E-01 1.3964E-04
5.6162E+05 -1.2149E+01 3.2396E+02 5.9865E+01 -5.2354E-02 6.1652E-05
5.4596E+05 2.4837E+01 4.3300E+02 8.5222E+01 -1.2023E-01 8.4124E-05
5.5659E+05 -1.0274E+01 5.0798E+02 7.9018E+01 -6.1654E-02 4.6952E-05
6.0695E+05 -1.5208E+01 3.5244E+02 7.2248E+01 -7.9991E-02 7.2420E-05
5.3178E+05 -1.5629E+02 4.4759E+02 3.7077E+01 2.2979E-02 4.4205E-06
6.5062E+05 2.3626E+01 3.0181E+02 6.6729E+01 -1.3395E-01 1.3500E-04
5.3762E+05 -7.2513E+00 2.7518E+02 5.6408E+01 -7.1817E-02 9.2966E-05
5.3195E+05 3.5716E+02 8.2287E+02 1.8690E+02 -3.2542E-01 2.1690E-04
5.7698E+05 2.4982E+00 4.4858E+02 8.8689E+01 -9.8765E-02 7.0097E-05
5.8862E+05 -1.0555E+02 4.0065E+02 4.3868E+01 1.1142E-02 4.6585E-06
5.5340E+05 5.7805E+01 4.2405E+02 9.3913E+01 -1.5564E-01 1.3256E-04
6.0380E+05 4.8329E+01 3.6610E+02 5.2438E+01 -5.8686E-02 7.7067E-05
6.7334E+05 9.1763E+01 5.1363E+02 7.1748E+01 -7.7459E-02 5.8066E-05
6.5146E+05 4.5094E+01 5.2401E+02 9.6440E+01 -1.4274E-01 9.9420E-05
6.2957E+05 5.5880E+01 4.0315E+02 4.0314E+01 -8.3550E-02 9.3583E-05
4.2438E+05 8.0845E+01 4.4325E+02 2.8112E+02 -1.0163E+00 1.0678E-03
5.1483E+05 -8.1040E+00 2.3741E+02 5.1249E+01 -6.0594E-02 9.3210E-05
5.0851E+05 7.7891E+01 5.3537E+02 8.2466E+01 -1.0486E-02 9.6092E-06
5.9435E+05 -1.5747E+01 2.3683E+02 4.7560E+01 -8.6437E-02 1.2570E-04
5.2439E+05 -6.3970E+00 3.4346E+02 7.5943E+01 -6.1204E-02 6.0430E-05
5.3509E+05 1.6258E+01 3.4229E+02 6.2269E+01 -4.9807E-02 6.2992E-05
5.5640E+05 1.8312E+01 3.1640E+02 7.0739E+01 -8.8072E-02 9.0972E-05
5.4460E+05 2.4878E+02 5.7465E+02 5.0091E+01 -1.7943E-04 1.1490E-05
5.6171E+05 -1.8632E+01 4.1373E+02 7.5742E+01 -5.3077E-02 3.8920E-05
7.2909E+05 -1.6937E+02 4.1319E+02 2.5477E+01 3.5183E-02 -2.0350E-05
5.6653E+05 -8.5051E+00 3.9680E+02 6.8662E+01 -7.7921E-02 6.9983E-05
4.5101E+05 -1.8130E+01 6.0000E+02 1.3615E+02 -1.8879E-01 1.0581E-04
6.9895E+05 4.1177E+01 4.0453E+02 8.8434E+01 -1.2832E-01 1.0256E-04
5.2046E+05 -4.3342E+01 4.5169E+02 4.3507E+01 5.6999E-02 -3.1024E-05
6.6302E+05 4.8226E+00 3.1757E+02 5.7319E+01 -1.0073E-01 1.1200E-04
5.5762E+05 2.7927E+01 4.2353E+02 8.2004E+01 -9.9452E-02 8.1202E-05
6.2697E+05 1.0701E+01 5.0152E+02 8.2381E+01 -5.8040E-02 4.1597E-05
5.3590E+05 2.8345E+01 2.8221E+02 6.4909E+01 -1.0933E-01 1.1768E-04
5.9533E+05 1.5289E+01 3.0579E+02 5.8079E+01 -1.0179E-01 1.1574E-04
5.8584E+05 3.4592E+00 3.9204E+02 8.5478E+01 -9.7738E-02 7.5804E-05
5.4818E+05 -2.9853E+01 3.2283E+02 4.5041E+01 -4.5995E-02 7.3700E-05
6.3106E+05 4.3133E+01 4.4535E+02 7.3907E+01 -1.0503E-01 8.4971E-05
5.9445E+05 1.5309E+02 5.7589E+02 1.0993E+02 -1.3718E-01 9.9806E-05
5.6778E+05 -1.5511E+01 3.2466E+02 7.1143E+01 -6.4685E-02 6.4047E-05
5.9531E+05 5.7510E+01 4.9885E+02 7.8035E+01 -8.1598E-02 7.2698E-05
5.4497E+05 1.4414E+01 5.5068E+02 8.5605E+01 9.7054E-03 -2.2154E-05
5.9410E+05 7.5163E+01 5.0025E+02 1.0272E+02 -9.7985E-02 6.3188E-05
5.7547E+05 -7.2170E+00 4.3579E+02 8.9443E+01 -7.0425E-02 7.2579E-05
5.3025E+05 3.5146E+01 3.3324E+02 6.3073E+01 -4.3862E-02 4.0702E-05
5.1113E+05 -1.0523E+01 3.9140E+02 9.0118E+01 -9.6713E-02 8.4964E-05
5.3936E+05 -8.1638E+01 4.9155E+02 5.4446E+01 -1.9091E-04 4.6175E-06
5.2651E+05 3.5784E+01 2.8782E+02 6.2605E+01 -1.0836E-01 1.2997E-04
5.6423E+05 -7.2581E+01 3.4360E+02 3.3906E+01 1.6909E-02 7.6109E-06
5.5938E+05 -8.0808E+00 3.0458E+02 6.5211E+01 -8.9534E-02 9.6951E-05
5.7851E+05 7.3905E+01 5.2106E+02 1.0652E+02 -1.3513E-01 1.0565E-04
6.0279E+05 -3.2370E+01 4.4255E+02 8.0851E+01 -7.7150E-02 6.3780E-05
6.3647E+05 -9.2792E+01 5.6505E+02 2.8046E+01 -8.8255E-03 1.8772E-05
5.5724E+05 1.8359E+01 4.2613E+02 9.0482E+01 -1.0609E-01 9.1813E-05
6.4802E+05 -6.1800E+00 4.6731E+02 8.8285E+01 -1.0214E-01 7.4202E-05
5.2765E+05 1.4707E+01 3.8956E+02 5.8473E+01 3.7493E-03 5.3462E-06
6.2749E+05 1.1857E+02 7.3645E+02 1.2309E+02 -1.3586E-01 6.2830E-05
5.7761E+05 5.2339E+01 4.4321E+02 7.4669E+01 -9.0000E-02 7.5925E-05
5.4658E+05 -2.7059E+02 6.1650E+02 3.9051E+01 3.4191E-05 -9.6470E-06
6.0007E+05 1.0271E+01 3.2683E+02 5.6233E+01 -8.2791E-02 9.3650E-05
5.4931E+05 -5.9101E+01 4.1109E+02 1.9908E+01 7.9606E-02 -4.2163E-05
5.2661E+05 1.0976E+01 4.7766E+02 7.2745E+01 -9.4626E-02 7.9151E-05
4.7734E+05 3.1207E+01 3.2120E+02 8.8793E+01 -1.3255E-01 1.1844E-04
6.0327E+05 -1.3678E+01 3.8496E+02 6.8590E+01 -5.4421E-02 4.3630E-05
5.8959E+05 -4.5983E+00 3.3341E+02 5.6283E+01 -5.6306E-02 6.3250E-05
5.6981E+05 6.4934E+00 4.2311E+02 8.0923E+01 -9.1541E-02 7.5914E-05
5.2711E+05 -1.7733E+01 2.9282E+02 5.9068E+01 -4.9293E-02 5.5160E-05
4.9062E+05 1.8965E+01 4.7616E+02 8.9980E+01 -1.0111E-01 8.8329E-05
5.9303E+05 4.1751E+00 4.4573E+02 7.2120E+01 -1.7813E-02 1.3839E-05
6.2584E+05 2.0880E+01 3.9551E+02 7.0174E+01 -9.8265E-02 1.0111E-04
5.7531E+05 8.7468E+01 3.5858E+02 6.9981E+01 -1.2440E-01 1.2632E-04
4.7206E+05 -2.7897E+01 4.6740E+02 8.8279E+01 -4.3846E-02 2.7688E-05
5.2266E+05 1.7742E+02 5.0100E+02 6.4114E+01 -5.8470E-02 5.3559E-05
5.6335E+05 -5.3796E+00 3.1714E+02 3.8738E+01 -3.8846E-02 7.5984E-05
5.8302E+05 -2.2679E+01 3.8421E+02 3.2552E+01 -2.7317E-02 4.6002E-05
6.3464E+05 1.4929E+02 6.5674E+02 9.3495E+01 -8.9728E-02 6.1046E-05
5.0674E+05 -6.8262E+01 3.6602E+02 5.2031E+01 2.8216E-02 -6.2711E-06
6.1977E+05 -2.0701E+00 4.0241E+02 6.4451E+01 -7.8549E-02 7.5467E-05
5.4239E+05 -4.5984E-01 4.3336E+02 8.8678E+01 -8.1391E-02 6.8712E-05
4.8634E+05 -6.8062E+00 4.1921E+02 9.0987E+01 -9.3820E-02 7.8392E-05
5.7640E+05 -6.6298E+01 3.9325E+02 5.2407E+01 -1.1484E-02 2.2442E-05
6.0864E+05 4.9200E+01 4.3836E+02 6.1432E+01 -5.5653E-02 5.3104E-05
6.2920E+05 -9.0661E+00 2.8757E+02 6.0087E+01 -9.7572E-02 1.0632E-04
6.9887E+05 -2.4434E+01 3.7860E+02 6.5975E+01 -7.2812E-02 6.9448E-05
5.9764E+05 2.8146E+01 4.7518E+02 6.9301E+01 -2.0867E-02 1.7209E-05
5.5810E+05 2.2653E+01 4.0545E+02 9.2822E+01 -1.3344E-01 1.1272E-04
5.8018E+05 -1.1735E+01 4.8172E+02 8.5389E+01 -5.3565E-02 3.9079E-05
5.9219E+05 -1.1662E+01 4.0746E+02 6.2708E+01 -6.8106E-02 5.1323E-05
4.8931E+05 1.0435E+01 4.9999E+02 1.1151E+02 -7.9778E-02 4.4059E-05
5.0105E+05 1.0004E+02 4.4306E+02 6.6549E+01 -7.0165E-02 7.7784E-05
5.6110E+05 4.3366E+01 3.5509E+02 6.0730E+01 -6.4564E-02 7.9847E-05
6.1996E+05 -1.4683E+01 3.2433E+02 5.6920E+01 -5.4364E-02 5.2170E-05
5.0121E+05 -1.1311E+01 3.6184E+02 5.3306E+01 1.3729E-02 -5.0401E-06
5.8010E+05 2.4572E+01 5.3041E+02 6.9699E+01 3.1720E-02 -2.1672E-05
5.4181E+05 -9.8076E+00 5.0670E+02 9.1125E+01 -6.7052E-02 4.9988E-05
5.9541E+05 -1.0684E+01 3.3892E+02 5.8224E+01 -6.2274E-02 7.5540E-05
5.0223E+05 -1.9365E+01 2.8020E+02 6.4344E+01 -7.9036E-02 8.9196E-05
4.9604E+05 -1.0581E+02 4.7511E+02 5.0058E+01 4.4052E-02 -3.4613E-05
5.9115E+05 1.3928E+01 3.0579E+02 6.1854E+01 -9.2209E-02 1.0028E-04
5.4673E+05 -8.9061E+01 4.9632E+02 4.2235E+01 1.7075E-02 7.8580E-06
5.4787E+05 -1.5700E+02 4.0531E+02 1.9823E+01 3.8525E-02 4.6488E-06
5.4710E+05 -2.0701E+01 3.9191E+02 8.4810E+01 -7.4265E-02 7.4785E-05
5.2173E+05 1.1149E+02 3.7858E+02 8.0053E+01 -1.5779E-01 1.5152E-04
6.1916E+05 -9.4384E+00 3.6946E+02 7.1357E+01 -8.7759E-02 8.0031E-05
6.4776E+05 -4.9334E+00 4.3862E+02 9.0671E+01 -1.2323E-01 9.5335E-05
5.9927E+05 1.9074E+01 4.8326E+02 1.0669E+02 -1.2334E-01 8.5763E-05
5.6494E+05 -1.3468E+02 5.1752E+02 5.2456E+01 2.3029E-02 -1.8548E-05
5.5679E+05 5.7313E+01 3.3804E+02 6.5591E+01 -1.1942E-01 1.2778E-04
5.4426E+05 4.2352E+01 5.1081E+02 8.7213E+01 -6.5808E-02 5.4840E-05
5.8638E+05 9.0629E+01 4.9592E+02 8.5607E+01 -9.0326E-02 5.9547E-05
4.9079E+05 -1.3831E+01 3.6618E+02 6.5758E+01 6.2659E-02 -6.0515E-05
5.5664E+05 7.1826E+01 5.1847E+02 8.0741E+01 -3.7433E-02 3.7327E-05
5.5140E+05 -5.9972E+01 3.3014E+02 4.1314E+01 -4.1304E-04 4.4734E-05
5.3897E+05 6.2958E+01 6.7679E+02 1.3551E+02 -1.5764E-01 9.1415E-05
5.4500E+05 5.0919E+01 5.2058E+02 1.1248E+02 -1.2196E-01 8.2882E-05
5.1778E+05 -1.5416E+01 3.0398E+02 6.8297E+01 -9.8982E-02 1.0092E-04
5.4371E+05 3.8506E+01 6.5358E+02 2.1824E+02 -3.7552E-01 2.0632E-04
5.5958E+05 -7.0691E-01 4.6878E+02 7.5032E+01 -4.2426E-02 3.5734E-05
6.0824E+05 1.3892E+01 3.1107E+02 6.6398E+01 -1.3216E-01 1.3268E-04
4.9792E+05 3.1691E+01 3.7288E+02 1.3478E+02 -2.3024E-01 1.5234E-04
6.5900E+05 1.2408E+02 5.8722E+02 1.0518E+02 -1.0664E-01 5.8186E-05
6.8828E+05 2.2235E+02 6.0284E+02 7.7590E+01 -6.8674E-02 4.1256E-05
5.4764E+05 -9.1952E+00 2.4683E+02 4.4484E+01 -8.4225E-02 1.2933E-04
6.3057E+05 1.9915E+01 5.0602E+02 1.1579E+02 -1.6545E-01 1.0941E-04
5.0430E+05 6.3577E+00 2.7551E+02 7.0507E+01 -1.4674E-01 1.6344E-04
5.4369E+05 1.5007E+01 4.5206E+02 9.3097E+01 -8.5500E-02 6.8760E-05
5.6549E+05 -1.3775E+02 4.1869E+02 4.6816E+01 2.8623E-02 -8.1404E-06
5.1549E+05 1.1794E+00 4.1719E+02 7.7666E+01 -1.2139E-02 -2.8029E-06
5.3089E+05 1.6816E+01 3.8983E+02 8.0975E+01 -1.1926E-01 9.7803E-05
5.9692E+05 -1.7886E+01 3.4969E+02 6.8440E+01 -6.7119E-02 6.5119E-05
5.3622E+05 -7.0651E+00 5.1091E+02 7.5300E+01 -4.3164E-02 3.7233E-05
5.5664E+05 -2.1599E+01 2.2533E+02 4.3214E+01 -7.4699E-02 1.2137E-04
6.8523E+05 4.0978E+01 4.1688E+02 6.2291E+01 -7.2207E-02 6.5454E-05
5.7872E+05 4.7930E+01 4.7698E+02 9.6360E+01 -1.0079E-01 7.4189E-05
5.6857E+05 1.1345E+02 4.2851E+02 5.3210E+01 -5.7713E-02 6.8151E-05
6.1110E+05 1.8149E+01 3.5788E+02 8.6717E+01 -1.3934E-01 1.1259E-04
6.2050E+05 1.5788E+01 3.7977E+02 7.3616E+01 -1.0131E-01 9.0854E-05
6.3102E+05 -1.8057E+01 4.0828E+02 5.2618E+01 -6.3352E-02 9.5793E-05
5.8194E+05 -1.7586E+01 5.6325E+02 8.9919E+01 -5.1475E-02 2.2876E-05
5.3033E+05 -1.3022E+00 5.6199E+02 9.6605E+01 -6.3328E-02 4.4978E-05
5.4060E+05 2.5124E+00 2.9610E+02 6.6854E+01 -8.9285E-02 9.7988E-05
5.1702E+05 1.1734E+01 4.0847E+02 7.9673E+01 -5.6727E-02 4.7448E-05
5.7069E+05 4.5251E+01 4.1231E+02 8.1492E+01 -1.6127E-01 1.3155E-04
6.0392E+05 -4.3512E+02 5.1227E+02 2.5419E+01 -1.1229E-02 2.2669E-05
5.8418E+05 7.4100E+01 3.9597E+02 6.6879E+01 -6.1153E-02 5.7888E-05
5.4605E+05 -1.2976E+01 4.4740E+02 9.2353E+01 -1.1126E-01 8.2746E-05
4.7619E+05 -9.7274E+00 4.2775E+02 9.9768E+01 -6.4098E-02 3.8400E-05
5.5757E+05 2.7695E+01 3.6966E+02 7.7696E+01 -1.2887E-01 1.2971E-04
5.1018E+05 -2.2153E+01 3.6794E+02 5.6344E+01 -9.1134E-02 1.0953E-04
5.7570E+05 1.1819E+02 4.1336E+02 5.5884E+01 -8.5369E-02 9.0497E-05
5.5295E+05 -5.7350E+01 5.0452E+02 3.3466E+01 -4.2880E-02 5.2119E-05
5.4785E+05 3.5456E+01 3.3467E+02 7.3595E+01 -1.1457E-01 1.2332E-04
4.7646E+05 1.5413E+02 5.6217E+02 7.0835E+01 -5.2958E-05 -1.4321E-07
5.5901E+05 5.3126E+01 4.1703E+02 7.3260E+01 -8.9817E-02 6.7796E-05
5.8586E+05 -2.2383E+01 4.2902E+02 7.3554E+01 -9.6268E-02 7.4194E-05
5.6295E+05 3.1542E+00 4.9012E+02 1.1923E+02 -1.7484E-01 1.1632E-04
5.1828E+05 8.4897E+00 5.3560E+02 8.1101E+01 -5.5811E-02 6.2232E-05
5.7252E+05 1.5265E+01 4.6327E+02 9.4077E+01 -1.0155E-01 7.9763E-05
6.0902E+05 -2.0225E+01 3.0207E+02 6.3868E+01 -1.0910E-01 1.1575E-04
6.0624E+05 8.6957E+00 3.4005E+02 4.7624E+01 -1.5245E-02 2.7649E-05
5.1364E+05 -5.2325E+01 2.6657E+02 2.9613E+01 -3.9663E-02 1.0822E-04
5.4925E+05 3.8819E+01 5.4487E+02 1.2450E+02 -1.0206E-01 4.9939E-05
5.4177E+05 2.2997E+01 3.9449E+02 7.9351E+01 -1.1692E-01 1.2134E-04
5.4546E+05 -1.8171E+02 3.1273E+02 1.8351E+01 5.6350E-02 -1.3420E-05
6.1331E+05 8.0248E+01 7.8306E+02 1.2733E+02 -1.9561E-01 1.1650E-04
5.8263E+05 -4.6820E+01 4.3771E+02 5.5818E+01 1.4863E-02 9.5255E-07
5.8061E+05 1.6476E+01 3.2435E+02 5.1323E+01 -8.2218E-02 1.0293E-04
4.7995E+05 -1.7987E+01 4.4716E+02 1.0420E+02 -1.1828E-01 8.8023E-05
3.9425E+05 1.0226E+02 4.9618E+02 2.5665E+02 -5.1988E-01 3.1504E-04
6.4126E+05 -1.9253E+01 3.5813E+02 5.3580E+01 -5.2565E-02 5.6621E-05
6.3877E+05 5.1533E+01 5.3674E+02 8.0988E+01 -6.6341E-02 4.3559E-05
4.6089E+05 1.5736E+01 2.4657E+02 7.4666E+01 -9.7402E-02 1.1136E-04
5.9513E+05 -1.4766E+00 3.0232E+02 6.3931E+01 -1.1152E-01 1.3535E-04
6.3760E+05 6.7221E+01 6.4267E+02 1.5909E+02 -2.3825E-01 1.3205E-04
5.8539E+05 1.7977E+02 6.7139E+02 2.0850E+01 1.9510E-02 6.4077E-06
6.3134E+05 -1.8585E+00 3.1126E+02 6.1315E+01 -1.0716E-01 1.1059E-04
6.0708E+05 8.8186E+01 5.2514E+02 9.5997E+01 -1.1328E-01 7.8365E-05
4.9849E+05 4.8640E+01 4.3544E+02 8.2879E+01 -6.9277E-02 6.9806E-05
5.9362E+05 1.2248E+02 5.3632E+02 8.9039E+01 -9.2435E-02 6.1595E-05
6.0921E+05 -6.8021E+01 5.5340E+02 5.2821E+01 -5.8497E-03 8.1350E-06
6.0121E+05 1.6167E+02 5.4299E+02 6.4313E+01 -5.1764E-02 5.0175E-05
5.5351E+05 -2.9114E+01 4.6560E+02 8.6529E+01 -1.0306E-01 7.2890E-05
5.5849E+05 1.6083E+01 3.3176E+02 5.9681E+01 -7.9239E-02 8.9383E-05
6.0195E+05 -7.1685E+01 4.6677E+02 5.4493E+01 -3.5352E-03 2.1110E-05
5.6438E+05 5.0984E+01 3.8018E+02 5.6256E+01 -3.3307E-02 4.3449E-05
5.3281E+05 3.6324E+00 4.4004E+02 7.0968E+01 -6.8143E-02 7.1043E-05
5.8373E+05 4.0691E+01 3.1931E+02 5.9855E+01 -9.0004E-02 1.0427E-04
5.3268E+05 -8.0268E+01 5.1681E+02 7.5470E+01 -8.8805E-02 7.3500E-05
6.1398E+05 1.5409E+02 5.4213E+02 9.9361E+01 -1.3777E-01 1.0545E-04
4.4653E+05 1.4793E+02 6.0142E+02 3.4826E+01 1.2213E-01 -4.3373E-05
6.0823E+05 7.5431E+01 3.4003E+02 5.4327E+01 -9.1751E-02 1.0773E-04
5.2507E+05 7.0203E+01 5.7912E+02 4.7224E+01 4.0244E-02 -1.9850E-05
6.2764E+05 2.0664E+01 3.5905E+02 6.3878E+01 -9.6230E-02 1.0243E-04
6.0487E+05 1.0378E+02 4.2949E+02 7.4926E+01 -8.0728E-02 6.9606E-05
6.2894E+05 3.8280E+00 5.1223E+02 6.5124E+01 -4.2271E-02 3.7160E-05
6.1574E+05 -2.1283E+00 3.9806E+02 7.8418E+01 -6.9518E-02 4.7888E-05
4.5862E+05 -9.1164E+01 4.1180E+02 4.1715E+01 9.0741E-03 3.4770E-06
6.0629E+05 4.0736E+01 3.8314E+02 6.3144E+01 -9.0175E-02 8.9861E-05
5.3314E+05 6.0793E+01 3.7817E+02 6.7333E+01 -1.3064E-01 1.2860E-04
6.3215E+05 4.9058E+01 3.6119E+02 7.0442E+01 -1.1473E-01 1.0296E-04
6.0769E+05 7.2633E+01 5.7492E+02 7.7096E+01 -4.3144E-02 3.3354E-05
5.1739E+05 1.1166E+02 3.7782E+02 8.0608E+01 -1.3699E-01 1.2855E-04
5.5395E+05 -2.5841E+01 2.5381E+02 5.1461E+01 -8.8964E-02 1.1806E-04
6.3448E+05 7.2470E+01 5.0672E+02 8.0945E+01 -8.2836E-02 6.7508E-05
5.6170E+05 8.7014E+00 3.5476E+02 7.5925E+01 -9.3521E-02 8.1508E-05
6.0474E+05 3.5481E+01 4.5211E+02 9.2704E+01 -1.2256E-01 9.2142E-05
5.7374E+05 4.3897E+01 5.2619E+02 6.8763E+01 -3.0267E-04 -1.5439E-06
5.5655E+05 8.1918E+01 5.6635E+02 1.0197E+02 -8.3753E-02 5.2191E-05
6.3727E+05 -2.3074E+01 4.9483E+02 7.2425E+01 -4.8662E-02 4.2263E-05
5.5986E+05 -2.2906E+01 3.7696E+02 6.4727E+01 -4.4088E-02 4.2676E-05
5.7816E+05 9.5708E+01 4.6095E+02 8.9070E+01 -1.1264E-01 8.6744E-05
6.5427E+05 4.1871E+01 3.7544E+02 5.9919E+01 -7.5350E-02 7.6506E-05
5.7861E+05 -1.1432E+01 2.9253E+02 6.5150E+01 -1.3814E-01 1.4320E-04
6.0195E+05 2.4487E+00 3.5470E+02 6.9424E+01 -9.4010E-02 9.0818E-05
6.5668E+05 -5.1855E+01 2.9332E+02 3.9972E+01 -3.0100E-02 5.2873E-05
5.9480E+05 -3.4180E+01 3.1812E+02 4.5622E+01 -4.7781E-02 7.0874E-05
6.0322E+05 2.7617E+01 4.2385E+02 7.1106E+01 -8.8076E-02 7.4308E-05
6.1766E+05 -3.4650E+01 4.5449E+02 7.8328E+01 -7.7687E-02 5.9186E-05
5.6542E+05 9.6998E+00 3.9894E+02 8.4214E+01 -9.1836E-02 7.4224E-05
5.8852E+05 2.1695E+01 4.5814E+02 7.0769E+01 -3.5655E-02 3.5411E-05
6.1814E+05 -3.7446E+01 4.5185E+02 5.4854E+01 3.5193E-03 4.7582E-06
5.6316E+05 -2.5564E+01 4.6873E+02 7.9688E+01 -7.0444E-02 7.6000E-05
5.0864E+05 1.3500E+02 5.8938E+02 1.2175E+02 -2.1635E-01 1.7343E-04
5.1963E+05 -1.3675E+01 4.2761E+02 5.5614E+01 -6.1553E-02 7.3266E-05
5.8248E+05 3.0231E+01 4.6926E+02 1.0242E+02 -1.2882E-01 1.0216E-04
5.4042E+05 1.2629E+02 5.9116E+02 1.1922E+02 -1.0149E-01 5.6420E-05
5.3219E+05 3.4427E+01 3.7132E+02 6.6910E+01 -6.1147E-02 6.7272E-05
6.5716E+05 -2.7449E+00 2.7598E+02 4.5163E+01 -7.2624E-02 1.0017E-04
5.7773E+05 -1.3477E+01 4.0803E+02 8.5687E+01 -1.0278E-01 8.8731E-05
5.7061E+05 1.9348E+01 5.1978E+02 1.0093E+02 -1.0469E-01 7.3882E-05
4.1940E+05 -2.0148E+02 4.9566E+02 4.0967E+01 3.7755E-02 8.6237E-05
7.1521E+05 -9.2222E+01 4.5842E+02 4.4398E+01 -1.1660E-03 7.9507E-06
6.4024E+05 8.2776E+01 5.1433E+02 7.9703E+01 -6.6427E-02 4.1058E-05
5.8746E+05 -3.1064E+01 5.3624E+02 6.8697E+01 -7.8345E-02 6.7692E-05
5.8578E+05 -5.2713E+01 5.3598E+02 6.7488E+01 -2.0400E-02 1.8268E-05
6.4721E+05 -2.2154E+00 2.6411E+02 5.4278E+01 -9.0194E-02 1.0792E-04
6.2832E+05 1.8503E+01 4.4588E+02 6.6898E+01 -8.2923E-02 7.0142E-05
5.5120E+05 -9.3053E+01 4.3945E+02 5.0140E+01 6.0687E-02 -2.9387E-05
5.9438E+05 -2.5629E+01 6.0768E+02 1.2794E+02 -2.0380E-01 1.2759E-04
5.7913E+05 -4.6336E+01 5.7068E+02 8.2622E+01 -1.0898E-01 8.0152E-05
5.0617E+05 -2.6594E+00 3.8584E+02 9.7479E+01 -1.4892E-01 1.2371E-04
6.7744E+05 4.6241E+01 4.7001E+02 7.4592E+01 -8.3646E-02 5.8313E-05
5.1163E+05 -4.6053E+00 3.0611E+02 5.8928E+01 -4.2622E-02 6.6240E-05
6.2106E+05 -9.1722E+00 2.9430E+02 6.2369E+01 -9.5296E-02 1.0491E-04
5.5699E+05 7.8484E+01 4.9012E+02 8.4223E+01 -5.0610E-02 4.0480E-05
6.0311E+05 -1.6171E+01 3.5284E+02 3.3528E+01 5.1082E-02 -2.7292E-05
6.0137E+05 -7.4797E+00 4.6467E+02 7.7229E+01 -4.9913E-02 3.5804E-05
5.8583E+05 1.4466E+01 4.6479E+02 9.1267E+01 -1.0743E-01 9.4672E-05
4.1595E+05 1.5899E+00 2.7593E+02 6.5707E+01 -2.1988E-02 3.3997E-05
6.2754E+05 -1.1821E+00 3.8956E+02 7.0531E+01 -8.3470E-02 7.4223E-05
4.9176E+05 -4.5093E+01 2.5984E+02 2.5920E+01 6.8463E-02 -2.2954E-05
6.8123E+05 -4.3532E+01 5.8044E+02 6.2828E+01 -2.3552E-02 1.6468E-05
5.9761E+05 8.3475E+01 3.8074E+02 8.8994E+01 -1.5697E-01 1.2703E-04
6.2049E+05 -1.0979E+02 4.6058E+02 5.4721E+01 -1.5896E-02 2.4741E-05
5.3538E+05 9.8798E+01 5.8697E+02 1.3733E+02 -1.4258E-01 7.1036E-05
5.2632E+05 1.2474E+01 3.6232E+02 5.5906E+01 -3.5823E-02 4.6121E-05
5.2003E+05 -4.5292E+01 3.7687E+02 6.2124E+01 -2.6667E-02 2.6909E-05
5.5728E+05 1.8265E+01 3.4022E+02 1.0028E+02 -1.8244E-01 1.4409E-04
6.2622E+05 -1.8869E+01 3.4055E+02 5.7885E+01 -6.4103E-02 7.6838E-05
5.5895E+05 1.5983E+01 4.0205E+02 9.2239E+01 -1.2928E-01 9.7726E-05
4.9667E+05 7.2816E+01 4.0708E+02 9.8671E+01 -6.6501E-02 1.5937E-05
5.8106E+05 7.8536E+01 5.5759E+02 6.5968E+01 -8.0172E-02 7.6183E-05
6.4458E+05 3.6271E+01 3.9341E+02 7.0260E+01 -9.0519E-02 8.0619E-05
5.1969E+05 1.4993E+01 3.3939E+02 8.5831E+01 -1.2684E-01 1.3059E-04
5.0140E+05 -6.1072E+00 2.8495E+02 5.7738E+01 -5.0249E-02 7.2688E-05
5.3648E+05 -2.2395E+01 3.3254E+02 7.1974E+01 -1.2197E-01 1.2193E-04
6.0620E+05 -8.8356E+01 3.9557E+02 5.6557E+01 -2.0418E-02 3.4689E-05
6.0144E+05 1.1820E+02 4.3622E+02 8.2078E+01 -1.2784E-01 1.0095E-04
5.0444E+05 -4.5268E+01 4.6645E+02 8.5026E+01 -2.1702E-02 1.6058E-05
5.4905E+05 1.3129E+01 3.1078E+02 6.5303E+01 -9.6908E-02 1.0472E-04
5.3614E+05 5.1377E+01 3.6434E+02 9.0223E+01 -1.6241E-01 1.4013E-04
5.7914E+05 -3.0930E+00 3.3939E+02 6.7718E+01 -7.8542E-02 7.8539E-05
6.6754E+05 -1.6476E+00 3.8270E+02 6.5770E+01 -9.4045E-02 8.1863E-05
6.0268E+05 5.3732E+01 3.0043E+02 5.6842E+01 -1.2048E-01 1.4268E-04
6.1343E+05 6.3715E+01 5.6518E+02 1.1059E+02 -1.1426E-01 6.5995E-05
5.6395E+05 -9.4182E+01 5.5578E+02 5.7753E+01 -5.5386E-02 4.6231E-05
5.8065E+05 -2.8061E+02 4.9107E+02 2.4137E+01 3.3268E-02 3.2302E-07
4.9896E+05 -6.4159E+00 3.6800E+02 7.4078E+01 -6.9008E-02 7.0701E-05
5.4487E+05 1.2607E+01 4.9114E+02 1.0043E+02 -5.8761E-02 2.6171E-05
5.2994E+05 -4.1556E+00 2.9409E+02 6.5303E+01 -9.4991E-02 1.0940E-04
6.1132E+05 3.3508E+01 5.6912E+02 7.6109E+01 -6.5078E-02 5.2196E-05
5.8533E+05 -3.6937E+01 4.6741E+02 8.0989E+01 -6.0149E-02 4.4655E-05
5.7066E+05 -2.2896E+01 4.0071E+02 6.6673E+01 -3.3532E-02 3.5753E-05
5.8474E+05 -2.6966E+01 3.6653E+02 6.2250E+01 -8.3725E-02 8.0102E-05
5.6337E+05 -3.4158E+00 3.7593E+02 8.3704E+01 -9.7193E-02 8.5178E-05
5.3480E+05 -1.3313E+01 4.7528E+02 8.6278E+01 -1.8123E-02 1.7429E-05
6.4585E+05 -1.9451E+01 4.9965E+02 5.3745E+01 -3.9751E-02 4.1847E-05
6.3819E+05 6.8974E+01 5.0812E+02 1.0653E+02 -1.3011E-01 9.0167E-05
5.3926E+05 -2.8261E+01 3.4340E+02 5.9880E+01 -6.3951E-02 7.4493E-05
5.3048E+05 1.5364E+01 5.2551E+02 9.6092E+01 -6.3435E-02 3.8781E-05
5.6331E+05 1.0708E+01 4.6807E+02 9.5423E+01 -8.1793E-02 5.0136E-05
4.7990E+05 6.1048E-01 4.4039E+02 7.8977E+01 -2.1170E-02 3.8891E-05
5.6229E+05 8.8704E+01 3.7228E+02 7.3457E+01 -1.3148E-01 1.2823E-04
6.4299E+05 -1.4367E+01 4.7271E+02 8.2800E+01 -8.6178E-02 6.1962E-05
5.7255E+05 -5.6267E+01 2.7741E+02 1.9037E+01 3.7143E-03 5.0184E-05
5.0550E+05 3.8703E+00 4.3697E+02 6.4675E+01 4.7193E-02 -4.5648E-05
6.3562E+05 -1.2104E+00 2.8798E+02 4.6867E+01 -9.7184E-02 1.2426E-04
6.4428E+05 9.0205E-01 4.5067E+02 7.3997E+01 -6.6119E-02 5.5781E-05
4.7328E+05 3.5912E+01 2.9485E+02 1.0287E+02 -1.7743E-01 1.4986E-04
4.9351E+05 1.8372E+00 4.6549E+02 9.8186E+01 -7.0221E-02 4.3778E-05
6.2948E+05 1.1623E+01 3.5655E+02 6.4769E+01 -8.5550E-02 8.9856E-05
5.4021E+05 -8.4058E+00 4.8333E+02 7.4651E+01 -4.7714E-02 3.6942E-05
5.3960E+05 2.0625E+01 4.8690E+02 8.3120E+01 -5.9845E-02 6.1492E-05
4.9683E+05 1.5251E+01 4.5318E+02 6.2859E+01 -2.9677E-02 7.9095E-05
6.0041E+05 -1.0969E+01 4.7951E+02 9.7510E+01 -9.0583E-02 5.3322E-05
7.1589E+05 1.3387E+02 6.8513E+02 9.9559E+01 -1.1219E-01 6.9356E-05
6.1811E+05 -2.8810E+02 3.7303E+02 1.8282E+01 2.3846E-02 1.1767E-05
6.8194E+05 -1.5631E+01 2.6892E+02 4.0220E+01 -4.0154E-02 6.3287E-05
5.5345E+05 7.6499E+01 3.3607E+02 6.8199E+01 -1.3436E-01 1.3773E-04
5.2667E+05 -3.3870E+00 2.7177E+02 5.0948E+01 -5.2695E-02 8.3614E-05
5.3291E+05 -2.8927E+01 5.4274E+02 4.7035E+01 5.0999E-02 -3.8101E-05
6.3873E+05 7.1392E+01 5.7001E+02 1.1025E+02 -1.2661E-01 7.5107E-05
5.7420E+05 -7.2936E+00 5.1260E+02 9.8089E+01 -1.0425E-01 7.8288E-05
5.6342E+05 -5.1693E+00 2.7400E+02 5.0511E+01 -6.6075E-02 9.6127E-05
5.2609E+05 9.5189E+01 6.2903E+02 8.7226E+01 -3.8464E-02 2.4544E-05
5.9986E+05 -4.8483E+00 2.5126E+02 5.4909E+01 -1.1306E-01 1.3850E-04
6.2887E+05 -8.4464E+01 4.0914E+02 6.1585E+01 -5.0234E-02 4.9547E-05
6.1421E+05 -1.9820E+01 3.6888E+02 5.9228E+01 -7.1979E-02 6.2149E-05
4.9947E+05 -6.2679E+01 3.6001E+02 5.6940E+01 3.7671E-03 1.9032E-05
5.5613E+05 8.2765E+01 4.3842E+02 6.1358E+01 -5.0837E-02 5.3587E-05
6.3840E+05 1.1975E+02 3.7129E+02 7.9905E+01 -1.7000E-01 1.5117E-04
6.7428E+05 -3.6769E+01 3.1378E+02 3.7315E+01 -2.6440E-02 4.8882E-05
5.5754E+05 1.7838E+02 5.9223E+02 1.0214E+02 -9.0285E-02 6.6685E-05
5.8162E+05 1.6166E+01 2.8373E+02 5.8957E+01 -9.4109E-02 1.0727E-04
6.2289E+05 3.3968E+00 4.0830E+02 7.7365E+01 -8.0679E-02 7.2033E-05
5.7013E+05 1.9310E+01 2.8445E+02 5.4491E+01 -9.0149E-02 1.1484E-04
5.2125E+05 -1.3021E+02 4.5467E+02 3.1485E+01 8.6199E-02 -5.3746E-05
4.6001E+05 5.3586E+01 4.5359E+02 9.2648E+01 -1.3161E-01 1.0508E-04
5.8235E+05 -3.6023E+01 4.2974E+02 5.7288E+01 -5.8821E-02 5.5342E-05
6.0491E+05 1.9825E+02 5.6302E+02 4.4724E+01 -2.7311E-02 3.3368E-05
6.1357E+05 6.7642E+01 3.5482E+02 7.3929E+01 -1.3926E-01 1.3056E-04
5.1853E+05 -2.8778E+01 4.5610E+02 1.0878E+02 -1.2746E-01 9.2500E-05
5.8113E+05 1.0042E+02 4.5012E+02 8.9059E+01 -1.2768E-01 9.9902E-05
5.3371E+05 2.8118E+01 3.1694E+02 4.5920E+01 -5.7130E-02 8.9366E-05
5.3261E+05 6.7117E+01 3.1441E+02 5.9965E+01 -1.1547E-01 1.3924E-04
4.2475E+05 4.2319E+01 4.1821E+02 1.9611E+02 -3.7324E-01 2.3953E-04
6.0626E+05 4.4778E+00 5.0425E+02 1.2676E+02 -2.0378E-01 1.4722E-04
5.6577E+05 -4.7851E+01 6.7514E+02 1.0837E+02 -1.8721E-01 1.3097E-04
5.2606E+05 -1.1387E+01 4.2199E+02 7.3531E+01 -9.4010E-02 1.0238E-04
4.8867E+05 -1.4616E+01 3.7989E+02 8.8621E+01 -6.3118E-02 7.9554E-05
5.6111E+05 5.8010E+01 4.9145E+02 8.5274E+01 -1.0816E-01 7.6693E-05
5.8930E+05 -1.8373E+01 4.3805E+02 8.8527E+01 -8.1132E-02 5.4838E-05
6.1016E+05 -2.4004E+01 3.8803E+02 7.3685E+01 -8.4067E-02 7.5194E-05
6.7583E+05 -6.5533E+00 3.6327E+02 4.6317E+01 -7.2355E-02 7.5843E-05
5.6822E+05 4.2631E+01 5.2025E+02 1.0673E+02 -9.6038E-02 5.3198E-05
6.4623E+05 -1.7725E+01 4.7060E+02 9.8455E+01 -1.0580E-01 7.0187E-05
4.5819E+05 1.0301E+02 4.6187E+02 1.3627E+02 -8.2844E-02 2.5324E-06
5.2863E+05 -3.3433E+02 3.5275E+02 1.7299E+01 2.2379E-02 2.6324E-05
5.3174E+05 8.7731E+01 5.4574E+02 9.9030E+01 -7.5261E-02 3.9499E-05
5.1073E+05 -2.9235E+01 3.8465E+02 5.9518E+01 -3.3508E-02 5.6676E-05
5.9358E+05 1.9921E+02 6.1507E+02 1.2698E+02 -2.0366E-01 1.3538E-04
5.4252E+05 3.3963E+00 3.7542E+02 7.7329E+01 -7.8751E-02 7.9320E-05
5.2176E+05 1.0047E+01 3.4657E+02 9.1617E+01 -1.6652E-01 1.4089E-04
5.5283E+05 3.4545E+02 9.6506E+02 7.3447E+01 7.6636E-03 -8.6747E-06
6.0952E+05 -5.7666E+00 3.1531E+02 7.0192E+01 -1.0768E-01 1.0221E-04
6.8415E+05 1.8189E+02 7.0113E+02 1.0408E+02 -1.1380E-01 6.5809E-05
5.9465E+05 7.0557E+00 3.5299E+02 4.9989E+01 -8.4256E-02 9.7459E-05
5.6350E+05 -5.9804E+01 3.5494E+02 4.1450E+01 -1.1548E-02 4.5672E-05
5.7161E+05 2.0779E+02 6.0587E+02 1.0959E+02 -1.5158E-01 1.1296E-04
6.1604E+05 -9.1763E+00 4.5470E+02 9.3593E+01 -1.1987E-01 7.4242E-05
5.4324E+05 3.9652E+00 5.2175E+02 5.5333E+01 2.6455E-03 3.3749E-05
5.5427E+05 9.9265E+00 2.7796E+02 6.8950E+01 -1.2236E-01 1.3208E-04
5.7861E+05 3.7732E+00 4.0852E+02 6.5072E+01 -6.3359E-02 5.3443E-05
5.8643E+05 -6.3067E+00 3.7576E+02 7.5140E+01 -7.8480E-02 7.0815E-05
4.8771E+05 8.7256E+00 4.5681E+02 7.3676E+01 -1.2927E-02 1.2748E-05
4.8733E+05 3.3373E+01 3.4071E+02 1.0723E+02 -1.7417E-01 1.4299E-04
6.5979E+05 1.1677E+02 6.0274E+02 9.0422E+01 -9.0252E-02 5.9609E-05
6.5613E+05 -1.6139E+01 4.4471E+02 6.3923E+01 -4.8056E-02 3.5922E-05
3.9813E+05 6.7178E+01 4.0003E+02 1.7354E+02 -3.5739E-01 2.5110E-04
4.9767E+05 1.9619E+02 6.7734E+02 1.3229E+02 -1.6383E-01 1.1360E-04
6.0652E+05 4.4718E+01 3.0868E+02 5.2782E+01 -1.0267E-01 1.2558E-04
5.5621E+05 -5.4358E+01 3.6788E+02 5.5246E+01 -1.2876E-02 2.2003E-05
5.4897E+05 -1.9416E+01 4.7796E+02 7.4656E+01 -3.0791E-02 4.3968E-05
6.3573E+05 5.3116E+01 4.9459E+02 6.2220E+01 -5.2889E-02 4.3745E-05
5.9336E+05 1.1149E+02 5.6507E+02 5.6936E+01 -2.6210E-02 2.7043E-05
6.2830E+05 1.1771E+02 4.6647E+02 6.6097E+01 -9.4255E-02 7.8502E-05
6.1381E+05 -7.1092E+01 4.1621E+02 6.3712E+01 -5.0755E-02 4.7689E-05
5.8796E+05 4.5076E+01 4.6547E+02 9.3819E+01 -8.0369E-02 4.2519E-05
5.2826E+05 3.0251E+01 3.6434E+02 1.3499E+02 -2.3854E-01 1.6038E-04
5.2803E+05 7.5442E+01 5.9124E+02 6.0901E+01 4.6845E-02 -3.0691E-05
5.2570E+05 -6.3772E+00 4.5731E+02 9.8188E+01 -9.8197E-02 6.7271E-05
6.1204E+05 2.1018E+01 3.1102E+02 5.0337E+01 -9.4282E-02 1.1421E-04
6.1026E+05 -1.2101E+01 6.2028E+02 6.6890E+01 -5.8110E-02 4.4783E-05
6.0666E+05 -1.3208E+02 5.8734E+02 4.9258E+01 -1.8218E-02 1.7818E-05
5.9490E+05 -2.1977E+01 3.2797E+02 6.1387E+01 -8.7494E-02 8.7301E-05
6.2751E+05 7.0799E+01 4.3324E+02 8.1742E+01 -1.2284E-01 9.9054E-05
5.3741E+05 5.7243E+01 5.5194E+02 7.8170E+01 2.3779E-05 7.4904E-06
6.2901E+05 -3.4310E+01 4.5403E+02 8.4630E+01 -9.6487E-02 7.2782E-05
6.3183E+05 -7.4242E+01 2.6714E+02 2.2851E+01 -1.6397E-02 5.9884E-05
5.4205E+05 -1.6999E+02 6.6832E+02 3.2975E+01 3.8303E-02 -2.3576E-05
5.9583E+05 -3.7582E+00 3.9206E+02 7.8127E+01 -8.8366E-02 7.4355E-05
5.6566E+05 8.3824E+01 4.8771E+02 8.8390E+01 -1.1622E-01 9.2301E-05
7.0699E+05 -6.5805E+00 4.4231E+02 6.0528E+01 -7.0459E-02 5.6524E-05
4.9702E+05 -1.4820E+01 2.9537E+02 6.0327E+01 -9.0240E-02 1.1500E-04
5.7748E+05 7.3878E+00 3.9712E+02 8.6174E+01 -8.8358E-02 7.2651E-05
5.6278E+05 -4.8576E+02 5.0939E+02 2.5243E+01 -4.6946E-03 1.6228E-05
6.6446E+05 5.4308E-01 5.6643E+02 4.2190E+01 1.7142E-05 2.5877E-06
5.1907E+05 4.3981E+01 3.7936E+02 8.8316E+01 -1.3804E-01 1.1676E-04
5.3381E+05 -5.5363E+01 2.9968E+02 4.4544E+01 -1.9046E-02 4.1474E-05
5.5764E+05 -1.7998E+01 2.7632E+02 3.6119E+01 -5.8806E-02 9.9016E-05
4.8159E+05 1.2411E+02 7.6685E+02 8.8024E+01 7.7702E-03 -2.6614E-05
5.8878E+05 -8.1806E+00 4.4863E+02 6.8524E+01 -3.6081E-02 2.9190E-05
6.1290E+05 1.7026E+00 4.0276E+02 7.0923E+01 -9.3555E-02 8.3875E-05
5.6941E+05 -1.1324E+01 3.0220E+02 6.5707E+01 -7.7986E-02 8.0108E-05
6.0059E+05 1.3584E+02 6.2054E+02 1.1490E+02 -1.5048E-01 9.8018E-05
5.8223E+05 -4.0725E+01 3.9202E+02 5.2314E+01 -4.2442E-02 5.8050E-05
5.7311E+05 -7.4847E+00 4.3765E+02 9.5457E+01 -9.0346E-02 6.6460E-05
5.7518E+05 1.0496E+02 4.9238E+02 8.4706E+01 -9.3717E-02 6.1456E-05
6.0023E+05 -4.7567E+00 2.2938E+02 4.9006E+01 -9.6151E-02 1.3602E-04
5.6903E+05 -4.2981E+01 3.0337E+02 5.2421E+01 -5.8027E-02 7.2917E-05
5.3258E+05 -1.8650E+01 3.7479E+02 7.0012E+01 -8.1079E-02 7.8028E-05
4.1667E+05 5.5451E+01 3.1300E+02 1.3421E+02 -2.2331E-01 1.7236E-04
5.8929E+05 -1.9549E+01 4.5665E+02 8.9617E+01 -5.8153E-02 3.9521E-05
5.8608E+05 -3.1611E+01 4.4503E+02 6.6222E+01 -1.7015E-02 2.3213E-05
4.7184E+05 -1.2334E+01 5.2971E+02 1.1398E+02 1.4211E-03 -3.1097E-05
5.7878E+05 4.8520E+01 3.3175E+02 6.6110E+01 -9.2202E-02 1.0233E-04
6.0464E+05 -1.1193E-01 3.5493E+02 6.6402E+01 -1.0088E-01 1.0047E-04
5.0094E+05 1.0832E+01 2.7906E+02 6.0864E+01 -6.4426E-02 8.9118E-05
7.2481E+05 8.9642E+00 3.3087E+02 4.4868E+01 -8.4348E-02 9.5902E-05
6.4227E+05 2.2172E+01 3.5716E+02 5.8122E+01 -8.4372E-02 8.5272E-05
5.8148E+05 -2.7380E+01 3.7809E+02 6.2298E+01 -7.7407E-02 1.0090E-04
4.3814E+05 6.6160E+00 6.3687E+02 1.0480E+02 1.2874E-01 -1.5890E-04
5.9460E+05 2.0051E+01 4.6773E+02 6.5363E+01 -4.0727E-02 4.3452E-05
6.0297E+05 -8.3394E+01 4.3520E+02 6.0936E+01 -3.0676E-02 3.3274E-05
5.2161E+05 -5.1368E+00 4.6608E+02 7.2082E+01 -2.6454E-02 4.1087E-05
6.1406E+05 2.4980E+01 3.5826E+02 4.6777E+01 -3.8225E-02 5.6841E-05
6.0325E+05 6.5520E+01 3.0643E+02 6.8419E+01 -1.3624E-01 1.4938E-04
6.4078E+05 -4.9824E+01 4.1714E+02 6.7309E+01 -5.0723E-02 4.4590E-05
5.4811E+05 1.1995E+02 5.8138E+02 9.9394E+01 -8.7996E-02 6.4627E-05
6.2701E+05 -1.6833E+01 4.0518E+02 7.9550E+01 -1.1076E-01 8.5611E-05
6.0051E+05 -6.0702E+01 2.6745E+02 3.6072E+01 -4.5252E-02 9.0501E-05
5.3693E+05 9.1317E+01 6.5185E+02 1.1071E+02 -1.2568E-01 7.2164E-05
5.9200E+05 -4.9982E+01 4.3054E+02 5.6263E+01 -5.0500E-02 5.3609E-05
6.5042E+05 4.9489E+00 2.9812E+02 5.2918E+01 -8.7385E-02 1.0064E-04
5.4684E+05 -2.7583E+01 4.5912E+02 6.9273E+01 2.0790E-02 -8.7017E-06
5.3154E+05 1.1128E+02 6.3549E+02 1.5334E+02 -2.0731E-01 1.2069E-04
6.3488E+05 2.1098E+01 4.6762E+02 7.5933E+01 -6.7668E-02 6.3743E-05
5.2463E+05 -1.7648E+01 3.0955E+02 6.2739E+01 -7.9011E-02 1.0441E-04
5.7703E+05 3.4306E+01 3.8596E+02 5.9494E+01 -5.8278E-02 5.6690E-05
5.2347E+05 2.5580E+00 4.1468E+02 9.5382E+01 -9.6391E-02 7.8275E-05
5.0880E+05 -1.3900E+01 2.9014E+02 5.2021E+01 -3.5751E-02 6.9778E-05
4.6674E+05 1.0161E+01 3.7530E+02 1.0150E+02 -9.8386E-02 6.9722E-05
6.0319E+05 -7.8097E+00 4.4467E+02 6.6133E+01 -3.4150E-02 3.4661E-05
5.0218E+05 -1.0397E+01 3.5825E+02 8.4097E+01 -1.0891E-01 1.0792E-04
3.7650E+05 2.0804E+01 4.1665E+02 6.7593E+01 2.0193E-02 -2.0018E-05
6.2880E+05 2.1876E+01 4.5063E+02 8.8042E+01 -7.8297E-02 5.2981E-05
5.6215E+05 4.3665E+01 5.4564E+02 1.3283E+02 -1.8281E-01 1.0724E-04
5.5955E+05 4.5383E+01 5.8076E+02 7.2400E+01 -1.7277E-04 7.1955E-08
6.1783E+05 -8.5217E+01 4.8275E+02 6.3055E+01 -1.8730E-02 1.2172E-05
5.0326E+05 6.5670E+01 5.0736E+02 1.0108E+02 -3.8181E-02 9.4036E-06
5.2389E+05 6.7681E+00 2.9903E+02 8.5614E+01 -1.4748E-01 1.3680E-04
6.0864E+05 1.6826E+02 5.9368E+02 9.8188E+01 -1.0698E-01 6.8993E-05
6.2974E+05 1.2147E+02 6.3271E+02 9.1512E+01 -6.3109E-02 3.6777E-05
5.0211E+05 2.5126E-02 4.2758E+02 7.0428E+01 -1.4415E-02 1.4573E-05
4.6363E+05 -2.3086E+01 4.2368E+02 2.0218E+01 1.4365E-01 -8.0847E-05
5.9950E+05 -9.5865E+00 3.8491E+02 6.5692E+01 -6.7395E-02 6.4357E-05
6.1540E+05 2.0524E+01 3.2583E+02 5.2730E+01 -5.1830E-02 6.3790E-05
6.4294E+05 1.5374E+02 6.5011E+02 1.1059E+02 -1.2784E-01 7.1413E-05
6.2147E+05 -1.1447E+01 4.8623E+02 7.8296E+01 -6.3780E-02 4.6754E-05
5.1692E+05 -1.2965E+01 2.8340E+02 5.6215E+01 -9.9675E-02 1.2282E-04
4.6325E+05 -2.4962E+01 3.3885E+02 4.2578E+01 4.0754E-02 -7.7205E-06
5.5180E+05 1.2943E+01 5.1874E+02 8.5926E+01 -4.9282E-02 4.8547E-05
6.0087E+05 -9.2761E+00 5.0035E+02 9.4802E+01 -9.1877E-02 5.7874E-05
6.6259E+05 3.9204E+01 3.8567E+02 5.7617E+01 -8.4987E-02 8.2849E-05
5.6449E+05 3.3060E-02 3.9671E+02 5.9617E+01 -8.9253E-02 8.5324E-05
5.5011E+05 3.6654E+01 5.8640E+02 1.0706E+02 -9.9443E-02 5.7490E-05
5.5311E+05 1.9412E+01 4.3035E+02 8.6006E+01 -6.2480E-02 5.2156E-05
5.2483E+05 -5.6607E+00 4.2118E+02 8.4611E+01 -3.7545E-02 1.9071E-05
4.6291E+05 1.2080E+02 6.6452E+02 1.4486E+02 -1.4991E-01 1.1006E-04
4.3952E+05 1.0336E+02 5.6429E+02 6.7298E+01 4.6693E-02 -2.8920E-05
6.0507E+05 2.4725E+02 5.2246E+02 7.5883E+01 -1.4715E-01 1.2570E-04
4.9067E+05 6.2969E+01 5.0252E+02 1.3792E+02 -1.1082E-01 3.7801E-05
5.9762E+05 8.9706E+01 5.2199E+02 1.2233E+02 -1.6507E-01 1.0418E-04
6.4698E+05 9.2123E+01 5.0799E+02 7.8061E+01 -8.4757E-02 6.5391E-05
6.2355E+05 1.2968E+01 3.6590E+02 6.2109E+01 -6.8833E-02 6.8019E-05
6.2382E+05 1.8353E+02 5.4470E+02 7.1279E+01 -9.1539E-02 7.1076E-05
6.8109E+05 -1.6405E+01 4.5151E+02 7.3530E+01 -4.6376E-02 3.6078E-05
6.1028E+05 5.9120E+01 4.1902E+02 7.2582E+01 -9.8305E-02 9.3451E-05
4.0521E+05 5.8231E+01 6.1948E+02 1.0600E+02 -3.8271E-02 3.9664E-05
6.1439E+05 3.2020E+00 3.5883E+02 5.9499E+01 -7.1793E-02 8.1901E-05
5.9248E+05 1.5410E+02 6.9488E+02 6.0420E+01 -5.3025E-02 4.6531E-05
5.3379E+05 -2.6240E+01 3.3297E+02 5.8661E+01 -4.4004E-02 5.3990E-05
5.9097E+05 -6.6729E-01 3.9786E+02 8.5429E+01 -1.1745E-01 1.0295E-04
5.5418E+05 -2.0248E+01 4.4993E+02 8.8402E+01 -8.7771E-02 6.7784E-05
7.0023E+05 1.4226E+01 3.7097E+02 4.7961E+01 -6.8939E-02 7.6676E-05
6.6098E+05 2.8622E+01 4.2264E+02 6.8215E+01 -5.8173E-02 5.2816E-05
6.0914E+05 -2.9089E+00 4.3402E+02 8.6873E+01 -1.1406E-01 8.7536E-05
5.6662E+05 2.2558E+00 3.3270E+02 6.2364E+01 -9.2723E-02 9.6998E-05
6.9407E+05 -8.4103E+00 3.9092E+02 5.8064E+01 -4.9992E-02 4.4936E-05
6.8400E+05 6.7155E+01 5.8876E+02 1.0519E+02 -1.3557E-01 9.5135E-05
5.7893E+05 -1.6404E+01 5.0663E+02 9.4840E+01 -5.0093E-02 2.0370E-05
6.0109E+05 2.1165E+02 6.9801E+02 8.5358E+01 -5.5896E-02 2.9786E-05
5.8301E+05 1.9089E+02 6.4757E+02 1.0343E+02 -1.0096E-01 6.5617E-05
5.4362E+05 -2.3584E+02 4.1255E+02 2.0230E+01 2.9442E-02 9.5030E-06
5.5764E+05 5.8833E+01 5.8417E+02 1.1623E+02 -1.2672E-01 8.0641E-05
5.8331E+05 -2.7441E+01 2.8490E+02 5.4214E+01 -7.8670E-02 9.4835E-05
5.8596E+05 -8.0266E+00 2.8384E+02 5.6093E+01 -9.9931E-02 1.1844E-04
6.1859E+05 8.3703E+01 6.0473E+02 1.0573E+02 -1.0209E-01 5.6230E-05
6.1830E+05 -2.1718E+01 3.9223E+02 5.6685E+01 -5.6715E-02 5.6613E-05
6.0382E+05 1.2418E+00 4.0187E+02 7.9895E+01 -1.4332E-01 1.5495E-04
5.3983E+05 4.5559E+01 3.5052E+02 5.7658E+01 -2.3335E-02 3.4477E-05
5.2651E+05 9.4219E+01 4.6341E+02 8.1300E+01 -8.2598E-02 6.5042E-05
5.9592E+05 4.3860E+00 4.7077E+02 7.5838E+01 -5.9192E-02 5.1227E-05
5.7374E+05 2.4219E+01 2.7550E+02 5.8224E+01 -1.0461E-01 1.3108E-04
5.6608E+05 3.6330E+01 4.6153E+02 6.8308E+01 -5.6740E-02 5.5996E-05
5.2088E+05 1.3076E+02 4.7473E+02 8.3606E+01 -1.2242E-01 9.0762E-05
5.9957E+05 -3.6788E+00 2.7328E+02 6.0330E+01 -1.3475E-01 1.5095E-04
5.5890E+05 -3.2015E+01 4.5582E+02 8.2270E+01 -1.0023E-01 8.2072E-05
6.2461E+05 -4.7906E+01 4.2055E+02 6.1568E+01 -3.8948E-02 4.0899E-05
5.1639E+05 -2.4444E+01 4.2731E+02 7.2249E+01 -3.7078E-02 4.6033E-05
6.4565E+05 1.6833E+02 7.2054E+02 6.0106E+01 -4.6810E-02 3.6826E-05
6.1372E+05 2.4864E+01 4.2093E+02 7.7542E+01 -1.0325E-01 8.0769E-05
5.5227E+05 -9.5721E+00 2.5325E+02 4.9026E+01 -8.2570E-02 1.1836E-04
6.6170E+05 -6.3270E+01 4.8221E+02 6.6246E+01 -3.7301E-02 3.9083E-05
6.7700E+05 9.1522E+01 4.4042E+02 7.7355E+01 -1.3234E-01 1.1264E-04
4.9608E+05 6.0717E+01 3.8581E+02 1.0656E+02 -2.2308E-01 1.8327E-04
6.6900E+05 1.3399E+01 3.5271E+02 6.5790E+01 -9.7810E-02 8.7513E-05
6.0398E+05 -1.4714E+01 3.3345E+02 6.9353E+01 -8.2966E-02 7.7047E-05
5.4609E+05 7.5096E+00 5.0254E+02 3.7737E+01 8.7551E-02 -6.4515E-05
6.1713E+05 -2.4767E+01 3.5927E+02 5.6923E+01 -5.7390E-02 5.7206E-05
6.0910E+05 6.4210E+01 5.7323E+02 1.0604E+02 -1.8033E-01 1.5627E-04
6.3902E+05 1.3313E+02 5.7898E+02 1.1698E+02 -1.6247E-01 1.1625E-04
5.9042E+05 -1.1138E+00 6.0001E+02 9.4907E+01 -1.1359E-01 7.3074E-05
5.6425E+05 7.6927E+01 4.5222E+02 9.0547E+01 -1.1468E-01 8.7709E-05
6.4865E+05 2.4583E+01 4.9164E+02 8.6508E+01 -9.7778E-02 6.9507E-05
6.0121E+05 1.1486E+01 3.0812E+02 6.1558E+01 -1.0570E-01 1.1420E-04
5.8958E+05 -4.3296E+01 3.4506E+02 6.4578E+01 -4.9894E-02 4.9827E-05
7.2598E+05 3.7019E+01 4.8003E+02 6.9882E+01 -8.1834E-02 6.2392E-05
6.7789E+05 1.9815E+01 4.5359E+02 6.5994E+01 -7.0304E-02 5.6373E-05
6.7146E+05 2.9255E+01 4.6278E+02 8.1527E+01 -1.0015E-01 6.8542E-05
5.2492E+05 4.9687E+01 3.9911E+02 9.8940E+01 -1.6525E-01 1.3641E-04
6.1944E+05 9.2905E+01 3.3381E+02 4.4805E+01 -7.6765E-02 1.0552E-04
3.7926E+05 7.0091E+01 5.5543E+02 1.1655E+02 -1.8070E-01 2.5116E-04
6.0101E+05 -4.3427E+01 5.7514E+02 3.3631E+01 4.4026E-02 -1.9702E-05
4.8511E+05 -6.6347E+01 4.6216E+02 5.5417E+01 -6.0185E-02 6.1110E-05
5.8604E+05 2.2809E+01 4.0771E+02 9.7297E+01 -1.5709E-01 1.1603E-04
5.7101E+05 2.6278E+01 5.1146E+02 1.0688E+02 -1.3159E-01 9.1300E-05
4.3097E+05 -1.6147E+00 3.8062E+02 4.6340E+01 2.0145E-02 1.2995E-05
6.6563E+05 9.5130E+01 6.2451E+02 7.4511E+01 -3.3650E-02 1.2527E-05
6.2073E+05 -7.0983E+01 5.6179E+02 6.3717E+01 -4.4790E-02 3.7211E-05
6.3094E+05 3.7357E+01 5.1233E+02 7.9632E+01 -6.6817E-02 4.9440E-05
6.1087E+05 -1.3801E+01 2.7403E+02 4.6172E+01 -8.6884E-02 1.1904E-04
5.4288E+05 1.5796E+01 5.8367E+02 9.9847E+01 -9.1094E-02 5.8829E-05
6.0262E+05 1.0885E+02 5.4074E+02 4.8766E+01 -2.9703E-02 3.0555E-05
5.7885E+05 3.8020E+01 5.2089E+02 8.6657E+01 -5.1450E-02 3.7867E-05
4.8864E+05 5.4831E+01 4.6854E+02 1.3256E+02 -2.1571E-01 1.4903E-04
5.2087E+05 -1.7345E+02 4.0327E+02 4.1339E+01 1.2567E-02 1.2384E-05
5.9699E+05 -2.6208E+01 5.1520E+02 8.4239E+01 -6.7793E-02 5.2743E-05
5.3364E+05 5.5232E+01 3.9300E+02 7.0254E+01 -6.0576E-02 5.7228E-05
6.0588E+05 5.8757E+01 4.2465E+02 8.8922E+01 -1.3741E-01 1.1639E-04
5.5569E+05 -2.5447E+00 5.6342E+02 7.7793E+01 -5.8285E-02 4.9430E-05
4.5633E+05 1.3791E+02 7.9243E+02 7.0323E+02 -1.4806E+00 8.1755E-04
6.3386E+05 -1.1411E+01 3.5345E+02 7.3948E+01 -1.1405E-01 1.0525E-04
5.9582E+05 5.8722E+00 3.5902E+02 6.4105E+01 -1.0688E-01 1.1533E-04
5.2530E+05 1.6527E+01 3.0411E+02 7.9830E+01 -1.5107E-01 1.4753E-04
5.3334E+05 3.5180E+01 3.8731E+02 6.0058E+01 -6.0310E-02 6.4276E-05
6.0962E+05 6.0077E+01 4.1845E+02 7.3249E+01 -1.0721E-01 1.0781E-04
6.0852E+05 2.0667E+01 4.4813E+02 6.7829E+01 -6.7145E-02 6.4898E-05
5.8738E+05 2.9073E+01 4.4760E+02 7.9088E+01 -1.2076E-01 9.3917E-05
6.1783E+05 -1.3101E+01 3.6362E+02 6.0552E+01 -5.8828E-02 6.1031E-05
6.5985E+05 1.4378E+02 8.2755E+02 5.8660E+01 1.5408E-03 -1.0155E-05
5.5798E+05 6.4840E+01 5.3692E+02 1.0385E+02 -1.0154E-01 5.8327E-05
5.2791E+05 4.4122E+01 4.4217E+02 8.7281E+01 -8.1479E-02 6.4236E-05
6.3952E+05 -3.6149E+01 3.7516E+02 3.7792E+01 -1.0965E-02 3.4004E-05
5.5319E+05 4.9499E+00 2.8481E+02 5.0239E+01 -5.3223E-02 8.0812E-05
5.5632E+05 -7.8209E+01 3.8591E+02 3.6502E+01 -1.4740E-03 1.8139E-05
6.6980E+05 -3.4506E+01 3.2261E+02 5.2035E+01 -5.4289E-02 5.8843E-05
4.9644E+05 -1.4053E+02 3.9766E+02 4.2105E+01 2.1387E-02 7.6654E-06
5.2259E+05 3.8611E+01 3.7269E+02 7.2690E+01 -6.7222E-02 6.2251E-05
5.1266E+05 -3.4006E+02 3.4338E+02 1.6785E+01 2.6854E-02 2.1523E-05
5.1058E+05 -1.0923E+02 5.1689E+02 2.5595E+01 -2.2618E-05 -1.5879E-07
4.9926E+05 8.8711E+01 5.7393E+02 9.5196E+01 2.9143E-02 -3.9382E-05
7.0081E+05 6.8642E+01 3.4654E+02 5.2191E+01 -9.5464E-02 1.0112E-04
6.2872E+05 4.5264E+01 4.4113E+02 7.9481E+01 -6.7853E-02 6.1009E-05
5.5566E+05 -6.2086E+01 5.8687E+02 4.2282E+01 -2.7726E-02 3.3848E-05
6.1041E+05 5.6579E+01 4.0072E+02 7.3274E+01 -1.0975E-01 9.1107E-05
5.8567E+05 2.0926E+01 6.1937E+02 9.2548E+01 -3.3764E-02 4.0966E-06
5.6555E+05 7.8375E+01 4.5378E+02 5.1370E+01 -1.9803E-02 2.8583E-05
5.5182E+05 9.4101E+00 4.5790E+02 8.6531E+01 -9.8164E-02 7.4617E-05
5.1690E+05 1.4686E+02 5.2054E+02 6.8402E+01 4.9987E-06 -2.8476E-06
5.5808E+05 -1.2667E+01 4.6234E+02 8.5153E+01 -8.4974E-02 7.5430E-05
4.6025E+05 1.7583E+01 3.6266E+02 6.8877E+01 -3.4024E-02 6.9515E-05
5.7937E+05 -9.2436E+00 5.1117E+02 8.1786E+01 -7.4860E-02 6.0784E-05
5.8448E+05 3.4597E+01 5.5942E+02 7.0445E+01 -8.1427E-02 6.0722E-05
5.3899E+05 -4.8605E+01 4.9776E+02 5.1505E+01 -2.1124E-02 2.5564E-05
6.0291E+05 2.5306E+01 2.7232E+02 6.0246E+01 -1.2582E-01 1.4762E-04
5.8143E+05 8.9629E+00 4.6206E+02 9.3904E+01 -8.1670E-02 6.3744E-05
5.4849E+05 3.5858E+00 4.5024E+02 7.7102E+01 -1.2963E-01 9.8718E-05
5.7755E+05 -1.7597E+01 3.1597E+02 6.6774E+01 -9.6874E-02 1.0676E-04
4.9361E+05 1.0907E+01 5.5790E+02 1.1502E+02 -1.6731E-01 1.0556E-04
5.9859E+05 1.3506E+02 4.3903E+02 6.9996E+01 -1.0677E-01 9.5788E-05
6.2690E+05 -2.8609E+01 4.4173E+02 7.0941E+01 -8.7005E-02 8.4253E-05
6.8381E+05 1.0398E+01 4.4476E+02 6.6426E+01 -6.5416E-02 4.9982E-05
5.8665E+05 1.5270E+02 4.5771E+02 1.0408E+02 -1.8813E-01 1.3564E-04
6.1822E+05 1.9303E+00 4.7528E+02 8.5620E+01 -7.5504E-02 5.5822E-05
5.5692E+05 3.5257E+00 3.7439E+02 6.4706E+01 -7.5102E-02 8.3775E-05
6.2156E+05 -2.0973E+00 3.5312E+02 7.2798E+01 -9.9035E-02 9.0467E-05
5.2997E+05 -1.1521E+02 3.5297E+02 4.0239E+01 9.5556E-03 9.0725E-06
5.0402E+05 9.6643E+01 5.8020E+02 1.3009E+02 -9.6720E-02 3.2649E-05
5.3955E+05 -2.1747E+01 4.0963E+02 8.3884E+01 -7.8066E-02 7.1607E-05
5.7335E+05 -1.0021E+02 5.1948E+02 5.0876E+01 -3.8202E-03 1.2900E-05
5.7688E+05 -1.1636E+01 4.1051E+02 6.8040E+01 -8.5442E-02 9.8774E-05
4.9299E+05 1.7147E+01 3.1492E+02 8.6301E+01 -1.0071E-01 8.4682E-05
5.3038E+05 6.2420E+01 5.6606E+02 1.0181E+02 -1.1821E-01 8.0507E-05
6.1526E+05 2.1640E+01 5.5016E+02 8.3896E+01 -5.8963E-02 3.2415E-05
6.0129E+05 3.1151E+02 7.4591E+02 1.4620E+02 -1.8612E-01 1.1578E-04
5.7610E+05 -6.5987E+00 3.5965E+02 6.4463E+01 -7.6678E-02 7.6325E-05
5.3557E+05 -2.0766E+01 4.1115E+02 7.6945E+01 5.0983E-04 -1.6359E-05
5.7408E+05 2.3747E+01 3.8402E+02 6.0909E+01 -5.5486E-02 5.7418E-05
6.4586E+05 2.4014E+01 4.2400E+02 6.4738E+01 -6.0759E-02 5.5028E-05
5.3472E+05 6.3327E+00 4.2112E+02 9.9617E+01 -1.0897E-01 7.4870E-05
4.5409E+05 -1.9930E+02 4.2968E+02 2.9953E+01 5.1148E-02 7.6000E-06
5.9019E+05 1.8869E+00 4.0120E+02 7.1599E+01 -6.6062E-02 6.2002E-05
5.0068E+05 1.4780E+02 6.2895E+02 1.2451E+02 -1.0742E-01 5.3692E-05
5.1585E+05 -3.8400E+00 2.9220E+02 7.5690E+01 -1.1974E-01 1.1871E-04
4.6041E+05 -2.7509E+02 4.2308E+02 3.0370E+01 5.9882E-02 -2.9289E-05
6.6476E+05 -2.0237E+01 4.3741E+02 7.5771E+01 -7.3451E-02 6.4639E-05
6.3457E+05 2.9953E+01 2.8894E+02 5.2496E+01 -9.9241E-02 1.2330E-04
6.2669E+05 1.7965E+01 4.7765E+02 8.2514E+01 -8.8974E-02 7.9346E-05
6.0506E+05 -3.1467E+01 4.0686E+02 6.5779E+01 -5.6746E-02 5.6288E-05
5.3885E+05 -8.5718E+00 3.0903E+02 6.2833E+01 -8.1876E-02 9.2708E-05
5.3910E+05 3.9478E+01 3.2232E+02 5.5713E+01 -1.1157E-01 1.3260E-04
5.7309E+05 -1.3253E+02 5.2063E+02 5.4156E+01 -4.2468E-02 4.5948E-05
6.1235E+05 -1.7320E+01 3.9538E+02 7.6421E+01 -8.5339E-02 7.2353E-05
6.3347E+05 9.2055E+01 5.8036E+02 8.9789E+01 -6.2657E-02 3.9814E-05
6.7245E+05 -7.1524E+01 5.5396E+02 5.1649E+01 -3.4950E-02 3.3480E-05
6.6543E+05 2.3726E+01 2.9093E+02 5.1946E+01 -9.0930E-02 1.0151E-04
4.6895E+05 -5.9456E+01 3.7211E+02 5.4974E+01 1.8760E-02 -1.9933E-06
5.7227E+05 -2.8547E+01 4.0617E+02 7.6530E+01 -6.3995E-02 5.4224E-05
5.3334E+05 -6.9353E+00 4.0947E+02 7.3541E+01 -2.7080E-02 2.7169E-05
5.2678E+05 -9.8359E+01 4.1259E+02 5.4575E+01 -2.0136E-02 3.6113E-05
5.7901E+05 4.6778E+01 3.7553E+02 8.9013E+01 -1.6436E-01 1.3133E-04
6.7127E+05 7.7691E+01 3.5812E+02 5.3019E+01 -9.1657E-02 9.3950E-05
5.0835E+05 1.9446E+02 7.3217E+02 1.7588E+02 -2.8716E-01 2.0607E-04
5.4091E+05 9.8840E+01 5.1104E+02 1.1184E+02 -1.6432E-01 1.1529E-04
6.4225E+05 1.1994E+02 4.0619E+02 6.9940E+01 -1.0447E-01 9.6990E-05
5.3852E+05 -1.6061E+01 3.5725E+02 7.1917E+01 -6.6836E-02 5.8613E-05
5.9666E+05 -2.4342E+01 3.6343E+02 6.8721E+01 -5.2744E-02 4.6349E-05
6.1324E+05 -1.6584E+01 3.5168E+02 5.7405E+01 -7.8633E-02 7.9517E-05
7.4979E+05 1.1831E+01 3.1893E+02 4.9928E+01 -7.3765E-02 7.9834E-05