7.4429E+04 -8.0243E+00 3.0253E+02 4.7484E+01 -6.5268E-02 8.1332E-05
5.1713E+04 -1.8758E+01 3.0294E+02 5.0809E+01 2.1274E-02 7.8107E-06
5.4135E+04 5.6992E+01 4.1878E+02 9.0689E+01 -1.5814E-01 1.3716E-04
5.1562E+04 2.2870E+01 4.3749E+02 1.2593E+02 -1.6016E-01 1.5423E-04
6.0742E+04 -3.2937E+01 4.6057E+02 6.7376E+01 -1.0701E-02 4.1527E-07
5.5517E+04 -1.8062E+01 2.1371E+02 5.3289E+01 -1.1779E-01 1.5321E-04
5.9203E+04 2.0311E+01 4.0207E+02 8.5635E+01 -1.1133E-01 9.0509E-05
4.2023E+04 1.5176E+01 2.5265E+02 6.6476E+01 -1.1867E-01 1.6055E-04
5.9662E+04 -1.7245E+02 2.9864E+02 2.8074E+01 -2.1042E-02 5.4407E-05
7.3393E+04 8.7306E+01 4.7241E+02 5.3487E+01 -4.2072E-02 3.9910E-05
5.0011E+04 -2.6586E+00 3.8410E+02 6.7366E+01 1.0146E-01 -7.4361E-05
6.1856E+04 -1.9724E+00 2.7253E+02 7.0199E+01 -1.2496E-01 1.2546E-04
4.2085E+04 -1.2836E+01 4.0707E+02 4.9845E+01 1.6768E-01 -9.5879E-05
4.2641E+04 -2.8573E+02 4.1550E+02 3.4268E+01 -3.7025E-03 1.5213E-09
7.0039E+04 1.3474E+01 3.4891E+02 4.0056E+01 -5.1105E-02 7.3170E-05
6.2013E+04 4.6512E+01 3.2045E+02 8.9781E+01 -1.7149E-01 1.6297E-04
6.2739E+04 7.4570E+01 6.4578E+02 3.3116E+01 -1.7457E-04 8.8912E-06
4.4687E+04 1.3395E+02 4.7913E+02 6.2134E+01 1.4945E-01 -1.2169E-04
6.4328E+04 1.8761E+02 4.4050E+02 9.6218E+01 -2.1114E-01 1.7907E-04
4.9868E+04 -1.2496E+01 3.7925E+02 9.2207E+01 -9.2369E-02 7.2749E-05
5.1790E+04 2.5970E+01 3.6272E+02 1.4066E+02 -2.4310E-01 1.8229E-04
6.2093E+04 3.1879E+01 2.2274E+02 4.4182E+01 -8.7643E-02 1.4864E-04
5.8000E+04 4.5900E+01 2.8151E+02 6.1368E+01 -1.5119E-01 1.8358E-04
6.2608E+04 6.3413E+01 4.0818E+02 6.9961E+01 -1.0993E-01 1.0319E-04
6.1775E+04 -1.6274E+01 3.3153E+02 5.8419E+01 4.1426E-03 2.0202E-08
5.2967E+04 6.3787E+00 2.5825E+02 6.7877E+01 -1.1000E-01 1.2814E-04
6.1714E+04 7.4734E+01 2.9567E+02 4.2060E+01 -8.2992E-02 1.3143E-04
5.2699E+04 1.0045E+01 3.5087E+02 6.6677E+01 -9.7320E-02 1.0945E-04
5.2603E+04 1.1476E+02 4.6753E+02 1.1605E+02 -1.6960E-01 1.5200E-04
5.3947E+04 8.2673E+00 2.6596E+02 5.9589E+01 -7.3364E-02 1.1857E-04
6.1831E+04 -1.2496E+00 3.4727E+02 8.1952E+01 -4.0304E-02 3.9623E-05
7.3864E+04 1.6560E+02 5.9300E+02 8.5880E+01 -5.3063E-02 2.5717E-05
5.8814E+04 -1.6341E+02 1.9617E+02 1.3813E+01 4.0784E-04 6.4635E-05
5.7496E+04 1.6530E+02 4.0176E+02 8.6489E+01 -1.7076E-01 1.6397E-04
4.4562E+04 1.1641E+01 3.7456E+02 5.5858E+01 2.2969E-02 6.0187E-05
5.3993E+04 6.8090E+01 4.8010E+02 9.1111E+01 -5.5078E-02 3.4513E-05
4.3024E+04 6.6727E+01 4.5865E+02 1.4509E+02 -9.9570E-02 3.5225E-05
5.8641E+04 1.6395E+01 2.4698E+02 6.6993E+01 -1.3091E-01 1.5530E-04
6.5222E+04 1.5498E+02 4.5086E+02 6.0812E+01 -8.2772E-02 9.1372E-05
6.5714E+04 1.6172E+02 5.0560E+02 1.1611E+02 -1.6306E-01 1.1349E-04
5.3746E+04 6.5622E+00 2.6021E+02 6.4904E+01 -1.2209E-01 1.5144E-04
6.1303E+04 1.0502E+02 5.1638E+02 6.6862E+01 7.0580E-03 -1.4035E-05
6.2578E+04 7.9688E+01 4.5560E+02 1.2179E+02 -1.9975E-01 1.4796E-04
4.6153E+04 1.3006E+02 5.4205E+02 1.3387E+02 -1.1735E-01 5.0389E-05
5.5912E+04 1.6028E+01 3.4734E+02 8.2747E+01 -9.7134E-02 9.4739E-05
5.6970E+04 -8.8386E+00 3.6867E+02 4.9972E+01 -5.7306E-03 5.3367E-05
7.0911E+04 -2.5936E+01 2.9590E+02 4.7245E+01 -6.7405E-02 7.8684E-05
6.1602E+04 8.1863E+01 4.6976E+02 6.5452E+01 -6.8586E-02 6.7994E-05
5.1044E+04 4.5443E+01 3.0748E+02 6.7004E+01 -9.0565E-02 1.1104E-04
5.9969E+04 -4.1400E+00 3.6527E+02 8.3750E+01 -8.0641E-02 6.7666E-05
5.1671E+04 -8.1582E+00 4.3641E+02 6.7529E+01 -3.1414E-02 2.1022E-05
5.8258E+04 4.5987E+01 5.3462E+02 1.1748E+02 -1.9154E-01 1.4650E-04
5.3035E+04 -2.5983E+01 3.9647E+02 5.3533E+01 2.3298E-02 1.9276E-08
4.9888E+04 1.1749E+01 3.7478E+02 2.9452E+01 3.0294E-02 1.0475E-05
3.4150E+04 2.2654E+01 2.3626E+02 3.7291E+00 4.7274E-01 -4.0580E-04
6.3078E+04 4.1845E+01 4.4649E+02 7.8721E+01 -7.8268E-02 6.6834E-05
3.9841E+04 4.6783E+01 4.4223E+02 1.6377E+02 -3.1399E-01 2.0872E-04
5.1542E+04 3.1839E+01 2.6829E+02 7.6661E+01 -1.1055E-01 1.2284E-04
5.6953E+04 5.7154E+01 4.6605E+02 8.3095E+01 -1.2203E-01 1.1199E-04
5.1824E+04 4.6724E+01 4.6273E+02 5.1247E+01 -5.6447E-02 8.6500E-05
5.4260E+04 3.5444E+01 3.6267E+02 9.6068E+01 -1.5695E-01 1.4151E-04
5.2927E+04 1.0275E+02 5.0652E+02 9.3602E+01 -4.7698E-02 2.9001E-05
5.2073E+04 -5.5421E+01 3.4510E+02 5.9493E+01 -3.9594E-02 5.6579E-05
5.6280E+04 -4.6716E+00 3.2725E+02 6.7761E+01 -1.2968E-01 1.4614E-04
6.1374E+04 2.2565E+01 4.0068E+02 6.3042E+01 -3.6528E-02 5.1856E-05
4.9683E+04 -4.5705E+00 3.3496E+02 1.0485E+02 -1.9301E-01 1.6397E-04
7.1005E+04 8.7211E+01 3.7717E+02 5.8762E+01 -7.1968E-02 7.2414E-05
4.1571E+04 4.8887E+01 4.9165E+02 9.6145E+01 4.9883E-02 -2.5790E-05
5.2788E+04 9.4325E+00 3.3902E+02 6.0038E+01 -1.0302E-01 1.2485E-04
6.1015E+04 -5.2163E+00 4.4718E+02 8.9085E+01 -1.0179E-01 7.4211E-05
5.1829E+04 1.1339E+01 4.3210E+02 9.6082E+01 -9.5871E-02 8.3360E-05
5.5009E+04 -9.9977E+01 3.2727E+02 2.5841E+01 9.9762E-03 4.1331E-05
5.6638E+04 1.5700E+01 3.7901E+02 9.0483E+01 -8.7090E-02 7.9772E-05
5.5725E+04 6.5871E+01 4.3796E+02 1.0941E+02 -1.6659E-01 1.2174E-04
6.1756E+04 3.4118E+01 3.8638E+02 6.5305E+01 -7.3431E-02 7.9123E-05
5.3583E+04 -8.4672E+00 3.4996E+02 7.0939E+01 -1.0438E-01 1.0240E-04
6.9359E+04 2.7740E+00 2.3364E+02 5.4021E+01 -9.9346E-02 1.2570E-04
4.8633E+04 -5.7410E+00 2.1437E+02 4.8554E+01 -1.1331E-01 1.7219E-04
5.1952E+04 5.8040E+01 4.1239E+02 1.3100E+02 -2.6162E-01 2.3758E-04
5.3911E+04 6.0187E+01 3.4218E+02 1.0958E+02 -2.4122E-01 2.0691E-04
6.2435E+04 2.0279E+00 2.9686E+02 7.5843E+01 -1.1986E-01 1.2365E-04
6.4691E+04 1.3049E+01 3.2578E+02 7.2717E+01 -1.3186E-01 1.2790E-04
5.8108E+04 -5.4920E+01 3.0518E+02 5.6788E+01 -5.8594E-02 8.6109E-05
5.3015E+04 2.1694E+02 7.1377E+02 1.1504E+02 -1.3755E-01 8.7924E-05
6.0620E+04 -3.3990E+00 3.1508E+02 5.7208E+01 -9.2983E-02 1.0200E-04
6.5268E+04 4.6500E+01 3.1766E+02 5.8241E+01 -8.6483E-02 1.0121E-04
6.0985E+04 2.5176E+01 2.8261E+02 7.0697E+01 -1.8316E-01 1.9338E-04
5.1070E+04 8.0525E+00 4.3017E+02 1.2101E+02 -1.6591E-01 1.1361E-04
6.2969E+04 -6.3821E+01 4.5038E+02 5.4608E+01 -3.4597E-02 4.2393E-05
4.9543E+04 -5.5889E+01 4.0930E+02 4.6617E+01 -1.3772E-02 3.6154E-05
5.9885E+04 2.1032E+01 3.8442E+02 9.5287E+01 -1.4583E-01 1.2580E-04
6.5545E+04 7.7420E+01 3.4784E+02 7.3295E+01 -1.4016E-01 1.3599E-04
6.0456E+04 5.8244E+01 4.9012E+02 4.8311E+01 -4.1312E-03 2.9149E-05
5.9099E+04 5.4548E+01 3.6729E+02 8.8799E+01 -1.3620E-01 1.2303E-04
5.7290E+04 1.2582E+02 5.3428E+02 1.1373E+02 -1.1105E-01 5.5239E-05
6.2485E+04 8.5520E+00 2.9785E+02 6.2592E+01 -1.0192E-01 1.1731E-04
4.5729E+04 -1.2160E+01 2.3178E+02 4.6204E+01 -8.0767E-02 1.4504E-04
4.9707E+04 9.0760E+01 4.5598E+02 1.1376E+02 -2.0694E-01 1.4936E-04
6.3453E+04 -2.3603E+00 3.4435E+02 6.4656E+01 -5.2454E-02 4.6175E-05
4.5528E+04 7.0380E+01 3.6812E+02 8.5980E+01 -2.7313E-02 2.3868E-05
4.9529E+04 -3.8703E+01 2.4318E+02 3.1045E+01 3.1273E-02 4.0023E-05
5.6445E+04 4.6478E+00 2.2276E+02 3.6307E+01 -5.0070E-02 1.1299E-04
4.5813E+04 -1.7054E+01 3.2877E+02 5.7338E+01 -3.2071E-02 5.5125E-05
5.1450E+04 4.9415E+01 4.2591E+02 9.2872E+01 -1.2940E-01 1.1270E-04
5.6686E+04 -3.7555E+01 4.2306E+02 6.3386E+01 -3.3621E-02 4.6775E-05
6.3522E+04 2.8459E+01 3.7249E+02 5.1946E+01 -7.8140E-02 8.8686E-05
4.7950E+04 8.2897E+00 2.8808E+02 9.5897E+01 -1.1770E-01 9.7475E-05
5.8638E+04 -7.2413E+01 3.6077E+02 5.9835E+01 -9.2687E-02 1.3157E-04
5.7825E+04 9.5972E+01 5.1016E+02 1.1104E+02 -1.5261E-01 1.0980E-04
4.9031E+04 6.6491E+01 3.5179E+02 7.4361E+01 -1.4821E-01 1.5418E-04
6.1068E+04 3.6510E+01 4.4061E+02 1.0848E+02 -1.5720E-01 1.1239E-04
7.1828E+04 -7.3304E+00 4.4102E+02 8.7281E+01 -1.2387E-01 8.6443E-05
5.4239E+04 8.3562E+01 3.2846E+02 5.9795E+01 -7.6376E-02 1.0066E-04
4.5590E+04 1.1893E+02 5.5487E+02 1.3656E+02 -1.7916E-03 -3.6627E-05
4.2052E+04 -1.2322E+02 4.7162E+02 3.0511E+01 1.4292E-01 -1.0223E-04
5.6114E+04 -3.3096E+01 4.1113E+02 7.7856E+01 -9.2529E-02 9.6293E-05
5.9663E+04 -3.6637E+01 3.8594E+02 5.1607E+01 -1.3196E-02 1.5042E-05
6.8597E+04 -5.0975E+01 4.3651E+02 4.6118E+01 -1.8651E-02 2.3531E-05
6.8011E+04 3.2368E+00 3.1921E+02 7.2464E+01 -1.2047E-01 1.0984E-04
4.7390E+04 4.3753E+00 4.2129E+02 1.4047E+02 -1.7965E-01 1.1485E-04
6.3227E+04 -2.1481E+02 3.7801E+02 2.5175E+01 1.7038E-02 1.4444E-05
5.3778E+04 9.4509E+00 3.4801E+02 9.0726E+01 -1.3552E-01 1.1736E-04
4.7168E+04 4.2000E+01 3.3613E+02 9.6986E+01 -1.0885E-01 9.4790E-05
4.9963E+04 5.8604E+01 4.0314E+02 9.3741E+01 -5.7462E-02 5.1928E-05
5.8437E+04 2.3455E+02 6.3599E+02 1.0993E+02 -1.6818E-01 1.1898E-04
4.8701E+04 6.9452E+01 3.1744E+02 8.8525E+01 -2.1354E-01 2.0789E-04
3.8756E+04 2.5025E+01 4.5363E+02 1.3227E+02 -4.6007E-01 7.7100E-04
4.1464E+04 -5.9659E+00 2.7678E+02 8.3708E+01 -1.1051E-01 1.1577E-04
5.0556E+04 3.6748E+01 4.3075E+02 6.8739E+01 -2.3209E-02 5.8820E-05
6.7216E+04 -4.9865E+01 3.6215E+02 6.5240E+01 -5.4287E-02 4.4773E-05
6.3482E+04 1.4628E+01 3.9706E+02 7.7763E+01 -6.6379E-02 6.6798E-05
5.7781E+04 1.5576E+02 5.4531E+02 8.4134E+01 -8.6180E-02 5.6964E-05
5.9450E+04 2.0736E+01 3.7215E+02 1.2006E+02 -2.1686E-01 1.6138E-04
6.3286E+04 5.1768E+01 4.3919E+02 5.8039E+01 -4.2234E-02 3.9902E-05
5.7127E+04 8.6308E+01 4.0574E+02 8.4214E+01 -9.6992E-02 9.3129E-05
5.5828E+04 -2.3196E+00 3.4814E+02 7.1729E+01 -1.0665E-01 1.1253E-04
5.0898E+04 -2.7502E+00 2.2685E+02 5.8996E+01 -1.1385E-01 1.4492E-04
5.7167E+04 1.8420E+02 4.6932E+02 1.1021E+02 -1.9277E-01 1.5907E-04
5.8923E+04 2.3563E+01 3.6811E+02 8.5854E+01 -1.8092E-01 1.6164E-04
4.8816E+04 -1.6399E+01 3.2504E+02 7.9480E+01 -9.6174E-02 1.2002E-04
6.6833E+04 -3.0391E+00 4.2266E+02 6.6010E+01 -5.4737E-02 4.2648E-05
5.1879E+04 2.6391E+01 2.2989E+02 4.9585E+01 -9.7364E-02 1.5717E-04
5.1090E+04 1.7676E+01 2.2506E+02 7.6553E+01 -1.3096E-01 1.5301E-04
6.3375E+04 5.6454E+00 3.1734E+02 6.3917E+01 -1.0534E-01 1.1582E-04
4.2528E+04 1.3482E+01 2.7329E+02 8.5003E+01 -1.5045E-01 1.6195E-04
5.2990E+04 -1.4683E+02 3.1618E+02 2.7315E+01 7.5982E-02 -6.6591E-06
5.2517E+04 2.4608E+01 3.9941E+02 8.6796E+01 -1.1093E-01 9.7350E-05
5.1460E+04 1.7714E+02 6.1651E+02 1.4155E+02 -2.7210E-01 1.7653E-04
5.1875E+04 3.1866E+01 4.8158E+02 1.1693E+02 -1.2060E-01 7.1789E-05
5.9165E+04 1.0655E+02 4.7269E+02 9.0707E+01 -7.8486E-02 5.4104E-05
6.6450E+04 -1.1083E+01 2.8733E+02 6.8877E+01 -1.2941E-01 1.2850E-04
5.9700E+04 4.7806E+01 3.4352E+02 5.8328E+01 -1.0328E-01 1.1708E-04
5.7955E+04 3.1299E+01 3.3152E+02 6.1352E+01 -9.4729E-02 1.1541E-04
6.3862E+04 3.2429E+01 5.0668E+02 1.1795E+02 -1.6252E-01 1.0052E-04
4.9816E+04 2.7216E+01 3.3792E+02 5.0828E+01 2.3254E-02 3.1483E-06
5.3113E+04 7.4281E+01 3.4676E+02 7.0991E+01 -6.6197E-02 7.7539E-05
5.9340E+04 3.4285E+00 4.0248E+02 7.7245E+01 -7.4290E-02 7.3486E-05
6.1336E+04 7.7229E+00 2.4569E+02 5.3943E+01 -1.2318E-01 1.6112E-04
5.3516E+04 -1.8512E+01 2.3069E+02 4.6154E+01 -1.0417E-01 1.5744E-04
4.7441E+04 -7.6574E-01 2.0827E+02 6.1313E+01 -1.3876E-01 1.9278E-04
6.7091E+04 1.3447E+02 6.2842E+02 1.0443E+02 -1.5026E-01 9.0964E-05
6.5801E+04 4.0111E+01 4.2814E+02 9.8328E+01 -1.7782E-01 1.5564E-04
6.0041E+04 -6.7277E+01 2.9854E+02 3.4146E+01 7.6877E-03 2.9073E-05
4.7299E+04 2.1398E+01 2.6493E+02 8.1759E+01 -1.7616E-01 1.9429E-04
6.1064E+04 4.6004E+01 4.8911E+02 1.2199E+02 -1.9306E-01 1.3245E-04
4.7458E+04 6.8268E+01 3.2691E+02 7.7912E+01 -1.2196E-01 1.3345E-04
5.6748E+04 1.6800E+02 6.6623E+02 1.1535E+02 -1.9006E-01 1.2343E-04
4.7865E+04 1.4668E+01 3.6928E+02 7.9551E+01 -3.9060E-02 6.5398E-05
5.7772E+04 1.2622E+02 4.5676E+02 6.4384E+01 -8.5075E-02 7.7914E-05
5.4686E+04 -2.0933E+01 2.3917E+02 3.2505E+01 -1.8146E-02 8.1656E-05
4.7990E+04 1.2240E+02 4.4939E+02 1.1035E+02 -1.6017E-01 1.2283E-04
6.2327E+04 8.2991E+01 4.5359E+02 1.0150E+02 -1.8789E-01 1.7131E-04
6.7138E+04 4.0279E+01 2.7380E+02 5.2783E+01 -9.4698E-02 1.1458E-04
7.4895E+04 1.0146E+02 4.3351E+02 5.6758E+01 -3.2807E-02 2.3432E-05
6.1391E+04 3.6646E+01 4.6348E+02 5.3659E+01 -1.7608E-03 1.1143E-05
5.4568E+04 -2.8883E+00 3.3004E+02 9.1136E+01 -1.1004E-01 9.2288E-05
6.1497E+04 -3.3450E+01 3.0943E+02 5.4129E+01 -4.6027E-02 7.5314E-05
5.7950E+04 3.5696E+01 3.9214E+02 3.2849E+01 3.7876E-02 6.3925E-06
5.8677E+04 2.9226E+01 4.3377E+02 6.2776E+01 -6.0061E-02 8.1830E-05
5.4447E+04 -1.7596E+01 3.3962E+02 7.7430E+01 -1.9515E-01 1.8835E-04
7.5821E+04 -1.8846E+01 2.3493E+02 4.2974E+01 -7.1824E-02 9.7293E-05
5.9412E+04 8.0248E+01 4.5708E+02 1.0208E+02 -1.2513E-01 1.0809E-04
5.7817E+04 3.1335E+01 3.9809E+02 8.9592E+01 -1.0615E-01 8.9447E-05
6.0997E+04 9.2536E+00 2.6440E+02 7.1203E+01 -1.1236E-01 1.2725E-04
5.2417E+04 3.7862E+01 4.9671E+02 1.3163E+02 -2.1979E-01 1.6011E-04
5.3921E+04 6.5284E+01 4.0687E+02 9.6481E+01 -9.7845E-02 7.7017E-05
5.6922E+04 5.0883E+01 5.4643E+02 1.0293E+02 -5.6340E-02 2.5144E-05
5.9604E+04 -5.0094E+01 2.8293E+02 4.3196E+01 -7.8001E-02 1.0580E-04
4.6554E+04 -7.3672E+00 3.4541E+02 4.9311E+01 2.5496E-02 2.2763E-06
6.2945E+04 2.4154E+01 3.9448E+02 9.2368E+01 -1.1207E-01 8.1435E-05
5.8530E+04 -1.8379E+01 5.5107E+02 6.0778E+01 -9.2196E-02 7.3238E-05
4.7621E+04 4.1570E+01 2.8539E+02 6.8945E+01 -1.0648E-01 1.2912E-04
6.1553E+04 1.7384E+00 3.7678E+02 8.7061E+01 -1.0584E-01 8.6721E-05
5.9914E+04 4.5395E+01 3.7862E+02 9.0658E+01 -1.9761E-01 1.6811E-04
4.6754E+04 9.2075E+00 3.0109E+02 8.3709E+01 -8.9131E-02 8.6707E-05
5.4493E+04 -1.2933E+00 3.1725E+02 9.5933E+01 -1.5950E-01 1.3997E-04
5.5417E+04 1.6833E+01 3.3290E+02 9.0497E+01 -1.3458E-01 1.2115E-04
4.3077E+04 -1.1108E+01 2.3668E+02 7.0221E+01 -1.3605E-01 1.5610E-04
7.0847E+04 -9.0441E+01 5.3659E+02 2.6610E+01 -6.2731E-03 1.6259E-05
5.6084E+04 3.0615E+01 4.5547E+02 1.0543E+02 -1.7156E-01 1.3065E-04
4.9012E+04 3.3288E+01 4.3316E+02 1.1711E+02 -2.3251E-01 1.7843E-04
6.2766E+04 -4.7134E+00 2.9795E+02 6.0374E+01 -6.7895E-02 7.7537E-05
5.3419E+04 -1.5210E+01 4.0353E+02 9.2261E+01 -5.6425E-02 4.4889E-05
4.4316E+04 -3.7776E+01 4.3762E+02 8.3780E+01 -8.9965E-02 1.0112E-04
4.9442E+04 -1.7990E+01 3.7251E+02 7.2529E+01 -3.6871E-02 8.6336E-05
5.9390E+04 8.6298E+00 2.9989E+02 6.4043E+01 -5.5464E-02 7.2667E-05
6.5857E+04 4.6204E+01 3.7353E+02 5.9119E+01 -6.0167E-02 7.9474E-05
5.2841E+04 1.0821E+02 4.7774E+02 1.1397E+02 -1.8479E-01 1.3694E-04
6.1915E+04 5.0885E+01 4.5296E+02 9.0716E+01 -1.1014E-01 8.4470E-05
5.2279E+04 -3.2838E+01 3.9377E+02 7.7054E+01 -5.5803E-02 5.5789E-05
5.8192E+04 7.8323E+01 3.8176E+02 7.0167E+01 -1.1108E-01 1.0813E-04
4.9937E+04 -3.3960E+01 3.1413E+02 7.4902E+01 -7.4333E-02 8.3021E-05
5.2320E+04 -4.7421E+01 3.3557E+02 6.5072E+01 -1.0322E-01 1.2353E-04
4.5283E+04 1.4039E+02 4.0040E+02 1.1900E+02 -1.5372E-01 1.0841E-04
5.4875E+04 1.4049E+01 4.1450E+02 9.3240E+01 -7.6511E-02 4.7483E-05
6.9124E+04 2.1669E+01 3.4478E+02 6.7011E+01 -6.4588E-02 6.3699E-05
4.3110E+04 1.5601E+01 3.7595E+02 1.2342E+02 -1.5465E-01 1.1447E-04
6.2527E+04 -5.5048E+01 3.4533E+02 6.0244E+01 -5.1484E-02 4.6571E-05
6.2280E+04 -1.5927E+01 4.0319E+02 8.6976E+01 -8.8050E-02 6.6923E-05
7.3667E+04 -1.4152E+02 4.5215E+02 3.5587E+01 2.7748E-02 -4.5728E-06
6.0745E+04 6.9236E+01 3.1144E+02 6.8962E+01 -1.3676E-01 1.4944E-04
5.9024E+04 9.9649E+00 4.9522E+02 7.7705E+01 -1.0201E-01 9.1368E-05
6.5645E+04 -1.3662E+01 3.8342E+02 6.2398E+01 -9.6748E-02 1.0196E-04
5.1714E+04 3.3744E+01 4.6324E+02 7.5818E+01 -1.7381E-02 4.6729E-05
5.5061E+04 2.0365E+01 3.4485E+02 5.5482E+01 -7.2701E-02 8.5060E-05
5.7945E+04 -8.3928E+01 4.9571E+02 7.5076E+01 -1.1192E-01 9.3488E-05
4.4723E+04 -1.0832E+01 3.8075E+02 1.1084E+02 -8.8490E-02 7.6204E-05
4.9775E+04 4.1638E+01 3.4177E+02 1.0428E+02 -1.4303E-01 1.1700E-04
5.0092E+04 -8.1611E+00 2.2842E+02 5.0931E+01 -1.0294E-01 1.6212E-04
6.5136E+04 -5.8848E+01 4.0964E+02 4.7417E+01 -3.5720E-02 4.4797E-05
5.9147E+04 4.1584E+01 4.2244E+02 1.0534E+02 -1.4545E-01 9.9409E-05
4.8584E+04 1.9681E+02 6.4345E+02 2.1869E+02 -3.2522E-01 1.8493E-04
5.8767E+04 2.8632E+01 2.9246E+02 6.3057E+01 -1.2797E-01 1.4303E-04
5.3501E+04 9.8386E+01 4.2580E+02 7.5237E+01 -1.4657E-02 1.8551E-05
5.7105E+04 -1.6669E+02 4.2095E+02 4.8678E+01 -8.4653E-03 1.8586E-05
6.0564E+04 -1.0411E+00 2.2686E+02 4.5265E+01 -8.3746E-02 1.3162E-04
4.7528E+04 3.6932E+01 4.2651E+02 6.4989E+01 5.6085E-03 4.1982E-05
6.2564E+04 6.1979E+01 4.0702E+02 5.7890E+01 -7.1853E-02 7.5508E-05
6.3237E+04 3.6006E+01 3.7650E+02 8.9332E+01 -1.2017E-01 9.7525E-05
5.8078E+04 6.8785E+01 4.9801E+02 6.8845E+01 -5.7346E-02 8.3200E-05
5.7510E+04 1.2593E+01 4.4755E+02 7.6066E+01 -8.5043E-03 1.9472E-05
4.6131E+04 7.4950E+01 4.9454E+02 1.5782E+02 -1.9481E-01 1.1136E-04
4.6309E+04 3.0799E+01 3.4318E+02 6.7094E+01 -1.0794E-01 1.3732E-04
5.2626E+04 -9.2100E+01 3.4943E+02 5.6974E+01 -7.4771E-04 2.8510E-05
5.4313E+04 -1.9658E+01 4.9654E+02 5.0301E+01 -3.2372E-05 2.5677E-06
5.8330E+04 2.8492E+02 5.1047E+02 1.0803E+02 -2.1967E-01 1.7519E-04
5.4365E+04 -1.0552E+01 2.5727E+02 5.5915E+01 -2.7046E-02 5.6263E-05
6.1889E+04 -3.0349E+01 2.1418E+02 4.2983E+01 -8.2359E-02 1.3008E-04
6.2655E+04 -3.7208E+01 2.8921E+02 3.2352E+01 -2.1922E-02 5.5623E-05
5.7663E+04 9.0152E+01 3.0258E+02 5.6292E+01 -9.5586E-02 1.3067E-04
6.5290E+04 -1.3906E+01 2.5918E+02 5.3397E+01 -7.7288E-02 8.3827E-05
5.5379E+04 -1.9426E+02 6.6750E+02 5.5925E+01 -5.3904E-02 1.6373E-05
6.1858E+04 -4.1570E+01 3.2912E+02 5.4187E+01 -2.8709E-02 4.5177E-05
6.1528E+04 1.6032E+01 4.0253E+02 7.8257E+01 -9.0941E-02 8.2146E-05
6.0607E+04 7.9414E+01 4.6776E+02 1.1202E+02 -1.7843E-01 1.3584E-04
5.0153E+04 1.0860E+01 4.8701E+02 1.2388E+02 -1.2892E-01 7.0698E-05
4.3834E+04 1.3517E+01 3.8299E+02 1.3720E+02 -2.9132E-01 2.3260E-04
4.3312E+04 1.5217E+02 5.3310E+02 5.2734E+02 -1.0377E+00 5.6161E-04
6.3205E+04 1.6340E+01 2.0519E+02 4.3167E+01 -8.7001E-02 1.4985E-04
6.1180E+04 3.2803E+01 2.6223E+02 7.0699E+01 -1.6429E-01 1.8286E-04
5.3585E+04 1.3839E+02 4.7558E+02 1.0990E+02 -1.7558E-01 1.3387E-04
5.8817E+04 9.4283E+01 4.1126E+02 9.3366E+01 -1.2429E-01 1.2004E-04
4.8609E+04 -6.3032E+01 6.0830E+02 9.2984E+01 -1.6073E-01 1.1814E-04
5.4786E+04 1.8323E+01 4.1416E+02 6.5489E+01 -2.9765E-02 3.1470E-05
6.4268E+04 7.0078E+01 5.8290E+02 8.5701E+01 -1.1327E-01 8.3250E-05
6.1505E+04 5.5852E+01 4.1665E+02 7.9317E+01 -5.1439E-02 4.0133E-05
6.0193E+04 9.0503E+01 5.9527E+02 1.0165E+02 -8.6568E-02 4.2758E-05
5.5170E+04 -2.9452E+01 2.9298E+02 5.9887E+01 -1.2037E-01 1.3420E-04
4.4862E+04 4.5844E+01 2.9163E+02 6.5210E+01 -1.0855E-01 1.4308E-04
4.9500E+04 2.2798E+01 4.6811E+02 9.5974E+01 -5.8136E-02 4.1253E-05
4.8823E+04 7.8748E+00 3.0879E+02 7.5032E+01 -1.0047E-01 1.0694E-04
5.1564E+04 3.0725E+01 4.8301E+02 8.7213E+01 -2.3682E-02 2.1898E-05
5.1101E+04 6.6020E+01 6.0179E+02 1.7740E+02 -2.9325E-01 1.8412E-04
6.4869E+04 1.4079E+02 3.3993E+02 7.5240E+01 -1.8297E-01 1.9085E-04
4.8083E+04 2.4203E+01 2.7204E+02 7.2201E+01 -1.6817E-01 1.8877E-04
4.8967E+04 -5.1292E+01 3.2524E+02 6.6112E+01 -1.1145E-01 1.1864E-04
4.7268E+04 7.9738E+00 3.3600E+02 7.5664E+01 -7.0925E-02 8.8143E-05
2.6733E+04 1.2291E+02 3.6202E+02 4.2538E+02 -2.2641E+00 3.1594E-03
4.8792E+04 2.9251E+01 2.9393E+02 8.3981E+01 -1.5503E-01 1.6494E-04
5.2071E+04 -1.5649E+01 2.9648E+02 4.7590E+01 -6.0160E-02 1.3197E-04
5.2028E+04 -8.1729E+00 3.1637E+02 9.2398E+01 -1.3699E-01 1.2321E-04
5.9264E+04 -2.4054E+01 3.6672E+02 7.4718E+01 -9.8173E-02 9.7128E-05
5.5775E+04 -1.8587E+01 2.4604E+02 4.4495E+01 -5.8518E-02 1.0111E-04
5.5079E+04 7.9316E+01 2.8117E+02 4.8123E+01 -7.9248E-02 1.3141E-04
5.2181E+04 -1.6212E+00 3.6675E+02 1.1134E+02 -1.1094E-01 7.8230E-05
5.0594E+04 6.0826E+01 2.9438E+02 8.4185E+01 -1.6881E-01 1.7368E-04
3.9244E+04 -5.3140E+01 4.1338E+02 1.9868E+01 1.1030E-01 -2.7221E-05
5.8062E+04 1.2119E+02 5.0570E+02 1.3794E+02 -2.9077E-01 2.4669E-04
4.7549E+04 -4.9297E+01 5.4497E+02 6.6403E+01 1.6058E-01 -1.5441E-04
5.9650E+04 1.5870E+02 4.9683E+02 6.7083E+01 -7.5983E-02 7.5313E-05
6.6666E+04 5.0051E+01 4.5330E+02 8.0958E+01 -4.5283E-02 3.4152E-05
5.9581E+04 9.7329E+01 4.5899E+02 1.0210E+02 -1.1027E-01 7.3507E-05
4.0513E+04 -4.0854E+01 3.0959E+02 6.8667E+01 -1.0708E-01 1.2943E-04
5.7282E+04 -1.8416E+01 2.2758E+02 5.4237E+01 -1.2825E-01 1.7232E-04
4.8930E+04 1.5039E+01 3.4854E+02 1.0533E+02 -1.8935E-01 1.8043E-04
6.8921E+04 2.0668E+02 6.0507E+02 1.4697E+02 -2.5285E-01 1.6689E-04
4.3699E+04 4.9529E+01 4.7775E+02 7.8711E+01 4.9045E-04 4.4278E-06
6.8623E+04 9.9370E+01 4.2582E+02 7.0592E+01 -8.2203E-02 7.7713E-05
7.2417E+04 8.4761E+00 3.4265E+02 4.2389E+01 -6.2374E-02 7.8969E-05
4.8576E+04 1.4408E+01 2.5120E+02 4.6877E+01 -5.8600E-02 1.1579E-04
4.0250E+04 2.8308E+01 4.8316E+02 1.7689E+02 -3.2464E-01 2.6101E-04
5.7234E+04 1.1696E+02 4.5915E+02 8.2311E+01 -1.1668E-01 1.0990E-04
6.0682E+04 -2.9910E+01 4.3490E+02 7.3205E+01 -4.8717E-02 3.5420E-05
5.5828E+04 6.3405E+01 3.4038E+02 9.0555E+01 -1.1187E-01 8.9282E-05
5.9088E+04 5.1080E+01 3.1772E+02 9.9126E+01 -2.0514E-01 1.8276E-04
5.0072E+04 6.6867E+01 4.0407E+02 1.0533E+02 -1.4383E-01 1.1276E-04
4.8205E+04 -3.1973E+01 2.4567E+02 5.3895E+01 -8.3236E-02 1.2043E-04
5.7635E+04 -3.9196E+01 3.3818E+02 7.3755E+01 -7.9316E-02 7.5630E-05
5.1628E+04 6.1428E+00 2.2810E+02 5.7068E+01 -1.2773E-01 1.7625E-04
6.1295E+04 2.0219E+02 4.8476E+02 8.5048E+01 -1.7397E-01 1.4797E-04
5.1666E+04 -4.8859E+00 2.6024E+02 5.3986E+01 -6.2669E-02 1.0622E-04
3.5359E+04 -1.0954E+00 3.2105E+02 1.6786E+01 4.5633E-01 -3.6161E-04
6.2825E+04 -8.1001E-02 3.2167E+02 8.0132E+01 -1.1607E-01 1.0465E-04
6.0861E+04 4.5302E+01 3.4585E+02 8.3330E+01 -1.4522E-01 1.2417E-04
4.3977E+04 7.9167E+01 4.3921E+02 1.2740E+02 -1.0581E-01 7.1016E-05
4.4064E+04 1.7071E+01 3.0486E+02 1.0533E+02 -1.9053E-01 1.7114E-04
5.8603E+04 5.0744E+01 3.7767E+02 8.4983E+01 -1.0669E-01 1.0537E-04
5.9097E+04 1.2749E+01 3.1567E+02 7.2837E+01 -9.8625E-02 1.0046E-04
6.0361E+04 -1.0946E+02 2.3588E+02 2.0523E+01 -3.5039E-02 9.5841E-05
4.8981E+04 1.5613E+01 2.4681E+02 7.8733E+01 -1.8584E-01 2.0172E-04
5.8774E+04 4.7117E+01 5.0898E+02 7.1547E+01 -7.3259E-02 5.7803E-05
5.3979E+04 5.8552E+00 2.4394E+02 6.0497E+01 -1.0336E-01 1.3813E-04
5.5757E+04 2.0207E+02 6.0546E+02 1.5208E+02 -1.8606E-01 1.0075E-04
5.8708E+04 8.3099E+01 3.3797E+02 5.0787E+01 -4.7364E-02 7.6968E-05
4.8762E+04 -7.2206E+00 2.6929E+02 9.5528E+01 -1.9462E-01 1.8343E-04
5.9137E+04 3.5269E+01 3.1493E+02 4.9665E+01 -8.7000E-02 1.1045E-04
5.4462E+04 -3.9879E+01 3.0373E+02 4.8208E+01 -8.1600E-02 9.8855E-05
6.9967E+04 1.3057E+00 2.7170E+02 3.6518E+01 -7.1504E-02 1.1848E-04
5.5261E+04 3.6045E+01 3.7788E+02 6.8670E+01 -8.2487E-02 9.0827E-05
5.6349E+04 2.9232E+01 4.5881E+02 7.3345E+01 -5.5642E-02 5.8955E-05
5.5850E+04 -2.7458E+01 2.8912E+02 6.4769E+01 -1.1416E-01 1.2385E-04
7.6518E+04 1.3854E+00 3.5188E+02 6.3607E+01 -9.5753E-02 8.1624E-05
5.4202E+04 -2.2986E+01 3.3187E+02 4.0209E+01 -9.4918E-03 4.1070E-05
2.6190E+04 8.3967E+01 4.9199E+02 8.0644E+02 -1.6911E+00 9.6503E-04
5.9241E+04 4.4938E+01 3.9838E+02 1.1027E+02 -2.6533E-01 2.7454E-04
5.7475E+04 -9.3658E+00 2.7039E+02 6.9413E+01 -1.0986E-01 1.3830E-04
5.2371E+04 2.3782E+02 6.0816E+02 9.9264E+01 -9.3173E-02 8.3116E-05
5.6218E+04 1.7589E+01 2.4505E+02 6.6208E+01 -1.2129E-01 1.6359E-04
7.5930E+08 1.2513E+02 4.5837E+05 3.2666E+05 -1.6986E+02 7.8767E-02
5.1903E+04 1.3405E+00 3.6239E+02 8.5401E+01 -1.4287E-01 1.3548E-04
5.7925E+04 9.5425E+00 2.4708E+02 6.5364E+01 -1.3390E-01 1.5883E-04
5.1334E+04 1.1710E+01 2.8179E+02 7.7625E+01 -1.0823E-01 1.1844E-04
4.6314E+04 3.9147E+00 3.4468E+02 1.0616E+02 -2.2183E-01 1.9575E-04
5.4287E+04 5.3251E+01 4.3125E+02 1.0489E+02 -1.3576E-01 1.1547E-04
6.4013E+04 7.8936E+01 3.3331E+02 7.6323E+01 -1.6369E-01 1.6331E-04
5.5561E+04 -2.4860E+00 3.7760E+02 7.0857E+01 -9.0919E-02 9.3536E-05
4.4668E+04 -9.8552E+00 3.3660E+02 9.1289E+01 1.4719E-02 -1.7519E-05
5.1566E+04 -8.1107E+01 2.2108E+02 1.7208E+01 4.2107E-02 2.2790E-05
4.6746E+04 5.2649E+01 4.0353E+02 1.1658E+02 -1.6817E-01 1.7519E-04
5.0721E+04 -5.8170E+00 2.7300E+02 6.5174E+01 -1.1615E-01 1.5070E-04
6.9436E+04 2.0465E+02 5.5964E+02 1.0541E+02 -1.1515E-01 8.1353E-05
5.6456E+04 1.0106E+02 4.7661E+02 9.1404E+01 -4.4920E-02 2.5648E-05
5.6386E+04 3.5073E+01 4.3269E+02 8.3060E+01 -7.3483E-02 6.3388E-05
5.9400E+04 2.8048E+01 2.6104E+02 3.2618E+01 8.8048E-03 4.4714E-05
5.9156E+04 3.3413E+01 4.0158E+02 1.0159E+02 -1.1973E-01 8.5669E-05
5.4049E+04 1.3233E+01 3.2014E+02 6.9249E+01 -6.8459E-02 9.8619E-05
4.9597E+04 1.1751E+01 4.4491E+02 1.3105E+02 -1.3919E-01 8.5354E-05
5.7507E+04 4.0955E+01 3.8997E+02 8.0713E+01 -1.2860E-01 1.1595E-04
4.0533E+04 3.3585E+01 3.5216E+02 1.5569E+02 -3.6925E-01 2.9946E-04
4.5535E+04 2.6266E+01 3.4011E+02 1.0367E+02 -1.8337E-01 1.6273E-04
5.6778E+04 2.9606E+02 6.3025E+02 1.2642E+02 -1.6602E-01 1.0174E-04
4.3525E+04 -1.0161E+01 4.6925E+02 1.3958E+02 -2.0126E-01 1.3144E-04
6.5592E+04 1.4909E+02 4.8718E+02 9.5981E+01 -1.3292E-01 1.0815E-04
7.1846E+04 5.1863E+01 4.3448E+02 8.2487E+01 -7.6482E-02 4.6632E-05
6.7084E+04 1.4493E+02 5.0655E+02 9.3774E+01 -1.3263E-01 1.0293E-04
4.8146E+04 -6.2791E+01 4.2307E+02 4.7374E+01 9.8866E-03 4.7499E-05
4.0175E+04 1.1072E+02 4.6875E+02 8.7572E+01 3.1099E-02 -3.1803E-05
4.8641E+04 -3.4831E+01 4.5319E+02 8.1469E+01 5.9040E-02 -5.7357E-05
5.3686E+04 4.7942E+01 4.2600E+02 9.5352E+01 -4.2847E-02 4.6585E-05
5.0644E+04 2.9009E+01 2.9419E+02 4.9320E+01 -9.0833E-02 1.3691E-04
5.6297E+04 -1.3387E+00 2.4702E+02 4.8327E+01 -9.3011E-02 1.3840E-04
6.5047E+04 -5.7739E+00 2.8437E+02 6.1741E+01 -1.0103E-01 1.1034E-04
6.0996E+04 -7.8948E+00 4.6487E+02 5.6343E+01 -1.6970E-02 2.2202E-05
5.3775E+04 4.8018E+01 2.5024E+02 6.4888E+01 -1.3910E-01 1.7425E-04
5.8920E+04 6.3085E+01 2.9677E+02 7.8425E+01 -1.8696E-01 1.9255E-04
4.6239E+04 -2.2132E+01 3.9746E+02 6.4635E+01 -3.7073E-03 7.7238E-06
4.6180E+04 2.0766E+02 8.7344E+02 1.1982E+03 -3.1024E+00 2.0677E-03
6.0111E+04 3.2057E+01 3.5286E+02 6.9994E+01 -8.9263E-02 1.0962E-04
4.9947E+04 1.7453E+01 4.3443E+02 1.4554E+02 -1.8040E-01 1.1180E-04
4.1687E+04 -1.1711E+01 2.5068E+02 6.4125E+01 -8.6976E-02 1.2484E-04
5.1958E+04 1.1253E+02 4.6126E+02 1.1295E+02 -1.3936E-01 9.9575E-05
5.7777E+04 3.7439E+01 4.3430E+02 3.2936E+01 -5.1785E-02 7.7062E-05
5.7025E+04 -4.0060E+00 4.2763E+02 9.8595E+01 -1.0603E-01 7.0423E-05
5.1148E+04 -2.7910E+02 3.0976E+02 1.5100E+01 2.7636E-02 8.2819E-06
4.6199E+04 5.2185E+01 5.0310E+02 9.9913E+01 -2.2255E-01 3.0857E-04
4.7441E+04 1.1453E+01 3.7631E+02 8.6471E+01 -1.2756E-01 1.2111E-04
3.8770E+04 -2.6908E+00 2.5494E+02 6.6857E+01 -1.5268E-01 1.8378E-04
3.7062E+04 3.5929E+02 7.7931E+02 1.0607E+02 3.3089E-05 -5.0417E-06
5.9873E+04 -1.1206E+01 2.3299E+02 6.0365E+01 -1.2782E-01 1.5352E-04
4.2326E+04 2.8904E+01 3.4590E+02 1.2696E+02 -1.0548E-01 6.8068E-05
5.0488E+04 6.2025E+01 4.6956E+02 7.3537E-01 3.1394E-01 -2.1611E-04
5.4712E+04 8.7817E+01 4.2270E+02 5.4808E+01 -4.0579E-02 5.9449E-05
4.3232E+04 -2.0721E+02 3.3408E+02 2.1218E+01 6.8947E-02 -2.0621E-05
4.9183E+04 -3.3567E+01 2.9571E+02 6.5505E+01 -1.8028E-02 3.1100E-05
6.4258E+04 1.4693E+02 5.8687E+02 9.9064E+01 -1.4030E-01 9.9843E-05
4.0223E+04 -1.5191E+02 4.1580E+02 3.2601E+01 8.9174E-02 1.4427E-05
4.8985E+04 7.1389E+00 2.6149E+02 6.3743E+01 -8.4236E-02 1.1509E-04
6.2498E+04 1.8509E+02 8.1732E+02 3.1247E+01 -1.8325E-03 1.3179E-05
5.1346E+04 6.5694E+01 3.1587E+02 8.3300E+01 -1.5016E-01 1.4808E-04
4.6513E+04 -1.5402E+00 3.1303E+02 9.2371E+01 -8.5856E-02 7.9912E-05
4.3352E+04 4.5949E+01 4.3075E+02 1.1032E+02 -1.6172E-01 1.2783E-04
6.2405E+04 1.4970E+02 4.1164E+02 4.8862E+01 -8.4677E-02 1.1063E-04
6.9650E+04 5.2407E+01 4.0443E+02 5.7134E+01 -7.4158E-02 7.0031E-05
5.4787E+04 3.5311E+01 4.1244E+02 1.0575E+02 -1.1921E-01 8.4433E-05
6.0184E+04 4.5663E+01 5.0665E+02 9.8415E+01 -1.6654E-01 1.2726E-04
6.1926E+04 1.1802E+02 4.5917E+02 9.7232E+01 -1.2958E-01 9.4438E-05
4.8246E+04 -2.9716E+01 3.1624E+02 6.9993E+01 -1.0753E-01 1.2356E-04
6.9499E+04 4.4201E+01 4.2542E+02 9.4141E+01 -1.4947E-01 1.1458E-04
4.2705E+04 -4.8048E+01 3.0488E+02 6.5628E+01 -8.5996E-02 1.0406E-04
5.6957E+04 6.1793E+00 3.1946E+02 8.5302E+01 -1.0490E-01 9.0450E-05
4.2547E+04 2.4402E+00 3.9642E+02 6.0813E+01 1.6305E-02 2.7842E-06
5.5218E+04 -2.4263E+01 2.6833E+02 5.1123E+01 -3.0620E-02 6.5113E-05
5.5254E+04 6.5755E+01 3.8734E+02 1.0373E+02 -1.7348E-01 1.4510E-04
3.6222E+04 -2.7644E+01 3.2402E+02 6.1453E+01 2.2547E-01 -1.5858E-04
6.2198E+04 -2.7066E+00 3.2476E+02 7.6221E+01 -1.0988E-01 1.1515E-04
5.4500E+04 3.9020E+01 3.0777E+02 7.0523E+01 -1.4300E-01 1.5043E-04
6.0660E+04 6.7319E+01 4.4654E+02 5.7790E+01 -4.4873E-02 5.6033E-05
4.1453E+04 1.6267E+02 6.4607E+02 5.5590E+02 -1.0437E+00 5.5013E-04
5.9169E+04 -3.2045E+01 4.2217E+02 7.1868E+01 -3.7342E-02 4.2137E-05
5.2804E+04 4.1085E+01 4.1537E+02 8.0004E+01 -1.2071E-01 1.2972E-04
6.0368E+04 8.1265E+00 2.7612E+02 6.1253E+01 -1.2513E-01 1.4689E-04
6.3342E+04 -5.7223E+01 5.8937E+02 1.0599E+02 -2.0861E-01 1.4687E-04
5.6122E+04 1.8509E+01 2.4916E+02 6.2258E+01 -1.3486E-01 1.7951E-04
5.9482E+04 2.0800E+02 4.9321E+02 7.2563E+01 -1.4217E-01 1.3682E-04
5.7127E+04 2.3286E+01 2.6842E+02 8.5519E+01 -1.4201E-01 1.3587E-04
4.5969E+04 1.3850E+01 2.4187E+02 7.2365E+01 -1.6824E-01 2.0507E-04
6.1247E+04 2.7350E+01 4.1065E+02 1.0084E+02 -1.3365E-01 1.0076E-04
5.2754E+04 3.3086E+01 2.3957E+02 6.6853E+01 -1.3129E-01 1.7984E-04
6.6646E+04 4.0587E+01 3.0256E+02 7.0605E+01 -1.6035E-01 1.6660E-04
5.7253E+04 -2.9063E+02 4.9247E+02 2.4464E+01 -1.8341E-02 3.7986E-05
5.8056E+04 1.1000E+02 3.7251E+02 1.0415E+02 -1.9448E-01 1.5587E-04
4.9474E+04 4.1485E+00 2.8995E+02 5.9089E+01 -9.7882E-02 1.2338E-04
4.8923E+04 -1.0256E+01 4.5646E+02 1.0943E+02 -1.2493E-01 9.5677E-05
6.5054E+04 6.2193E+01 4.7525E+02 7.5894E+01 -7.4265E-02 6.2546E-05
4.9086E+04 1.9695E+01 3.2599E+02 6.7761E+01 -1.0561E-01 1.3823E-04
5.5871E+04 5.2597E+00 2.4966E+02 5.7812E+01 -1.1151E-01 1.5591E-04
5.4233E+04 5.4992E+00 3.7350E+02 6.5912E+01 -6.6742E-02 8.8818E-05
4.9688E+04 1.5285E+01 3.7807E+02 8.2937E+01 -9.9639E-02 8.6120E-05
5.4008E+04 6.5575E+01 3.1313E+02 6.5907E+01 -1.1834E-01 1.4648E-04
5.7898E+04 -2.1795E+01 2.9059E+02 8.1591E+01 -1.3619E-01 1.2903E-04
5.3298E+04 6.0117E+01 2.8006E+02 6.9660E+01 -1.6733E-01 1.9820E-04
6.3485E+04 1.0591E+02 4.8835E+02 6.0115E+01 -4.5932E-02 5.8533E-05
5.1952E+04 1.4771E+01 2.3960E+02 6.0336E+01 -1.2174E-01 1.6551E-04
5.3071E+04 -5.3566E+00 3.1615E+02 7.4038E+01 -6.3930E-02 8.2177E-05
6.9831E+04 -9.3953E+00 2.8545E+02 4.7484E+01 -8.8021E-02 1.1093E-04
5.5824E+04 -1.7901E+00 5.4630E+02 9.1752E+01 -1.6676E-01 1.2726E-04
5.3755E+04 5.5567E+00 3.2116E+02 8.6329E+01 -1.2085E-01 1.1790E-04
6.3278E+04 1.0484E+02 4.1723E+02 8.4322E+01 -1.3822E-01 1.1627E-04
6.2286E+04 2.2868E+01 3.5068E+02 6.6843E+01 -6.6677E-02 6.6275E-05
5.3291E+04 -3.4077E+01 4.0715E+02 6.7408E+01 -7.5214E-02 9.2267E-05
5.1404E+04 1.6824E+02 4.9769E+02 6.8575E+01 -6.8575E-05 7.8404E-06
5.9980E+04 1.1293E+01 2.6807E+02 5.2713E+01 -1.3153E-01 1.6460E-04
5.4254E+04 -2.1766E+02 3.0438E+02 1.8081E+01 5.3164E-02 5.3752E-06
5.9511E+04 4.4363E+01 4.2062E+02 8.5317E+01 -6.0661E-02 4.8195E-05
6.0471E+04 4.3766E+00 4.1443E+02 9.4412E+01 -9.5122E-02 6.6028E-05
5.8373E+04 -3.6858E+01 2.1396E+02 3.9471E+01 -6.8807E-02 1.2140E-04
6.6716E+04 -4.6399E+01 2.5381E+02 3.4591E+01 -2.3239E-02 6.2089E-05
5.5315E+04 2.7142E+01 3.9886E+02 8.6961E+01 -1.7250E-01 1.9591E-04
6.1976E+04 4.0122E+01 4.0430E+02 7.5343E+01 -9.5986E-02 9.3293E-05
6.2939E+04 1.2842E+02 5.1898E+02 9.8822E+01 -1.2588E-01 8.7982E-05
4.9059E+04 -4.9508E+01 3.9304E+02 5.1338E+01 -4.6693E-02 1.2460E-04
5.0544E+04 -3.2873E+01 3.5076E+02 6.6205E+01 -9.0291E-02 9.5521E-05
5.4350E+04 -2.0787E+01 2.0760E+02 3.9081E+01 -8.2424E-02 1.3824E-04
5.0110E+04 1.3109E+02 5.5057E+02 1.7207E+02 -2.9682E-01 1.9031E-04
4.4828E+04 1.3883E+01 4.0157E+02 1.4873E+02 -2.0900E-01 1.2467E-04
5.2934E+04 4.1829E+01 3.7768E+02 1.0042E+02 -1.0016E-01 7.7759E-05
5.4168E+04 5.4199E+01 3.9735E+02 9.8397E+01 -1.2280E-01 1.2652E-04
5.6616E+04 -3.3687E+02 4.3881E+02 2.7728E+01 -5.2461E-03 2.7849E-05
5.8261E+04 1.2173E+01 3.8032E+02 9.1012E+01 -8.4387E-02 5.7164E-05
5.5585E+04 -1.0748E+01 5.3723E+02 2.6545E+01 1.3268E-02 2.2221E-05
4.0655E+04 8.8211E+01 4.2259E+02 7.0547E+01 -3.6465E-02 4.1388E-05
4.9123E+04 2.9614E+00 3.4916E+02 1.0732E+02 -1.5854E-01 1.5856E-04
6.2678E+04 1.9552E+01 3.2870E+02 5.4384E+01 -6.7035E-02 8.5339E-05
6.4367E+04 2.7389E+01 4.3340E+02 6.3509E+01 -6.3136E-02 6.0423E-05
5.2170E+04 -8.1274E+00 2.4171E+02 1.6594E+01 5.2499E-03 8.8749E-05
6.0183E+04 7.8923E+00 3.1851E+02 6.3487E+01 -9.9490E-02 1.1488E-04
4.4507E+04 -4.4258E+00 4.7882E+02 8.8246E+01 -1.5772E-01 1.4540E-04
6.5269E+04 5.3349E+01 4.7329E+02 5.9019E+01 2.0818E-05 1.8028E-06
6.0077E+04 -2.5195E+01 2.8631E+02 7.0363E+01 -1.2959E-01 1.3822E-04
6.4248E+04 -2.3437E+01 2.7354E+02 3.7241E+01 -2.9533E-02 6.5038E-05
6.1995E+04 -4.4841E+01 3.5424E+02 7.8317E+01 -1.0636E-01 8.8982E-05
4.3532E+04 1.0613E+02 6.0467E+02 1.6874E+02 -2.0795E-01 1.0949E-04
5.9662E+04 5.2233E+01 3.5698E+02 6.8930E+01 -7.5222E-02 8.5387E-05
4.9090E+04 3.4878E+01 4.7184E+02 1.4899E+02 -2.4112E-01 1.7297E-04
4.9311E+04 -2.9611E+01 2.1357E+02 4.4513E+01 -7.2736E-02 1.1566E-04
6.6410E+04 1.5727E+01 3.8329E+02 7.6691E+01 -7.8898E-02 6.6504E-05
4.8365E+04 1.5762E+00 3.5964E+02 1.1666E+02 -1.3010E-01 1.1715E-04
4.8758E+04 6.8032E+00 3.1132E+02 6.4032E+01 -1.1478E-01 1.3354E-04
4.8048E+04 -5.1993E+01 2.4289E+02 3.8593E+01 -3.0341E-02 8.3557E-05
5.8486E+04 4.1783E+01 3.3468E+02 7.2547E+01 -1.1618E-01 1.1982E-04
5.6382E+04 -2.2963E+01 3.0830E+02 6.4869E+01 -3.1036E-02 3.5743E-05
6.2162E+04 1.2397E+01 4.1662E+02 6.9152E+01 -8.2833E-02 7.7579E-05
4.5847E+04 -1.8509E+02 3.5953E+02 3.4899E+01 -4.6187E-02 1.1228E-04
6.7404E+04 -5.3934E+01 3.5125E+02 4.5777E+01 -5.9693E-02 7.2371E-05
3.4614E+04 1.4794E+01 5.0835E+02 7.6215E+01 2.3666E-01 -1.7951E-04
4.8308E+04 -2.0044E+02 4.8540E+02 2.3690E+01 6.6478E-02 -1.8376E-05
5.5640E+04 2.2874E+01 3.0078E+02 8.2843E+01 -1.5613E-01 1.5346E-04
4.6469E+04 3.6314E+01 4.2142E+02 6.4391E+01 -5.9849E-03 5.5515E-05
5.0918E+04 1.1782E+01 3.5933E+02 6.8304E+01 -1.2629E-01 1.3261E-04
5.2597E+04 5.9698E+00 2.4807E+02 7.1665E+01 -1.4349E-01 1.7440E-04
5.5513E+04 5.4180E+01 3.0406E+02 6.9284E+01 -1.3549E-01 1.5470E-04
5.6949E+04 3.3453E+01 4.2169E+02 4.2826E+01 -8.6648E-03 3.4598E-05
5.3869E+04 -1.1533E+01 4.0878E+02 9.8609E+01 -7.8659E-02 5.7376E-05
5.1539E+04 -8.0280E+00 3.6026E+02 9.4095E+01 -1.2133E-01 9.8873E-05
4.7193E+04 5.2276E+01 2.8617E+02 1.1415E+02 -3.1736E-01 3.5208E-04
4.3157E+04 3.1194E+02 8.6472E+02 1.0603E+03 -2.2778E+00 1.2373E-03
6.7717E+04 -4.2991E+00 3.4986E+02 6.9191E+01 -8.6495E-02 8.0688E-05
4.8322E+04 7.8752E+01 3.8740E+02 1.2075E+02 -1.6560E-01 1.1593E-04
4.4746E+04 2.4367E+01 3.4588E+02 4.2716E+01 -5.3525E-02 1.2548E-04
4.6446E+04 -2.8524E+01 2.5622E+02 6.0737E+01 -8.5018E-02 1.1949E-04
6.0109E+04 -1.6048E+01 3.3879E+02 7.6536E+01 -5.9028E-02 6.2281E-05
8.6638E+04 1.1309E+01 3.1199E+02 3.9163E+01 -5.2694E-02 6.5817E-05
5.3020E+04 1.4029E+02 6.2999E+02 1.6299E+00 1.6791E-01 -8.2168E-05
4.9990E+04 1.9953E+00 2.6157E+02 4.9940E+01 -6.7653E-02 1.0274E-04
6.2509E+04 2.6802E+01 2.8588E+02 5.3125E+01 -1.0919E-01 1.4250E-04
5.2854E+04 8.4306E+01 5.7226E+02 9.9654E+01 -8.7137E-02 5.1068E-05
5.5876E+04 6.5600E+00 3.9008E+02 9.7586E+01 -7.7476E-02 5.0838E-05
5.2708E+04 -2.2782E+01 2.2960E+02 4.2862E+01 3.3563E-03 4.8584E-05
7.1719E+04 1.5841E+01 3.0958E+02 6.0697E+01 -1.1980E-01 1.2253E-04
4.9542E+04 2.9892E+00 3.5228E+02 1.0613E+02 -1.4731E-01 1.2688E-04
5.1810E+04 3.1771E+01 3.6406E+02 1.4577E+02 -2.7185E-01 1.8935E-04
7.0597E+04 -1.3671E+02 6.0752E+02 3.0612E+01 -1.6291E-02 2.4705E-05
5.3866E+04 -2.5546E+01 3.0208E+02 6.9202E+01 -7.9468E-02 8.1810E-05
5.2339E+04 8.1097E+01 4.0162E+02 9.5141E+01 -1.5936E-01 1.9046E-04
5.8195E+04 2.9958E+02 6.3822E+02 1.1271E+02 -1.8425E-01 1.3796E-04
5.8927E+04 -4.9624E+01 3.4138E+02 5.5495E+01 -3.1262E-02 4.5261E-05
5.1305E+04 1.4252E+01 2.2968E+02 4.9181E+01 -1.0168E-01 1.6261E-04
4.9304E+04 -4.3583E+00 3.4019E+02 9.2432E+01 -1.8616E-01 1.6900E-04
6.2867E+04 5.9784E+00 3.1040E+02 7.3056E+01 -1.2181E-01 1.1741E-04
5.6460E+04 -7.3167E+00 3.9952E+02 1.0467E+02 -1.5873E-01 1.2267E-04
5.5000E+04 -2.7166E+01 4.3419E+02 4.8797E+01 -2.5067E-02 4.5931E-05
6.0932E+04 6.8924E+01 5.6016E+02 2.1009E+01 5.0649E-02 -9.4732E-06
5.2430E+04 3.1523E+01 4.1561E+02 9.6231E+01 -1.0658E-01 1.0039E-04
5.0994E+04 -2.4232E+00 2.9721E+02 9.5464E+01 -1.5151E-01 1.3936E-04
6.0617E+04 6.0688E+01 4.5200E+02 1.0686E+02 -1.1659E-01 8.1515E-05
5.4047E+04 3.1311E+01 3.3513E+02 1.0217E+02 -1.6300E-01 1.5054E-04
6.0541E+04 1.3790E+02 4.4398E+02 8.3788E+01 -1.1566E-01 9.7416E-05
5.1123E+04 -2.9956E+00 2.6286E+02 5.7617E+01 -4.7844E-02 9.0702E-05
5.2505E+04 2.4741E+01 3.4943E+02 5.6666E+01 -4.9112E-02 8.2101E-05
5.4834E+04 -2.3500E+01 2.5916E+02 4.7108E+01 -5.7789E-02 1.2054E-04
5.3339E+04 -1.1318E+02 3.2414E+02 1.5775E+01 3.6462E-02 2.4275E-05
5.7314E+04 1.9898E+01 2.8582E+02 7.3318E+01 -1.2756E-01 1.4023E-04
5.2479E+04 2.5465E+01 3.3393E+02 7.6168E+01 -1.3466E-01 1.5104E-04
5.7112E+04 -4.7933E+01 2.5730E+02 4.3336E+01 -8.6039E-02 1.1919E-04
4.9902E+04 8.4340E+01 4.6966E+02 1.0039E+02 -7.7670E-02 7.2947E-05
5.3319E+04 1.7681E+01 3.5655E+02 9.9134E+01 -9.8027E-02 7.5010E-05
4.8948E+04 3.5529E+01 2.6063E+02 6.7221E+01 -1.2428E-01 1.6105E-04
5.0363E+04 -1.1914E+02 2.3663E+02 1.5491E+01 8.3549E-02 -1.7950E-05
4.9059E+04 7.7360E+00 3.8734E+02 7.0940E+01 -5.2596E-02 6.7689E-05
6.0838E+04 -1.4591E+01 2.1445E+02 5.1247E+01 -1.1853E-01 1.7292E-04
4.8100E+04 -1.4981E+01 2.7535E+02 6.5197E+01 -1.0228E-01 1.2651E-04
4.8479E+04 -8.3793E+01 3.7773E+02 4.8353E+01 -1.7482E-02 5.5637E-05
5.2341E+04 1.5334E+02 5.6257E+02 9.5815E+01 -7.3239E-02 4.6366E-05
5.2424E+04 5.5128E+01 4.1903E+02 7.5814E+01 -5.6582E-02 6.4499E-05
6.1099E+04 -1.2257E+01 3.7828E+02 7.0692E+01 -7.2122E-02 7.9335E-05
5.6215E+04 4.6394E+01 4.6320E+02 9.4127E+01 -8.8096E-02 6.1639E-05
5.7187E+04 5.2235E+01 4.7301E+02 8.7340E+01 -1.1584E-01 9.8561E-05
5.9865E+04 5.1827E+01 3.4287E+02 7.2692E+01 -1.0104E-01 1.0574E-04
6.2445E+04 1.3719E+02 7.7608E+02 2.3400E+02 -4.6464E-01 2.7965E-04
6.0984E+04 -6.0254E+00 2.5557E+02 5.4715E+01 -7.6791E-02 1.1664E-04
5.8924E+04 1.3821E+02 5.8723E+02 1.2647E+02 -1.3551E-01 7.0975E-05
4.6932E+04 1.2365E+01 2.5979E+02 8.3168E+01 -1.8982E-01 1.9279E-04
6.9722E+04 -1.7026E+01 2.3901E+02 3.8104E+01 -8.4283E-02 1.3021E-04
4.7021E+04 2.2060E+02 5.2524E+02 1.5536E+02 -3.2354E-01 2.5563E-04
4.3420E+04 -3.2249E+01 2.7988E+02 3.2182E+01 3.5409E-02 2.2426E-05
4.6616E+04 3.4895E+01 2.9468E+02 7.3101E+01 -9.0388E-02 1.1380E-04
5.8235E+04 1.4112E+01 2.4439E+02 5.1052E+01 -1.1337E-01 1.5772E-04
6.4927E+04 -1.0171E+02 3.5372E+02 4.9560E+01 -3.0632E-02 4.3270E-05
5.4601E+04 3.9066E+01 2.8664E+02 6.3080E+01 -1.5125E-01 1.8281E-04
6.2433E+04 -5.8260E+01 3.7350E+02 6.0939E+01 -7.6964E-02 7.2447E-05
4.0187E+04 -7.1373E+01 3.3491E+02 2.3403E+01 1.8069E-01 -9.6159E-05
5.6458E+04 -5.3617E+01 2.9893E+02 5.6068E+01 -9.9441E-02 1.1133E-04
6.5050E+04 7.1487E+01 3.8008E+02 8.9029E+01 -2.1462E-01 2.1950E-04
6.2693E+04 -1.9574E+02 5.8674E+02 2.9105E+01 -2.6499E-04 1.2654E-05
4.4316E+04 7.6040E+00 2.8754E+02 7.8199E+01 -1.7691E-01 1.9383E-04
5.4272E+04 1.3397E+01 2.7228E+02 6.0548E+01 -1.3269E-01 1.6366E-04
4.2859E+04 1.2215E+02 3.6097E+02 4.4655E+01 -5.8423E-02 1.4013E-04
4.7701E+04 1.8598E+01 2.8914E+02 6.7863E+01 -1.1435E-01 1.3834E-04
5.1042E+04 4.3114E+00 3.4680E+02 8.5173E+01 -1.1467E-01 1.1295E-04
4.9986E+04 -4.4876E+01 2.6843E+02 3.5517E+01 5.5056E-02 -1.3488E-05
4.3985E+04 1.1641E+02 5.0905E+02 1.4198E+02 -7.6007E-02 9.6893E-06
5.4035E+04 6.7500E+00 3.2047E+02 8.8540E+01 -1.3234E-01 1.3574E-04
4.8381E+04 1.6792E+01 4.0201E+02 1.1839E+02 -1.0754E-01 7.3234E-05
4.8725E+04 5.0930E+01 2.6418E+02 6.2282E+01 -1.1640E-01 1.5868E-04
3.7452E+04 6.8077E+01 3.7625E+02 2.3514E+02 -4.4082E-01 2.9168E-04
6.0941E+04 -2.2811E+01 3.1533E+02 6.5782E+01 -8.4406E-02 1.0076E-04
4.2409E+04 1.9510E+00 2.4376E+02 8.9691E+01 -1.4938E-01 1.5669E-04
4.3969E+04 3.1186E+01 3.0144E+02 8.2699E+01 -1.9954E-01 2.0924E-04
5.5431E+04 8.9770E-01 3.3859E+02 8.2072E+01 -1.2146E-01 1.1422E-04
7.1634E+04 6.6484E+01 4.6903E+02 7.9817E+01 -9.9237E-02 7.9093E-05
4.7787E+04 1.1972E+01 3.2695E+02 5.4745E+01 -3.5383E-02 7.5391E-05
4.8944E+04 -1.1293E+01 3.1604E+02 7.2088E+01 -1.0006E-01 1.3583E-04
5.6865E+04 7.2060E+01 4.2179E+02 5.6687E+01 -3.9154E-02 5.1208E-05
4.6641E+04 1.5028E+01 3.8894E+02 7.7876E+01 -8.1876E-02 7.6632E-05
4.4862E+04 -5.5977E+00 2.5713E+02 6.4478E+01 -1.2618E-01 1.5686E-04
3.8613E+04 8.7482E+01 5.2304E+02 3.7132E+02 -5.7214E-01 2.6711E-04
5.7674E+04 2.1537E+01 3.1667E+02 7.4282E+01 -1.3709E-01 1.4679E-04
4.8386E+04 6.9335E+01 4.4743E+02 1.1672E+02 -1.5747E-01 1.2479E-04
5.0590E+04 8.8421E+00 3.5828E+02 9.3857E+01 -1.1538E-01 9.4951E-05
5.4882E+04 -1.0104E+02 3.3952E+02 1.6480E+01 4.9218E-02 1.3157E-05
4.7507E+04 8.7934E+00 4.0225E+02 8.7629E+01 -9.3680E-02 1.0197E-04
5.0826E+04 1.3648E+01 4.4345E+02 1.1526E+02 -1.2921E-01 1.1811E-04
4.8872E+04 1.2014E+02 4.6853E+02 1.1483E+02 -7.0571E-02 2.1814E-05
5.3868E+04 1.5366E+01 4.1764E+02 5.3943E+01 2.7933E-02 -4.7176E-06
5.4840E+04 -5.2878E+01 3.7719E+02 5.8490E+01 -1.8623E-02 3.9998E-05
6.1238E+04 5.2190E+01 3.5863E+02 9.5945E+01 -1.9815E-01 1.8527E-04
4.7549E+04 9.4391E+00 3.1025E+02 1.0487E+02 -2.0883E-01 1.8645E-04
6.0489E+04 1.0121E+01 3.8096E+02 7.7049E+01 -8.2907E-02 6.8501E-05
5.5314E+04 -2.0899E+00 4.1928E+02 9.5982E+01 -1.2228E-01 9.5529E-05
4.8806E+04 1.9748E+01 3.3404E+02 9.3225E+01 -1.3964E-01 1.2120E-04
5.5214E+04 2.4546E+01 2.5957E+02 6.5613E+01 -1.4938E-01 1.7906E-04
5.8422E+04 4.5633E+00 4.3166E+02 8.5189E+01 -1.0173E-01 8.4333E-05
4.4956E+04 -2.2232E+00 4.0814E+02 1.0311E+02 -9.6099E-02 7.0106E-05
5.3346E+04 -1.1388E+00 2.6226E+02 6.1258E+01 -1.1129E-01 1.4002E-04
6.7197E+04 1.7185E+02 5.3455E+02 5.9215E+01 -4.6739E-02 3.5311E-05
6.3136E+04 4.2667E+01 3.3864E+02 7.0998E+01 -1.0248E-01 1.0247E-04
5.5023E+04 -8.5029E+01 2.5276E+02 2.8433E+01 2.5015E-03 5.5209E-05
6.0370E+04 7.5207E+01 4.2259E+02 8.2696E+01 -1.2543E-01 1.0730E-04
5.3470E+04 -1.1863E+01 3.6406E+02 7.3767E+01 -1.1276E-01 1.1053E-04
6.2680E+04 -9.0204E+00 2.2678E+02 4.5672E+01 -7.3914E-02 1.1533E-04
7.6515E+04 -4.2822E+01 3.9787E+02 6.5241E+01 -1.0578E-01 8.2763E-05
5.2835E+04 -3.7460E-01 3.1492E+02 8.0829E+01 -1.0711E-01 1.0563E-04
4.9557E+04 6.4744E+01 4.0115E+02 5.5296E+01 1.4763E-02 2.0247E-05
5.8993E+04 4.3342E+01 4.0734E+02 7.3095E+01 -1.5826E-01 1.4987E-04
5.9291E+04 -5.6681E+00 2.4923E+02 5.0844E+01 -9.5889E-02 1.3299E-04
4.6661E+04 1.4999E+02 4.4960E+02 1.0324E+02 -9.8163E-02 6.6851E-05
6.3104E+04 -1.7297E+01 3.3542E+02 4.1404E+01 -7.4645E-02 9.6994E-05
6.5684E+04 -2.2607E+01 3.5854E+02 4.4631E+01 -4.2143E-02 7.7073E-05
5.6398E+04 -5.8752E+01 4.1635E+02 6.0887E+01 -7.6073E-02 7.2390E-05
6.3721E+04 4.3582E+00 3.4078E+02 7.2005E+01 -5.0302E-02 4.6787E-05
6.8997E+04 2.6109E+01 6.8910E+02 3.2958E+01 -3.6515E-04 8.5388E-06
4.9526E+04 -8.9470E+00 2.3808E+02 6.0192E+01 -1.1451E-01 1.5707E-04
5.5117E+04 -4.8128E+01 3.5709E+02 5.4216E+01 -4.7239E-02 6.9235E-05
6.5756E+04 1.4876E+01 2.5625E+02 4.3716E+01 -1.0961E-01 1.5077E-04
6.0464E+04 -2.2717E+01 3.9010E+02 9.4481E+01 -1.2549E-01 9.6089E-05
6.4204E+04 -2.6933E+00 3.1179E+02 4.8633E+01 -4.3747E-02 6.2205E-05
5.9123E+04 1.0460E+02 3.5766E+02 8.9086E+01 -1.7841E-01 1.7421E-04
5.3484E+04 6.6155E+01 3.3456E+02 5.8226E+01 -6.1666E-02 8.5595E-05
5.4025E+04 -1.3312E+01 3.2393E+02 7.3750E+01 -6.5188E-02 6.8431E-05
7.4882E+04 4.2131E+01 3.5126E+02 4.3571E+01 -1.1036E-01 1.2515E-04
4.8867E+04 -3.7496E+00 3.2712E+02 5.5675E+01 -5.7475E-02 9.1081E-05
6.1442E+04 9.3003E+01 3.4191E+02 8.6419E+01 -1.5504E-01 1.4126E-04
4.9032E+04 -6.9242E+00 3.2203E+02 1.0109E+02 -2.2235E-01 2.0294E-04
5.1705E+04 3.4273E+00 2.7800E+02 7.7683E+01 -8.5437E-02 9.9665E-05
5.9553E+04 -3.6057E+01 3.9359E+02 4.7245E+01 9.2607E-03 1.6577E-05
5.3538E+04 -2.4160E+01 4.0291E+02 6.3944E+01 4.9143E-03 6.3034E-07
3.5090E+04 -4.9118E+01 3.6731E+02 3.5892E+01 3.8322E-01 -3.1556E-04
4.6606E+04 4.7342E+01 4.2801E+02 1.3614E+02 -2.2188E-01 1.4978E-04
5.5278E+04 7.7039E+01 3.9920E+02 9.7754E+01 -1.0902E-01 8.0399E-05
3.1708E+04 -5.0351E+02 5.2243E+02 3.1990E+01 3.8003E-02 -4.3606E-05
5.3539E+04 2.8380E+00 3.9090E+02 1.0532E+02 -1.3435E-01 1.0404E-04
4.9634E+04 7.0273E+01 3.6395E+02 5.7765E+01 -5.5007E-04 2.8261E-05
5.8341E+04 -1.3181E+01 5.5102E+02 1.1817E+02 -2.1802E-01 1.6458E-04
5.7568E+04 -1.3722E+01 2.7898E+02 6.9473E+01 -1.0024E-01 1.1744E-04
4.1083E+04 -1.9644E+01 2.9892E+02 5.5145E+01 -3.4279E-02 6.0505E-05
5.7779E+04 5.3488E+01 4.5879E+02 1.0003E+02 -7.0551E-02 3.5891E-05
6.5771E+04 -1.8537E+01 3.1091E+02 6.6389E+01 -8.3262E-02 8.2740E-05
4.1320E+04 3.4403E+01 3.0730E+02 6.7330E+01 -7.1286E-02 9.7047E-05
7.2989E+04 2.8424E+01 3.8602E+02 6.2921E+01 -6.4681E-02 5.7924E-05
5.0063E+04 4.1890E+01 2.7837E+02 7.3067E+01 -1.4278E-01 1.6538E-04
4.2057E+04 -3.1001E+01 3.7174E+02 8.8084E+01 -8.6446E-02 7.6862E-05
5.4353E+04 4.6157E+01 3.8703E+02 1.2009E+02 -1.8454E-01 1.3161E-04
5.7993E+04 4.1572E-01 3.4007E+02 5.7124E+01 -9.9159E-02 1.1162E-04
5.6324E+04 5.7348E+01 4.6711E+02 6.0918E+01 3.4767E-03 6.7338E-06
5.3162E+04 1.0194E+01 2.5818E+02 7.7634E+01 -1.8128E-01 1.8992E-04
7.1739E+04 3.5521E+01 3.4654E+02 5.6938E+01 -5.5079E-02 6.3951E-05
5.0183E+04 5.1098E+01 4.6040E+02 7.7730E+01 -5.4754E-02 5.8628E-05
5.1079E+04 1.3280E+02 3.8655E+02 8.0792E+01 -1.4120E-01 1.3855E-04
5.1413E+04 -5.3598E+01 3.0458E+02 5.9835E+01 -4.9930E-02 5.9038E-05
5.2773E+04 -4.1675E+00 3.5190E+02 9.0595E+01 -9.9429E-02 1.0074E-04
4.5072E+04 -1.4418E+02 2.3953E+02 1.4122E+01 6.6227E-02 -1.2020E-05
5.2281E+04 4.6736E+01 4.0842E+02 1.2339E+02 -1.4859E-01 9.1768E-05
6.7714E+04 2.7169E+01 2.6306E+02 6.3850E+01 -1.3621E-01 1.5969E-04
5.3823E+04 9.1998E+01 4.4501E+02 7.0948E+01 -6.5916E-03 9.3728E-06
6.4326E+04 5.5910E+00 3.9796E+02 6.0985E+01 -3.2895E-02 3.9042E-05
4.6676E+04 4.9017E+01 2.9954E+02 7.4731E+01 -1.3564E-01 1.4819E-04
7.3324E+04 -3.5243E+01 4.3301E+02 6.1648E+01 -1.4721E-02 1.4702E-05
6.0729E+04 2.3963E+01 3.3437E+02 5.4960E+01 -3.6769E-02 5.9678E-05
5.9687E+04 9.4062E+01 5.4690E+02 1.2014E+02 -1.5141E-01 8.4114E-05
6.2943E+04 5.7661E+01 4.7033E+02 1.0636E+02 -1.3567E-01 9.8114E-05
6.7416E+04 6.3174E+01 4.5625E+02 7.9575E+01 -1.0655E-01 8.1334E-05
5.6954E+04 5.3358E+01 3.8579E+02 6.9651E+01 -7.5153E-02 7.9300E-05
4.3912E+04 8.1248E+01 3.7055E+02 1.1547E+02 -1.5448E-01 1.1511E-04
6.3549E+04 6.4293E+01 5.1187E+02 8.2776E+01 -1.2136E-01 1.1271E-04
5.2784E+04 -1.9941E+01 2.2362E+02 3.8017E+01 1.4525E-02 4.6990E-05
6.7185E+04 1.7536E+02 6.6315E+02 4.7284E+01 -7.3553E-05 4.5880E-06
6.3939E+04 5.0681E+01 3.7012E+02 7.8302E+01 -1.2139E-01 1.1662E-04
5.3209E+04 2.3161E+00 3.9750E+02 6.9725E+01 1.1426E-02 3.7758E-07
5.4825E+04 7.8121E+01 4.3770E+02 8.6961E+01 -5.4155E-02 4.7485E-05
5.2186E+04 8.8226E+01 5.7570E+02 7.8545E+01 -3.4613E-02 1.3116E-05
5.3555E+04 3.5744E+01 2.9753E+02 8.1267E+01 -1.4828E-01 1.5729E-04
5.7217E+04 -3.8959E+00 2.3703E+02 6.4977E+01 -1.2256E-01 1.5482E-04
4.0987E+04 3.1114E-01 3.1494E+02 4.2868E+01 6.8161E-02 -2.6941E-05
5.2301E+04 5.5313E+01 4.5348E+02 1.0544E+02 -1.6256E-01 1.3487E-04
6.2529E+04 4.4441E+01 4.9710E+02 1.0621E+02 -1.3269E-01 9.5965E-05
4.8081E+04 5.0610E+00 2.3808E+02 6.0247E+01 -7.3622E-02 1.1701E-04
4.3971E+04 1.5412E+01 4.8078E+02 2.1381E+02 -4.0114E-01 2.5508E-04
5.8652E+04 -1.0627E-01 4.1888E+02 5.7019E+01 -1.5269E-02 2.4725E-05
6.4634E+04 -6.4345E+00 3.5000E+02 7.1665E+01 -1.3668E-01 1.2247E-04
5.8421E+04 1.3511E+02 3.9010E+02 8.0354E+01 -1.1708E-01 1.0524E-04
6.4553E+04 4.3416E+01 4.4195E+02 7.8600E+01 -9.7157E-02 1.0103E-04
4.7452E+04 4.0738E+01 5.4246E+02 1.0844E+02 -8.8802E-02 5.8947E-05
5.4234E+04 2.5813E+01 2.5345E+02 8.1291E+01 -1.5001E-01 1.5476E-04
4.9689E+04 -1.0912E+01 3.3785E+02 9.3001E+01 -9.3645E-02 1.1085E-04
4.0124E+04 1.0438E+02 6.1556E+02 4.1622E+02 -9.3350E-01 5.5446E-04
5.1183E+04 9.7060E+01 4.8043E+02 1.7401E+02 -2.7003E-01 1.6557E-04
5.6654E+04 -3.3893E+01 3.2885E+02 6.1424E+01 -5.3631E-02 8.6519E-05
5.7886E+04 -3.6725E+01 3.3946E+02 5.3092E+01 -3.1355E-02 7.0919E-05
5.4988E+04 3.8606E+01 3.7805E+02 8.3189E+01 -1.3515E-01 1.4727E-04
6.3951E+04 1.6023E+01 3.7615E+02 5.7072E+01 -9.2683E-02 1.1665E-04
7.1175E+04 -1.7971E+01 2.3757E+02 4.1531E+01 -9.1223E-02 1.2820E-04
4.9274E+04 1.8425E+01 2.4737E+02 5.9214E+01 -1.1739E-01 1.6042E-04
5.3562E+04 9.3750E+01 5.5860E+02 1.1553E+02 -1.4401E-01 9.4098E-05
6.3998E+04 -1.5891E+00 2.8590E+02 3.8259E+01 -5.1512E-02 1.0769E-04
6.6669E+04 3.1748E+01 2.5425E+02 5.4898E+01 -1.3542E-01 1.7204E-04
5.5295E+04 3.1178E+01 3.2281E+02 1.3607E+02 -2.9876E-01 2.3724E-04
5.9720E+04 1.2777E+01 2.3343E+02 5.3142E+01 -9.5741E-02 1.3731E-04
7.1201E+04 -9.3245E+01 4.0640E+02 5.3935E+01 -6.7611E-02 7.4585E-05
6.2207E+04 2.3243E+01 3.0177E+02 4.6439E+01 -2.0877E-02 4.5511E-05
5.8260E+04 2.9590E+01 2.7966E+02 8.5960E+01 -1.8022E-01 1.7790E-04
5.3007E+04 1.7392E+00 3.1902E+02 7.6035E+01 -8.7677E-02 9.6862E-05
4.9514E+04 -1.4650E+01 3.5816E+02 5.4864E+01 -1.0168E-01 1.1448E-04
6.2885E+04 -2.6832E+01 2.9885E+02 3.4564E+01 5.1881E-03 2.6565E-05
4.5740E+04 9.8818E+01 5.7544E+02 1.0318E+02 -4.9457E-02 4.9050E-06
5.7650E+04 -8.2251E+00 4.2201E+02 1.0207E+02 -9.0585E-02 6.3534E-05
5.0950E+04 1.4914E+01 3.8434E+02 9.5287E+01 -1.4886E-01 1.2447E-04
5.9198E+04 5.5348E+01 3.9834E+02 1.0754E+02 -1.4924E-01 1.0367E-04
5.7351E+04 1.8913E+01 7.6542E+02 1.4471E+02 -2.9235E-01 1.8714E-04
6.2903E+04 2.7386E+00 2.5045E+02 6.3055E+01 -1.1400E-01 1.4013E-04
6.3554E+04 2.6565E+01 3.4530E+02 7.1899E+01 -1.0362E-01 1.0018E-04
5.1262E+04 -2.2698E+01 3.3163E+02 5.1911E+01 -5.5410E-02 7.8962E-05
5.7220E+04 -1.0263E+00 4.3682E+02 1.0005E+02 -1.3869E-01 1.0920E-04
4.9510E+04 -3.4130E+00 2.3749E+02 7.0743E+01 -1.5894E-01 1.9177E-04
4.9820E+04 -1.8247E+02 3.7230E+02 4.2086E+01 3.6441E-02 -6.4131E-06
4.9386E+04 1.1362E+02 4.9842E+02 5.0855E+01 4.2683E-02 -9.0333E-06
5.7602E+04 1.4623E+02 5.7147E+02 1.1664E+02 -1.7342E-01 1.3135E-04
5.4510E+04 -2.0360E+01 3.7473E+02 8.0199E+01 -8.8126E-02 9.1740E-05
4.2571E+04 9.2721E+01 4.2450E+02 1.5038E+02 -2.2482E-01 1.5559E-04
5.4171E+04 -3.4803E+01 5.1556E+02 9.6898E+01 -2.2710E-01 1.7020E-04
5.6872E+04 2.8054E+01 3.4899E+02 9.9226E+01 -1.3421E-01 1.3451E-04
4.5938E+04 7.1206E+01 2.9894E+02 5.8540E+01 -5.9207E-02 1.0851E-04
5.1420E+04 5.8382E+01 3.2351E+02 5.0927E+01 -4.9176E-02 8.5757E-05
6.0563E+04 1.2515E+01 3.0357E+02 8.0091E+01 -1.5379E-01 1.4946E-04
5.1171E+04 3.2803E+01 4.9778E+02 7.1894E+01 -4.3888E-02 3.4573E-05
5.6917E+04 1.2040E+02 4.3383E+02 1.0801E+02 -2.0476E-01 1.7974E-04
7.1459E+04 1.8647E+02 5.0802E+02 9.1853E+01 -1.0703E-01 6.3632E-05
4.7998E+04 7.5426E+00 3.7164E+02 9.5865E+01 -1.0563E-01 7.8880E-05
4.6064E+04 -1.4680E+00 2.5059E+02 6.9433E+01 -1.3839E-01 1.7163E-04
3.1075E+04 8.0872E+01 3.5421E+02 1.9670E+02 -5.8406E-02 -5.3075E-05
4.5806E+04 7.2900E+01 4.8448E+02 1.1157E+02 -1.1192E-01 7.3799E-05
5.5400E+04 3.6561E+01 3.9646E+02 8.5432E+01 -8.3988E-02 8.9899E-05
4.4606E+04 -7.3438E+00 3.2713E+02 1.0129E+02 -8.8922E-02 7.9510E-05
4.7767E+04 2.8013E+01 3.1471E+02 8.8004E+01 -2.1154E-01 2.1121E-04
5.8845E+04 8.6072E+00 2.6146E+02 2.6066E+01 -8.1661E-03 6.8451E-05
6.3796E+04 8.8978E+01 5.8119E+02 1.2708E+02 -1.5503E-01 8.5268E-05
4.5596E+04 -1.6303E+01 2.6100E+02 5.3419E+01 -1.0138E-01 1.3501E-04
3.7504E+04 2.1140E+02 5.7687E+02 9.1285E+01 1.0405E-01 -1.1663E-04
6.2299E+04 5.6737E+01 3.9794E+02 7.5415E+01 -1.1870E-01 9.7194E-05
5.8848E+04 -1.1255E+01 2.7350E+02 1.6667E+01 -4.0596E-03 7.6438E-05
3.5816E+04 3.4225E+01 4.2921E+02 2.0471E+02 -4.7456E-01 3.4429E-04
5.6917E+04 2.8100E+01 3.5465E+02 7.2976E+01 -1.0148E-01 1.0614E-04
5.0835E+04 1.5302E+01 4.3706E+02 1.6167E+02 -2.0342E-01 1.1002E-04
5.5881E+04 1.2982E+02 5.7489E+02 6.1873E+01 -1.1640E-04 7.2365E-06
6.0128E+04 1.1254E+02 3.7863E+02 8.4432E+01 -1.7658E-01 1.6267E-04
6.1710E+04 7.7049E+00 4.0477E+02 8.6235E+01 -8.7502E-02 7.4727E-05
5.2850E+04 -8.3945E+00 2.5594E+02 5.9219E+01 -1.0169E-01 1.3257E-04
5.7657E+04 6.6267E+01 3.9204E+02 6.4656E+01 -8.9583E-02 9.5362E-05
6.2321E+04 9.6860E+01 3.9646E+02 5.3615E+01 -4.1266E-02 7.1490E-05
6.2772E+04 1.5280E+01 2.9456E+02 7.0798E+01 -1.1515E-01 1.2267E-04
4.0902E+04 -7.9283E+00 3.7169E+02 1.3206E+02 -3.6867E-01 3.3831E-04
5.3677E+04 2.0783E+01 2.7951E+02 7.9181E+01 -1.1216E-01 1.2422E-04
4.4754E+04 -1.3318E+01 3.3260E+02 8.3796E+01 -1.1025E-01 1.3553E-04
5.0130E+04 9.3684E+01 4.0508E+02 1.0145E+02 -1.3385E-01 1.1439E-04
4.8238E+04 3.3001E+01 2.6687E+02 7.5393E+01 -1.6055E-01 1.8018E-04
5.4710E+04 6.3192E+01 3.5858E+02 7.5910E+01 -1.2454E-01 1.2711E-04
5.4439E+04 -1.8748E+01 1.8090E+02 3.9619E+01 -7.2811E-02 1.3945E-04
5.7195E+04 -2.8653E+00 3.7983E+02 6.3265E+01 -3.5815E-02 5.6551E-05
4.5534E+04 -8.3749E+01 6.6171E+02 3.6342E+01 1.9950E-01 -1.8856E-04
5.7356E+04 3.7318E+01 3.6573E+02 1.0557E+02 -1.2929E-01 9.4238E-05
6.6652E+04 6.0914E+01 4.5436E+02 1.1243E+02 -1.8246E-01 1.3977E-04
6.8442E+04 6.6768E+01 4.0685E+02 7.4316E+01 -1.2669E-01 1.1905E-04
4.6904E+04 2.3529E+01 3.3787E+02 5.7067E+01 -7.0501E-02 1.8712E-04
4.5670E+04 3.1313E+01 2.8427E+02 4.7531E+01 7.2937E-03 3.9246E-05
5.1864E+04 9.7680E+01 3.8590E+02 7.8182E+01 -9.3287E-02 9.9216E-05
3.5647E+04 8.6888E+00 3.7136E+02 1.3916E+02 -1.9515E-01 1.3834E-04
4.2138E+04 5.5721E+01 3.4333E+02 4.7674E+01 -1.7903E-02 4.5294E-05
5.8708E+04 3.7333E+01 4.6105E+02 9.7180E+01 -1.0185E-01 7.3382E-05
5.5849E+04 3.1332E+01 3.9305E+02 4.0015E+01 1.3498E-02 4.2691E-05
6.4368E+04 2.1112E+01 3.1520E+02 6.0772E+01 -9.2004E-02 1.0144E-04
4.8956E+04 3.5432E+01 4.7889E+02 7.8269E+01 -6.6924E-02 6.2959E-05
6.0625E+04 5.8553E+01 3.4202E+02 6.2095E+01 -7.7918E-02 8.8811E-05
5.5290E+04 -9.6765E+00 2.4618E+02 6.7022E+01 -1.2944E-01 1.4712E-04
6.0187E+04 2.6230E+01 2.3680E+02 4.3974E+01 -7.4063E-02 1.2874E-04
2.2522E+04 1.1060E+02 2.7592E+03 -2.0239E+03 4.0171E+00 1.6361E-01
5.5799E+04 -3.0103E+01 4.7667E+02 1.1423E+02 -1.9700E-01 1.3569E-04
4.9882E+04 1.0364E+02 4.4770E+02 1.2988E+02 -1.2389E-01 6.9053E-05
7.0726E+04 4.2950E+01 3.7035E+02 7.6076E+01 -1.1047E-01 1.0249E-04
5.5672E+04 -1.1350E+01 3.1636E+02 6.7374E+01 -6.2208E-02 6.9860E-05
4.8509E+04 8.2724E+00 4.6368E+02 1.7657E+02 -2.5025E-01 1.5119E-04
6.0313E+04 -1.5972E+00 2.0121E+02 4.7628E+01 -7.2226E-02 1.2907E-04
3.2502E+04 -9.2591E+01 4.0925E+02 5.7934E+01 3.9705E-01 -3.3687E-04
4.9720E+04 -7.1728E+00 2.4327E+02 4.8020E+01 -3.5646E-02 8.6694E-05
6.0688E+04 -7.1473E+01 3.1323E+02 4.5747E+01 -5.8178E-02 7.4016E-05
6.6604E+04 4.9147E+00 3.1278E+02 3.7723E+01 -6.9772E-02 1.0507E-04
6.3184E+04 1.7837E+02 5.5528E+02 9.0881E+01 -8.2891E-02 5.1299E-05
4.4671E+04 -5.5147E+01 3.5162E+02 5.8274E+01 -1.1186E-01 1.3072E-04
5.2106E+04 -1.5688E+00 2.5041E+02 6.0912E+01 -8.1402E-02 1.0784E-04
5.4395E+04 6.0405E+01 3.6202E+02 1.0196E+02 -1.7535E-01 1.6085E-04
6.9330E+04 -2.1961E+01 2.4898E+02 4.1092E+01 -7.8854E-02 1.1561E-04
6.9602E+04 -4.6736E+01 4.0203E+02 6.6178E+01 -4.6710E-02 3.7291E-05
6.1919E+04 5.8644E+01 3.5796E+02 8.7328E+01 -1.5292E-01 1.3542E-04
6.0727E+04 7.6891E+00 3.4428E+02 6.2717E+01 -9.4467E-02 1.0217E-04
5.4463E+04 -3.0646E+01 3.8388E+02 6.4273E+01 -3.8722E-05 2.1426E-08
6.1282E+04 1.8858E+02 6.0997E+02 1.5063E+02 -2.5830E-01 1.6889E-04
6.2501E+04 -5.9456E+00 3.3683E+02 7.7070E+01 -8.7400E-02 8.4039E-05
4.2396E+04 -8.2296E+00 2.4715E+02 6.5754E+01 -1.1433E-01 1.5133E-04
5.1745E+04 4.9549E+01 4.4835E+02 1.1074E+02 -1.4122E-01 1.0773E-04
4.9569E+04 -1.4879E+02 3.8717E+02 2.3759E+01 1.0386E-01 -4.7163E-05
6.0524E+04 3.8430E+01 4.1216E+02 1.1880E+02 -1.8550E-01 1.3591E-04
5.6348E+04 -2.0475E+00 3.5780E+02 8.8942E+01 -9.4662E-02 7.9712E-05
5.3490E+04 5.5172E+01 2.4862E+02 5.6380E+01 -1.2203E-01 1.7235E-04
5.2823E+04 1.0681E+02 3.6337E+02 5.1604E+01 -3.3607E-02 6.6714E-05
6.1072E+04 -1.9474E+01 3.4613E+02 6.7479E+01 -1.1423E-01 1.4131E-04
5.8294E+04 1.2098E+02 5.5125E+02 1.9504E+02 -3.4257E-01 2.0887E-04
5.2290E+04 5.8782E+00 3.4965E+02 9.5481E+01 -1.3319E-01 1.1840E-04
5.6652E+04 9.8225E+00 3.6687E+02 1.2123E+02 -1.6970E-01 1.2380E-04
5.4325E+04 -4.7289E+02 3.7072E+02 1.8153E+01 2.7429E-02 -2.0822E-07
5.9236E+04 -4.1207E+01 4.6466E+02 6.0369E+01 -8.7521E-02 8.8795E-05
6.1244E+04 -4.3785E+01 3.3507E+02 5.6438E+01 -2.3087E-03 2.4859E-05
5.7814E+04 8.4908E+01 5.2051E+02 1.0407E+02 -9.1678E-02 6.0127E-05
5.6880E+04 5.4433E+01 4.3513E+02 1.2044E+02 -2.2547E-01 1.7405E-04
4.7842E+04 -5.5218E+00 2.4485E+02 6.6430E+01 -9.2330E-02 1.2763E-04
6.5830E+04 -2.4143E+01 3.1146E+02 5.3109E+01 -8.7248E-02 9.9946E-05
5.7321E+04 6.6787E-01 3.7065E+02 1.0753E+02 -1.9014E-01 1.5693E-04
5.1656E+04 -8.4925E+00 2.0921E+02 5.9151E+01 -1.3697E-01 1.8160E-04
6.2806E+04 1.5347E+01 2.3010E+02 3.8688E+01 -7.4005E-02 1.3732E-04
5.5640E+04 -4.3091E+01 4.4408E+02 5.2905E+01 1.1137E-02 1.1320E-06
4.9349E+04 1.3242E+02 4.6570E+02 8.8309E+01 -1.4932E-01 1.4580E-04
4.9628E+04 -6.6684E+00 3.7129E+02 6.4668E+01 -5.2263E-02 6.4612E-05
5.1683E+04 -5.6490E+01 2.3901E+02 4.3818E+01 -7.0523E-02 1.2524E-04
4.4839E+04 9.5121E+01 3.8492E+02 6.0170E+01 -6.9822E-02 8.6161E-05
4.5956E+04 2.0225E+02 5.5807E+02 8.5294E+01 -8.5366E-02 1.1152E-04
6.4999E+04 2.2902E+02 5.8579E+02 9.8092E+01 -1.1496E-01 7.6515E-05
4.8235E+04 1.2268E+01 3.1379E+02 8.4983E+01 -5.1971E-02 6.0335E-05
4.7482E+04 2.8755E+01 4.1552E+02 1.3353E+02 -1.8830E-01 1.4638E-04
4.7534E+04 4.3016E+00 2.3273E+02 4.4896E+01 -6.7909E-02 1.4338E-04
5.9528E+04 -5.1780E+01 3.2360E+02 3.6315E+01 -3.7383E-02 7.0146E-05
4.8923E+04 1.2023E+02 5.3172E+02 1.5420E+02 -1.8136E-01 1.0710E-04
5.9142E+04 7.0385E+00 3.5206E+02 7.0838E+01 -9.4102E-02 1.0368E-04
4.9250E+04 -3.2954E+01 3.6617E+02 3.4728E+01 1.3193E-02 4.5734E-05
5.2867E+04 1.9365E+01 2.9257E+02 7.2481E+01 -1.3729E-01 1.6136E-04
4.2032E+04 -1.2295E+01 3.5391E+02 7.9219E+01 -3.8796E-02 4.2904E-05
3.9322E+04 -4.4570E+01 4.7728E+02 6.6880E+01 8.7737E-02 -5.7664E-05
5.8268E+04 8.8114E+01 3.1980E+02 5.2827E+01 -9.5979E-02 1.3671E-04
7.3175E+04 2.8627E+01 3.6568E+02 5.5967E+01 -3.9783E-02 4.1434E-05
6.4433E+04 -3.8694E-01 4.1652E+02 7.2952E+01 -1.4246E-02 1.1199E-05
6.4104E+04 1.5106E+02 4.7757E+02 9.3657E+01 -1.1689E-01 8.5546E-05
5.2342E+04 2.8989E+02 6.0693E+02 6.4441E+01 -3.6067E-05 2.2416E-06
7.2661E+04 -6.9441E+01 4.3548E+02 3.6161E+01 -2.4446E-02 3.1372E-05
5.2334E+04 -4.5440E+01 2.3564E+02 4.1777E+01 -7.3117E-02 1.2289E-04
4.5889E+04 5.6100E+01 3.7877E+02 9.2833E+01 -1.3861E-01 1.2475E-04
5.5434E+04 5.3525E+01 7.0376E+02 2.9114E+01 6.2952E-02 -4.2559E-05
5.6349E+04 -2.8315E+00 4.3395E+02 1.2039E+02 -1.2949E-01 7.6805E-05
5.0918E+04 -7.2805E+00 2.9895E+02 7.4460E+01 -1.3386E-01 1.4788E-04
5.0660E+04 3.9085E+01 3.3399E+02 1.1501E+02 -1.6969E-01 1.3185E-04
4.5403E+04 9.6064E+01 5.8647E+02 1.5886E+02 -8.3089E-02 1.0343E-05
6.1718E+04 -1.4515E+01 3.5204E+02 7.0233E+01 -1.2778E-01 1.5324E-04
3.8849E+04 -7.1919E+01 3.4816E+02 6.7559E+01 -2.6631E-02 3.9206E-05
6.0628E+04 1.2555E+02 4.7022E+02 9.3819E+01 -9.9545E-02 7.1635E-05
5.0619E+04 1.9019E+02 5.9855E+02 1.6341E+02 -1.7005E-01 8.2891E-05
5.4524E+04 1.0436E+02 5.2054E+02 2.5582E+01 1.5360E-01 -7.7948E-05
5.8999E+04 1.3815E+01 2.6289E+02 4.4613E+01 -9.2285E-02 1.3837E-04
6.0422E+04 -1.5651E+01 3.6714E+02 6.3511E+01 -1.4639E-01 1.3900E-04
5.8858E+04 7.5779E+01 4.8854E+02 1.0787E+02 -1.6083E-01 1.1503E-04
4.8123E+04 1.2520E+02 6.3883E+02 1.1220E+02 4.2345E-02 -7.7987E-05
6.0337E+04 1.9621E+01 4.3620E+02 8.4738E+01 -9.4901E-02 7.7006E-05
5.2982E+04 -1.0527E+01 4.7171E+02 1.1440E+02 -2.0540E-01 1.5528E-04
6.1636E+04 3.3245E+01 3.7924E+02 6.3341E+01 -7.3340E-02 8.3720E-05
5.1805E+04 9.4897E+00 2.7301E+02 6.0808E+01 -1.3609E-01 1.7208E-04
4.8233E+04 6.8431E+00 3.5705E+02 1.2047E+02 -2.1044E-01 1.6362E-04
5.8843E+04 -2.2660E+01 3.2736E+02 7.1792E+01 -1.0578E-01 1.0258E-04
5.4540E+04 -1.9296E+01 2.9496E+02 6.0288E+01 -3.0596E-02 5.2286E-05
5.4048E+04 1.2684E+02 4.5306E+02 1.4673E+02 -2.5831E-01 1.8635E-04
5.2104E+04 2.3699E+01 3.5868E+02 1.0431E+02 -1.6154E-01 1.4107E-04
5.1120E+04 -2.1116E+02 3.9190E+02 2.7852E+01 6.7701E-02 3.5943E-06
4.7210E+04 -4.2028E+01 2.2438E+02 1.0736E+01 4.6305E-02 5.9505E-05
5.3074E+04 2.1530E+01 3.0273E+02 8.9657E+01 -1.5616E-01 1.6085E-04
5.9753E+04 1.3240E+02 4.6539E+02 1.3562E+02 -2.2955E-01 1.4782E-04
5.7078E+04 1.7292E+01 2.7746E+02 7.0314E+01 -1.4479E-01 1.6075E-04
6.1947E+04 4.0955E+01 3.7905E+02 7.6990E+01 -1.0078E-01 9.1260E-05
5.8392E+04 -1.2778E+01 2.0125E+02 3.4508E+01 -7.5202E-02 1.4841E-04
4.1071E+04 4.6235E+01 3.5046E+02 1.7114E+02 -2.5480E-01 1.5817E-04
5.0408E+04 8.2856E+01 4.0749E+02 9.4458E+01 -1.4422E-01 1.1268E-04
5.7255E+04 -5.6591E+00 2.6980E+02 7.2889E+01 -1.1751E-01 1.2001E-04
5.5434E+04 -6.5396E+01 2.2165E+02 1.3972E+01 2.2321E-02 5.5668E-05
6.6941E+04 2.6201E+00 3.6484E+02 8.0201E+01 -1.1061E-01 9.3864E-05
5.4781E+04 -4.9676E+00 3.0244E+02 8.6053E+01 -1.6333E-01 1.5503E-04
5.6766E+04 5.7149E-01 2.6410E+02 6.9912E+01 -9.6145E-02 1.0850E-04
5.6669E+04 -2.0891E+02 3.3749E+02 2.8339E+01 3.8581E-02 1.0413E-05
4.0843E+04 -4.2815E+01 3.9667E+02 4.8556E+01 -7.1990E-02 8.7498E-05
6.0237E+04 5.4166E+01 4.2678E+02 9.5358E+01 -1.1949E-01 9.6561E-05
6.4925E+04 5.5845E+00 3.8046E+02 8.3182E+01 -7.0952E-02 6.7549E-05
6.2985E+04 1.3687E+02 5.0166E+02 6.8759E+01 -9.9362E-02 9.2293E-05
4.3216E+04 -1.3981E+01 3.3090E+02 9.2976E+01 -1.2347E-01 1.0382E-04
2.6377E+04 3.3559E+01 3.5191E+02 1.9036E+01 7.2949E-01 -6.9778E-04
4.6074E+04 7.9158E+01 2.7239E+02 5.3811E+01 -8.4369E-02 1.4627E-04
4.3293E+04 1.7787E+02 7.7776E+02 1.6325E+02 2.6560E-01 -3.5883E-04
4.6157E+04 2.8720E+01 4.6662E+02 1.7892E+02 -2.5167E-01 1.4692E-04
6.7081E+04 8.7098E+01 3.5825E+02 5.4828E+01 -7.2332E-02 9.3057E-05
5.4830E+04 1.8092E+01 2.3237E+02 5.5319E+01 -1.2992E-01 1.8285E-04
4.0915E+04 -1.2744E+01 2.4382E+02 5.9152E+01 -1.4755E-01 1.9283E-04
5.0168E+04 -7.7516E+00 4.5585E+02 9.5362E+01 -1.1703E-01 9.3901E-05
4.9145E+04 -8.7076E+01 3.1709E+02 2.1022E+01 1.1501E-01 -6.4415E-05
5.3600E+04 -1.8974E+01 4.1593E+02 8.6645E+01 1.2347E-02 -1.4222E-05
5.2424E+04 -1.8826E+02 4.4753E+02 2.2013E+01 2.2994E-02 3.4226E-06
5.1379E+04 1.7486E+01 3.7461E+02 1.0714E+02 -1.5221E-01 1.3421E-04
5.6192E+04 4.1392E+01 4.1024E+02 6.2802E+01 -2.4201E-02 2.7808E-05
4.2347E+04 -5.6036E-01 3.4483E+02 8.8589E+01 -1.4077E-01 1.3242E-04
7.7010E+04 2.2389E+01 2.5866E+02 4.1641E+01 -6.2589E-02 9.2884E-05
5.1187E+04 3.7803E+01 4.8187E+02 9.7230E+01 -6.7072E-02 3.6542E-05
4.8681E+04 -3.1718E+01 2.6713E+02 6.3449E+01 -1.2283E-01 1.4541E-04
5.3698E+04 -1.3678E+00 2.0870E+02 5.0233E+01 -8.1985E-02 1.3230E-04
5.7046E+04 6.8958E+01 4.9306E+02 9.4181E+01 -1.0079E-01 6.7234E-05
5.1650E+04 -4.9123E+01 2.7887E+02 3.6372E+01 3.2573E-04 4.2608E-05
6.5889E+04 -3.1130E+00 3.5641E+02 9.0679E+01 -1.2398E-01 9.2367E-05
4.8299E+04 -2.6241E+01 3.9398E+02 1.1092E+02 -1.9178E-01 1.4391E-04
6.9406E+04 -4.2807E+01 5.1757E+02 7.3120E+01 -6.5994E-02 3.7962E-05
4.9687E+04 -1.9778E+00 3.5720E+02 9.1719E+01 -7.1879E-02 6.2070E-05
5.8303E+04 3.2619E+02 6.7139E+02 1.4309E+02 -1.8203E-01 1.0313E-04
6.2920E+04 5.5815E+01 3.7735E+02 6.3245E+01 -5.3599E-02 7.7615E-05
4.9193E+04 5.9525E+01 4.6525E+02 1.6033E+02 -2.8464E-01 1.8052E-04
4.8997E+04 -2.5658E+00 3.8681E+02 1.1541E+02 -1.0219E-01 6.3120E-05
5.7521E+04 1.1201E+01 2.4659E+02 5.8438E+01 -1.1923E-01 1.5838E-04
3.5557E+04 -1.3072E+01 2.6222E+02 8.6114E+01 -1.6241E-01 1.7111E-04
5.7461E+04 1.1729E+00 3.8923E+02 3.6629E+01 7.3451E-02 -2.1125E-05
6.1057E+04 -4.9716E+00 2.8252E+02 3.0352E+01 -1.5104E-04 4.9847E-05
6.4788E+04 5.9529E+01 4.5282E+02 9.4209E+01 -1.2201E-01 9.7639E-05
6.3768E+04 -1.7105E+00 2.6589E+02 5.6407E+01 -1.0154E-01 1.2723E-04
5.7856E+04 2.6342E+01 3.3531E+02 7.8894E+01 -1.5381E-01 1.5312E-04
5.4680E+04 1.2692E+01 3.6903E+02 8.4662E+01 -1.5405E-01 1.4703E-04
5.0400E+04 -7.4390E+01 3.7015E+02 1.8084E+01 3.4629E-02 3.3473E-05
5.2166E+04 5.7250E+01 3.6388E+02 1.0593E+02 -1.8743E-01 1.5320E-04
5.4044E+04 2.9180E+01 3.2324E+02 7.5599E+01 -1.1744E-01 1.1762E-04
6.2135E+04 2.7854E+02 6.0776E+02 8.6587E+01 -6.2395E-02 3.9095E-05
6.0645E+04 1.8670E+01 4.4016E+02 7.8839E+01 -5.8916E-02 4.8193E-05
4.4673E+04 1.0648E+02 3.9743E+02 1.0265E+02 -1.2981E-01 1.1972E-04
5.8263E+04 1.9872E+00 2.7401E+02 2.0712E+01 1.0847E-02 5.2861E-05
4.7286E+04 -1.5207E+01 4.2060E+02 1.0401E+02 -1.1085E-01 1.0083E-04
5.7195E+04 9.4453E+01 4.5542E+02 8.2290E+01 -7.4066E-02 5.8719E-05
5.5987E+04 -7.5567E+01 4.3970E+02 7.1593E+01 -1.1141E-01 1.3137E-04
4.9239E+04 -9.3495E+01 4.4041E+02 3.4896E+01 1.3512E-01 -8.5910E-05
5.5394E+04 9.5797E+01 3.0622E+02 5.6877E+01 -1.0590E-01 1.4799E-04
5.2445E+04 2.8933E+01 3.6228E+02 1.0177E+02 -1.2403E-01 9.8523E-05
6.3894E+04 1.2317E+01 2.7200E+02 5.3587E+01 -8.7028E-02 1.1296E-04
6.2244E+04 1.1352E+02 4.3644E+02 7.6258E+01 -4.4070E-02 3.8307E-05
6.2983E+04 7.7144E+00 3.7169E+02 8.6663E+01 -9.1759E-02 7.3361E-05
5.4202E+04 9.2539E+01 3.5208E+02 7.4316E+01 -1.3842E-01 1.4114E-04
4.6714E+04 4.9113E+01 3.8028E+02 1.1657E+02 -2.1480E-01 2.3476E-04
6.5299E+04 1.7676E+01 2.6585E+02 6.1144E+01 -1.0629E-01 1.3082E-04
5.9193E+04 2.4429E+01 3.5951E+02 8.8857E+01 -1.4188E-01 1.2769E-04
4.2347E+04 1.3261E+01 3.0676E+02 8.6233E+01 -2.0822E-02 3.1511E-05
5.4348E+04 1.4113E+02 4.8833E+02 9.9208E+01 -1.3498E-01 1.1695E-04
5.8634E+04 -1.4434E+01 4.0015E+02 3.7856E+01 3.5155E-02 -1.5629E-05
5.1515E+04 -1.7270E+01 2.3093E+02 5.6595E+01 -1.2641E-01 1.6482E-04
5.5269E+04 -3.2576E+00 3.7883E+02 8.0785E+01 -8.0363E-02 6.8245E-05
5.6048E+04 -7.7886E+01 3.0980E+02 4.6684E+01 -5.1104E-02 7.8813E-05
5.2872E+04 4.2777E+01 4.5302E+02 9.7854E+01 -1.1878E-01 9.8874E-05
6.9501E+04 2.9340E+00 3.3880E+02 5.8607E+01 -9.3241E-02 1.0025E-04
5.7297E+04 1.2871E+02 4.4642E+02 1.1418E+02 -2.0699E-01 1.5772E-04
4.7220E+04 -1.1692E+02 3.7782E+02 2.9545E+01 1.5561E-01 -1.1219E-04
6.5326E+04 -1.3214E+00 3.2161E+02 6.3430E+01 -9.2046E-02 1.0379E-04
6.2170E+04 -2.1225E+02 5.3455E+02 4.0901E+01 -3.9466E-02 3.6370E-05
4.0121E+04 2.3565E+00 3.2657E+02 7.8507E+01 -7.1851E-02 9.4026E-05
6.1523E+04 4.1723E+01 4.7102E+02 8.2532E+01 -3.5305E-02 3.4210E-05
4.6330E+04 5.1517E+01 3.8755E+02 1.3679E+02 -1.9009E-01 1.2488E-04
5.9314E+04 6.4641E+01 3.7123E+02 9.5371E+01 -1.4580E-01 1.1809E-04
6.3107E+04 1.1668E+02 3.9778E+02 1.0727E+02 -2.0320E-01 1.8983E-04
3.9637E+04 -7.7739E+01 5.4629E+02 3.4315E+01 2.2652E-01 -1.4599E-04
7.8384E+04 -1.2490E+01 3.7775E+02 5.0808E+01 -1.7628E-02 1.8694E-05
5.6547E+04 1.7380E+02 5.2137E+02 8.1593E+01 -5.6829E-02 4.4359E-05
5.3823E+04 3.9828E+01 2.7490E+02 6.3460E+01 -1.5062E-01 1.8684E-04
6.2658E+04 2.6005E+01 3.7339E+02 1.0600E+02 -2.3227E-01 2.1405E-04
5.0591E+04 9.0937E+00 2.9686E+02 8.4190E+01 -1.5488E-01 1.5271E-04
5.9661E+04 -1.9749E+01 3.7506E+02 5.7886E+01 -6.3680E-02 7.4469E-05
6.1338E+04 1.1140E+02 4.9050E+02 8.3404E+01 -6.7412E-02 4.7374E-05
5.9165E+04 4.3700E+01 3.7547E+02 9.7038E+01 -1.6050E-01 1.3115E-04
6.1108E+04 7.5258E+00 3.2575E+02 6.5784E+01 -2.9167E-02 3.6961E-05
5.5376E+04 -3.0079E+01 2.3421E+02 3.6422E+01 -2.1902E-02 8.2713E-05
5.2469E+04 -5.2713E+01 2.4823E+02 5.0007E+01 -6.9838E-02 1.0426E-04
4.8745E+04 -1.4978E+01 2.1167E+02 4.4056E+01 -4.0319E-02 9.9206E-05
6.7043E+04 -3.6826E+00 3.7355E+02 8.7367E+01 -1.4131E-01 1.1031E-04
4.7520E+04 3.9832E+01 3.0533E+02 8.0414E+01 -1.1574E-01 1.2553E-04
5.1241E+04 1.4746E+02 3.5170E+02 8.0063E+01 -1.8436E-01 1.9647E-04
3.3508E+04 3.2367E+02 7.0063E+02 4.6434E+02 2.1791E-01 -6.1318E-04
3.8453E+04 6.4506E+00 2.4516E+02 3.3987E+01 4.2168E-02 2.5261E-05
4.7333E+04 5.0027E+00 3.0892E+02 7.0934E+01 -6.5825E-02 7.2525E-05
5.8584E+04 8.7402E+01 4.0103E+02 7.1192E+01 -5.2363E-02 5.0785E-05
3.3541E+04 3.7371E+00 2.8708E+02 8.3595E+01 -4.3186E-02 7.3957E-05
5.7736E+04 9.4724E+01 3.8314E+02 1.1872E+02 -2.1360E-01 1.6455E-04
6.1503E+04 -3.3609E+01 3.6121E+02 6.1700E+01 -1.6256E-02 3.7565E-05