5.2239E+06 -3.2107E+01 3.4127E+02 5.8561E+01 -5.7550E-02 6.8233E-05
5.0576E+06 -2.4291E+01 3.2706E+02 6.1130E+01 -6.0103E-02 7.4478E-05
5.2191E+06 -5.8285E+01 3.7724E+02 5.8124E+01 -3.3938E-02 4.4081E-05
5.1352E+06 -7.9342E+01 4.7781E+02 6.4470E+01 1.1013E-02 8.1995E-07
4.8486E+06 -4.8726E+00 2.7337E+02 5.6115E+01 -8.3370E-02 1.1158E-04
5.1436E+06 1.0062E+01 3.5537E+02 6.0639E+01 -7.6666E-02 8.6294E-05
5.0089E+06 -3.6104E-03 4.1907E+02 6.6730E+01 -3.1818E-02 3.8804E-05
5.3281E+06 -3.9077E+01 4.8288E+02 7.7270E+01 -3.8752E-02 4.0812E-05
5.0561E+06 -5.7779E+01 4.4546E+02 7.4174E+01 -2.6113E-02 2.4589E-05
5.0734E+06 -7.9585E+01 4.8259E+02 7.4235E+01 -2.4009E-02 3.0901E-05
4.7110E+06 -1.8190E+01 3.9431E+02 7.5745E+01 -2.1247E-02 3.6535E-05
5.2283E+06 -3.8269E+01 4.1686E+02 6.4535E+01 -3.5632E-02 4.4979E-05
5.0615E+06 -2.9878E+01 3.2521E+02 6.0089E+01 -6.2143E-02 7.3996E-05
4.8860E+06 -1.0366E+01 4.9435E+02 1.1731E+02 -9.6041E-02 5.9257E-05
4.9234E+06 -7.8194E+01 3.4115E+02 3.9574E+01 9.8272E-03 2.5869E-05
5.1398E+06 -8.2384E+00 3.6068E+02 7.0900E+01 -8.2662E-02 8.4571E-05
5.1185E+06 -1.0101E+01 4.1344E+02 8.3273E+01 -6.3399E-02 5.9090E-05
5.0889E+06 -2.3446E+01 3.4494E+02 5.3066E+01 -3.6315E-02 5.5884E-05
4.8279E+06 -4.2048E+00 2.9248E+02 6.7192E+01 -9.8962E-02 1.1380E-04
4.8059E+06 -9.5562E+00 3.5754E+02 6.7943E+01 -2.8015E-02 4.1185E-05
4.9568E+06 -3.3728E+01 2.9538E+02 5.4520E+01 -4.4236E-02 6.9127E-05
5.0669E+06 -1.7451E+01 2.5184E+02 5.1824E+01 -8.0942E-02 1.1668E-04
4.8269E+06 -1.2749E+01 2.9142E+02 5.3355E+01 -5.2066E-02 7.9611E-05
5.2263E+06 -4.2400E+00 2.8386E+02 5.9762E+01 -9.6140E-02 1.1790E-04
5.2255E+06 -1.2454E+00 4.5343E+02 7.9043E+01 -6.7441E-02 5.9699E-05
5.0845E+06 -8.9575E+01 4.5851E+02 6.5139E+01 -1.6110E-02 2.6814E-05
5.2082E+06 -4.8878E+01 4.3574E+02 6.7091E+01 -3.8715E-02 3.8310E-05
5.1678E+06 -6.9985E+00 4.6762E+02 1.0055E+02 -1.1271E-01 9.5858E-05
4.9020E+06 -1.1855E+01 4.1800E+02 7.7750E+01 -4.3374E-02 5.0458E-05
5.2043E+06 -4.9374E+00 3.2044E+02 7.0395E+01 -1.0485E-01 1.0826E-04
4.8596E+06 -2.4854E+01 2.6978E+02 5.1535E+01 -6.2499E-02 9.4879E-05
5.2768E+06 -6.8720E+00 4.2894E+02 9.2451E+01 -9.1426E-02 7.9268E-05
5.3312E+06 -4.5355E+00 2.6957E+02 5.4027E+01 -8.0752E-02 1.1068E-04
4.9687E+06 -3.0991E+00 3.0224E+02 7.2387E+01 -9.6095E-02 1.0357E-04
5.0685E+06 -9.3877E+01 4.1146E+02 5.3758E+01 -3.5444E-03 1.9269E-05
5.1381E+06 -4.5309E+01 3.6526E+02 5.8740E+01 -3.7952E-02 5.2506E-05
5.2266E+06 7.1952E+00 3.2095E+02 6.5308E+01 -9.8542E-02 1.1092E-04
5.1625E+06 -4.1435E+01 3.7721E+02 5.5862E+01 -3.5365E-02 4.8870E-05
4.8529E+06 7.9816E+00 3.0710E+02 7.5639E+01 -1.1010E-01 1.1194E-04
4.9577E+06 -1.5887E+01 3.1687E+02 6.6148E+01 -8.1120E-02 8.9757E-05
4.8864E+06 -1.3116E+01 2.7057E+02 5.7247E+01 -7.0386E-02 9.6144E-05
4.9624E+06 -1.5601E+01 3.8136E+02 6.2785E+01 -4.0597E-02 5.2859E-05
4.9820E+06 -1.4834E+01 2.4328E+02 4.5581E+01 -6.1034E-02 1.0397E-04
4.9923E+06 -7.0830E+00 4.6073E+02 1.0174E+02 -8.9381E-02 6.7951E-05
4.9683E+06 -6.0242E+01 3.4555E+02 4.6848E+01 -2.6333E-02 5.3069E-05
5.0613E+06 -6.3200E+00 4.5144E+02 8.7336E+01 -8.8057E-02 8.3975E-05
5.1327E+06 -2.4865E+01 2.4087E+02 4.4185E+01 -7.3734E-02 1.1792E-04
4.9872E+06 -9.4872E+00 3.6722E+02 7.9868E+01 -7.3233E-02 6.8800E-05
4.8725E+06 1.3622E+01 3.3433E+02 6.7894E+01 -1.0835E-01 1.1935E-04
4.9990E+06 -1.3629E+01 4.5953E+02 9.9782E+01 -7.7755E-02 6.6432E-05
5.1898E+06 6.4261E-01 2.5499E+02 5.2154E+01 -8.7788E-02 1.2495E-04
4.9152E+06 -3.8999E+01 4.5458E+02 7.1344E+01 -3.1624E-02 3.0423E-05
5.2137E+06 -2.2010E+01 4.7634E+02 8.9160E+01 -7.4326E-02 5.5008E-05
4.8881E+06 -2.9881E+01 4.6292E+02 7.6709E+01 -2.8632E-02 3.2132E-05
5.1416E+06 -8.0140E+00 2.9625E+02 6.6057E+01 -9.6701E-02 1.0982E-04
5.1424E+06 -1.1780E+01 5.1697E+02 1.0290E+02 -9.7542E-02 7.5919E-05
4.6506E+06 -1.2185E+02 4.0240E+02 4.4807E+01 4.2935E-02 -8.6965E-06
4.4765E+06 4.8452E+00 2.7446E+02 7.8585E+01 -1.2854E-01 1.3786E-04
4.6312E+06 -3.9304E+01 4.2377E+02 8.2785E+01 -2.1913E-02 1.5596E-05
5.0906E+06 -7.4067E+01 4.6462E+02 6.8516E+01 -2.3218E-03 1.7088E-05
5.0233E+06 -3.6540E+00 3.4243E+02 7.1192E+01 -7.3990E-02 7.7707E-05
5.0604E+06 -5.1458E+01 2.9426E+02 4.6021E+01 -4.0667E-02 7.3575E-05
5.1997E+06 -6.8474E+00 4.0050E+02 8.3692E+01 -8.2021E-02 7.5070E-05
5.1046E+06 -9.0981E+00 4.7716E+02 1.0077E+02 -7.0629E-02 5.4236E-05
5.1346E+06 -9.3763E-01 2.5479E+02 5.9195E+01 -1.0160E-01 1.2931E-04
5.4309E+06 -1.7516E+01 3.8371E+02 6.8492E+01 -6.6760E-02 6.7268E-05
4.8880E+06 -5.8539E+01 4.4337E+02 7.5984E+01 -4.2799E-02 5.1808E-05
5.2464E+06 -3.8837E+01 4.4599E+02 6.0182E+01 -1.6810E-02 2.2763E-05
4.8707E+06 -2.9879E+01 4.3015E+02 7.1773E+01 -2.2026E-02 2.9761E-05
4.9684E+06 -1.0824E+02 3.3058E+02 3.7751E+01 -1.0129E-02 4.8344E-05
4.7931E+06 -6.7844E+00 3.5116E+02 6.9738E+01 -5.4251E-02 6.4104E-05
5.0797E+06 2.4981E+00 2.8712E+02 6.8050E+01 -1.1141E-01 1.2641E-04
5.1157E+06 -4.1999E+01 3.4581E+02 5.2935E+01 -3.6586E-02 5.6369E-05
5.0240E+06 -3.2542E+01 4.9201E+02 8.0736E+01 -5.0572E-02 4.7749E-05
4.9466E+06 -6.5395E+01 4.1864E+02 6.0551E+01 -1.3405E-02 2.8674E-05
4.8480E+06 -2.8903E+01 4.0498E+02 7.9960E+01 -5.1366E-02 4.5228E-05
5.1500E+06 -9.0211E+00 2.7277E+02 5.1714E+01 -7.7526E-02 1.0997E-04
5.2028E+06 -5.6675E+01 4.2505E+02 7.2054E+01 -5.0510E-02 4.6648E-05
5.3253E+06 -3.5881E+01 5.2939E+02 7.9067E+01 -3.1445E-02 2.3688E-05
5.0261E+06 -2.7969E+01 4.0921E+02 7.3512E+01 -5.5933E-02 5.2871E-05
4.9998E+06 -9.2427E+01 4.9927E+02 7.6031E+01 -2.8698E-02 2.6906E-05
5.3460E+06 -5.4482E+01 3.6866E+02 5.3900E+01 -3.1564E-02 4.4115E-05
4.9281E+06 -2.0654E+01 4.0975E+02 7.4564E+01 -4.0175E-02 4.5036E-05
5.3645E+06 -4.2518E+00 2.9081E+02 6.0463E+01 -1.0363E-01 1.2296E-04
5.0752E+06 -5.6678E+01 4.3781E+02 6.8691E+01 -2.0021E-02 2.8074E-05
5.1698E+06 -1.9609E+00 5.3488E+02 9.3654E+01 -5.7944E-02 4.2555E-05
5.1704E+06 -2.3636E+01 4.6543E+02 8.0685E+01 -4.6010E-02 4.5976E-05
5.1102E+06 -1.8528E+01 2.7765E+02 5.1014E+01 -6.0685E-02 8.9383E-05
5.2198E+06 -2.0245E+01 4.5449E+02 8.3067E+01 -5.2755E-02 4.5220E-05
5.1277E+06 -5.6505E+01 3.8042E+02 5.7697E+01 -3.2801E-02 5.0450E-05
5.1997E+06 -3.0320E+01 4.9588E+02 8.3521E+01 -3.5154E-02 2.8523E-05
5.1276E+06 2.4037E+00 3.6892E+02 7.1487E+01 -6.9067E-02 7.6841E-05
4.9963E+06 -4.0104E+01 3.6862E+02 6.8187E+01 -4.9172E-02 5.4035E-05
5.1577E+06 -5.6245E+00 3.7389E+02 7.9132E+01 -8.7781E-02 9.2088E-05
5.4166E+06 -1.6436E+01 4.9994E+02 8.7096E+01 -6.5858E-02 5.6481E-05
5.1719E+06 -2.6450E+00 2.8832E+02 5.3330E+01 -8.1614E-02 1.0736E-04
5.0018E+06 -3.5588E+01 3.7294E+02 6.1947E+01 -3.9035E-02 5.1839E-05
5.1006E+06 9.1632E+00 2.9561E+02 5.5305E+01 -7.1388E-02 9.6081E-05
5.0767E+06 -2.8654E+00 2.5685E+02 5.3321E+01 -7.6374E-02 1.1080E-04
5.1982E+06 -3.7597E+01 4.6394E+02 6.1502E+01 -9.8406E-03 2.6848E-05
5.2128E+06 -1.7962E+01 4.5497E+02 7.7055E+01 -3.4164E-02 3.3383E-05
5.2550E+06 7.3549E+00 4.3382E+02 8.9102E+01 -7.5786E-02 6.3038E-05
4.6840E+06 -1.2299E+00 3.0811E+02 6.9864E+01 -8.6901E-02 9.3942E-05
4.9164E+06 -2.2194E+00 3.3463E+02 5.3362E+01 -6.2042E-02 8.1514E-05
4.9260E+06 -1.4390E+01 4.0305E+02 7.1528E+01 -3.1016E-02 3.4724E-05
4.8776E+06 -1.6813E+01 3.5350E+02 5.7846E+01 -3.1903E-02 4.7963E-05
5.1491E+06 -1.2872E+01 3.9846E+02 7.0501E+01 -7.2639E-02 7.1506E-05
5.2572E+06 -2.9888E+01 2.7945E+02 5.0241E+01 -6.4082E-02 9.2296E-05
4.9400E+06 -2.0360E+01 2.7732E+02 4.9895E+01 -6.3700E-02 9.5784E-05
5.1268E+06 -9.8377E+01 4.3855E+02 5.4935E+01 -1.9519E-02 3.2656E-05
5.0476E+06 -5.2299E+01 3.9412E+02 6.7440E+01 -1.8923E-02 2.5615E-05
5.0934E+06 9.2843E+00 3.2427E+02 5.7615E+01 -6.5539E-02 8.3412E-05
4.6766E+06 -1.6279E+01 5.1863E+02 1.1242E+02 -9.9341E-02 7.7081E-05
4.9859E+06 -6.8377E+01 3.5388E+02 3.7138E+01 8.6666E-05 3.0161E-05
4.6716E+06 1.5141E+01 3.1425E+02 6.5595E+01 -8.7845E-02 1.0043E-04
4.7621E+06 -4.8775E+01 3.4696E+02 5.1143E+01 1.5469E-03 2.5097E-05
5.1291E+06 7.8969E+00 4.5860E+02 8.6951E+01 -6.6470E-02 5.6345E-05
5.2642E+06 -1.2205E+01 4.6879E+02 8.5962E+01 -6.6024E-02 5.8666E-05
5.2697E+06 6.2850E+00 4.9693E+02 1.0518E+02 -1.0573E-01 7.4912E-05
5.2975E+06 -2.0606E+01 5.0142E+02 8.3092E+01 -5.6473E-02 4.6793E-05
4.8727E+06 -4.1658E+01 4.0758E+02 6.8920E+01 -3.0473E-02 3.7035E-05
5.1952E+06 -1.0507E+01 3.1201E+02 6.6492E+01 -1.0238E-01 1.1049E-04
4.9783E+06 -4.0387E+00 2.4946E+02 5.3051E+01 -9.2147E-02 1.3003E-04
5.0331E+06 1.1213E+01 3.0658E+02 6.6263E+01 -9.6753E-02 1.0926E-04
5.2920E+06 6.7846E+00 4.9454E+02 7.6957E+01 -2.8750E-02 2.6664E-05
5.2802E+06 -1.0977E+01 4.7285E+02 8.7305E+01 -5.9138E-02 4.5947E-05
5.1661E+06 1.0728E+01 2.9845E+02 6.4815E+01 -8.4803E-02 1.0265E-04
4.8748E+06 -6.2616E+01 3.2506E+02 4.0530E+01 -1.2113E-02 4.1845E-05
5.1471E+06 -1.7553E+01 3.1545E+02 6.2592E+01 -9.6910E-02 1.0819E-04
5.1476E+06 1.5816E+01 3.4701E+02 6.6655E+01 -7.3731E-02 8.2977E-05
5.0227E+06 3.6938E+00 4.8498E+02 9.8482E+01 -7.8951E-02 6.3443E-05
4.9644E+06 1.6359E+01 5.0246E+02 1.0425E+02 -8.9770E-02 7.7938E-05
4.9334E+06 -4.5189E+01 4.8365E+02 8.2243E+01 -4.1814E-02 3.8890E-05
5.0696E+06 -8.0296E+01 4.6831E+02 7.3162E+01 -1.8784E-02 2.4986E-05
4.9972E+06 2.2277E+01 3.2215E+02 6.3879E+01 -9.7550E-02 1.2010E-04
5.0948E+06 -8.4428E+01 4.5395E+02 5.6530E+01 5.7257E-03 2.2784E-05
4.8119E+06 -1.2543E+01 3.5692E+02 7.0459E+01 -6.6411E-02 6.9061E-05
5.0309E+06 -2.7670E+01 4.5790E+02 8.0203E+01 -2.6764E-02 3.4446E-05
5.0130E+06 -2.8219E+01 3.2336E+02 6.2715E+01 -6.8273E-02 7.7477E-05
4.9869E+06 -1.7114E+00 2.4240E+02 5.3401E+01 -9.4536E-02 1.3410E-04
4.6158E+06 -6.5182E+01 4.7004E+02 7.8571E+01 2.5444E-03 2.1577E-06
5.4611E+06 -3.3712E+01 4.2213E+02 6.2063E+01 -3.6283E-02 4.3160E-05
5.1756E+06 -7.3971E+00 4.9886E+02 1.0083E+02 -9.5923E-02 7.2182E-05
5.2153E+06 -9.3298E+00 3.6839E+02 7.0866E+01 -7.0561E-02 7.0964E-05
4.5843E+06 -5.1314E+00 2.8828E+02 5.8683E+01 -8.6788E-02 1.0996E-04
5.0847E+06 -1.1025E+01 3.3360E+02 5.9637E+01 -4.1690E-02 5.8255E-05
4.7637E+06 -3.4579E+01 3.2393E+02 6.2884E+01 -7.5279E-02 8.7110E-05
4.7709E+06 -1.2443E+01 2.9174E+02 6.1699E+01 -8.3157E-02 1.0221E-04
5.0281E+06 -2.4194E+01 4.5463E+02 8.9919E+01 -8.1397E-02 7.7145E-05
4.8908E+06 -3.5205E+01 4.2060E+02 8.0403E+01 -5.6263E-02 5.1969E-05
4.9063E+06 -2.7091E+01 3.4682E+02 6.6650E+01 -5.4319E-02 6.4056E-05
4.7330E+06 8.2964E+00 2.8208E+02 6.2811E+01 -9.1560E-02 1.1099E-04
5.0683E+06 -3.2787E+00 4.0824E+02 8.0374E+01 -7.8728E-02 7.3115E-05
5.1790E+06 1.5156E+00 2.8534E+02 6.0547E+01 -9.8090E-02 1.1812E-04
4.8199E+06 -3.1971E+01 4.4151E+02 7.9107E+01 -4.1758E-02 4.4705E-05
4.9767E+06 -5.0851E+00 3.0769E+02 5.9717E+01 -9.2083E-02 1.0748E-04
5.2046E+06 2.5967E+00 3.9883E+02 7.8945E+01 -8.7447E-02 7.9013E-05
5.3114E+06 -1.0165E+02 4.2409E+02 4.8922E+01 -1.3940E-03 1.9038E-05
5.1778E+06 -1.4608E+01 4.6567E+02 8.9475E+01 -8.4389E-02 7.7246E-05
5.3375E+06 -4.7904E+00 4.9604E+02 9.5516E+01 -1.1677E-01 9.9290E-05
4.9576E+06 -5.7888E+01 4.9891E+02 8.1740E+01 -2.8588E-02 2.2370E-05
5.2134E+06 1.2288E+00 3.8144E+02 8.3183E+01 -9.0328E-02 8.3407E-05
5.2612E+06 -3.4612E+01 2.9960E+02 4.7125E+01 -4.3553E-02 7.2637E-05
4.8501E+06 -1.4135E+02 4.0213E+02 3.9730E+01 2.3743E-02 8.3792E-06
5.0093E+06 -3.4710E+00 3.2608E+02 6.7283E+01 -7.3592E-02 8.2001E-05
5.2383E+06 -3.5798E+01 3.8299E+02 6.4079E+01 -5.6419E-02 7.0010E-05
5.2125E+06 -6.3692E+01 3.9610E+02 6.2690E+01 -1.4521E-02 3.1676E-05
4.3726E+06 -5.0399E+00 2.5924E+02 6.1332E+01 -7.8941E-02 1.0583E-04
4.7899E+06 -6.5694E+00 3.3538E+02 7.4764E+01 -9.5731E-02 9.8125E-05
5.1759E+06 -4.5498E+01 5.0371E+02 6.5247E+01 -1.2629E-02 2.8051E-05
5.0977E+06 -3.3613E+00 3.0641E+02 6.1448E+01 -8.6759E-02 1.0513E-04
4.9782E+06 1.5304E+01 3.1658E+02 6.7060E+01 -9.5089E-02 1.0861E-04
5.1499E+06 -6.2103E+00 3.4065E+02 7.1046E+01 -8.7026E-02 8.9775E-05
5.1191E+06 -6.3159E+00 2.5068E+02 5.0737E+01 -7.8758E-02 1.1923E-04
5.3103E+06 -8.7146E+00 4.1717E+02 7.6723E+01 -6.6417E-02 6.2391E-05
5.2481E+06 -1.5729E+01 4.5866E+02 9.6124E+01 -7.3286E-02 5.5110E-05
4.9072E+06 -1.7013E+01 3.7509E+02 6.3518E+01 -1.6576E-02 3.5152E-05
4.9993E+06 -5.2943E+00 4.5103E+02 9.2454E+01 -6.3966E-02 5.8095E-05
4.7592E+06 1.9140E+01 3.0722E+02 6.3077E+01 -7.7474E-02 9.2742E-05
5.0485E+06 -1.9426E+01 3.7215E+02 5.9984E+01 -4.9990E-02 6.2331E-05
5.3136E+06 -1.5210E+01 4.5280E+02 8.2984E+01 -6.8715E-02 6.1389E-05
4.9601E+06 -3.4975E+01 2.7607E+02 4.8174E+01 -3.4879E-02 6.8691E-05
5.0471E+06 -1.6623E+01 3.0258E+02 5.1295E+01 -4.9493E-02 7.7566E-05
5.0177E+06 -3.9151E+01 2.7761E+02 3.8504E+01 -5.0172E-02 9.3268E-05
4.7552E+06 -4.0431E+01 4.4154E+02 6.2763E+01 -5.5103E-03 1.6190E-05
4.9962E+06 -1.5097E+01 2.6092E+02 4.8932E+01 -7.8716E-02 1.1569E-04
4.8955E+06 -3.8611E+01 4.8840E+02 7.8899E+01 -3.6159E-02 2.9794E-05
4.8763E+06 -3.9979E+01 5.1789E+02 8.4834E+01 -5.1509E-02 4.0694E-05
4.8436E+06 -5.9999E+01 3.3326E+02 5.0996E+01 -1.2347E-02 3.7628E-05
5.0812E+06 -4.5938E+01 3.8551E+02 5.8535E+01 -2.0861E-02 3.7506E-05
4.9426E+06 -2.1753E+01 3.8728E+02 6.7498E+01 -4.3843E-02 5.0571E-05
5.0377E+06 -4.8230E+01 4.4236E+02 7.6874E+01 -4.0052E-02 4.8683E-05
5.1042E+06 1.2590E+01 3.5842E+02 7.2752E+01 -7.0689E-02 7.1297E-05
5.2562E+06 1.0321E+01 4.4092E+02 7.6980E+01 -6.0585E-02 5.6481E-05
4.9719E+06 -6.4708E+00 3.2265E+02 6.9524E+01 -8.8318E-02 9.2056E-05
4.8641E+06 -1.7796E+01 2.8656E+02 5.0782E+01 -5.3748E-02 8.3627E-05
4.8967E+06 -5.4829E+01 3.3356E+02 4.8309E+01 -2.8693E-02 5.4651E-05
5.0913E+06 -1.0849E+01 3.0269E+02 5.9876E+01 -6.5803E-02 8.9765E-05
5.1844E+06 -8.3335E+00 3.8310E+02 7.2248E+01 -7.7698E-02 7.5724E-05
4.9260E+06 -2.5015E+01 3.6730E+02 5.5793E+01 -3.3374E-02 5.2273E-05
4.8903E+06 -7.6937E+01 3.7870E+02 4.8071E+01 -1.5158E-02 3.5666E-05
5.3593E+06 -4.7229E+01 3.6706E+02 5.8872E+01 -3.9951E-02 5.3294E-05
5.3341E+06 -2.5400E+00 3.8488E+02 6.3089E+01 -6.5732E-02 7.3183E-05
5.0443E+06 -3.5915E+00 3.4048E+02 6.7452E+01 -7.3128E-02 7.8244E-05
5.0083E+06 -3.0696E+01 4.9118E+02 8.5230E+01 -4.9066E-02 4.1718E-05
5.2265E+06 -5.9582E+01 4.5335E+02 7.4250E+01 -4.9854E-02 4.6821E-05
4.7151E+06 -1.7945E+01 4.1197E+02 7.8297E+01 -3.9619E-02 3.8143E-05
5.0830E+06 2.8420E+00 2.8387E+02 5.2142E+01 -6.2882E-02 9.3719E-05
4.8954E+06 -7.8197E+01 3.9972E+02 4.6876E+01 1.4832E-03 2.4155E-05
5.0726E+06 -1.1853E+01 4.2178E+02 7.9670E+01 -4.9134E-02 4.3208E-05
5.2278E+06 -1.2675E-01 2.4805E+02 5.0390E+01 -8.3468E-02 1.2315E-04
5.3574E+06 -1.7339E+01 4.9225E+02 7.6002E+01 -3.3182E-02 3.1233E-05
5.1865E+06 -4.2347E+00 5.5218E+02 8.9425E+01 -7.3865E-02 5.4076E-05
4.8308E+06 -1.3759E+02 4.0912E+02 4.3238E+01 4.3822E-02 -1.3429E-05
5.0422E+06 -2.7461E+01 2.6238E+02 4.6817E+01 -8.1777E-02 1.2004E-04
5.2186E+06 -2.9714E+00 4.6531E+02 8.0404E+01 -6.7531E-02 6.4517E-05
5.2107E+06 -1.2887E+00 4.0185E+02 8.4478E+01 -7.3005E-02 6.4201E-05
5.4175E+06 -1.4716E+01 4.2971E+02 7.7987E+01 -5.2378E-02 5.1200E-05
5.1191E+06 3.0610E+00 4.9983E+02 1.1238E+02 -1.1437E-01 8.2541E-05
5.2264E+06 -1.5593E+00 5.3060E+02 8.7354E+01 -6.5011E-02 6.0245E-05
4.8233E+06 -5.4828E+01 4.5248E+02 8.0781E+01 -8.2615E-02 6.8835E-05
5.1314E+06 -8.3056E+00 4.4006E+02 8.2019E+01 -6.2642E-02 5.5152E-05
5.0710E+06 -3.4174E+00 3.4487E+02 7.3198E+01 -7.1802E-02 7.5509E-05
4.8867E+06 6.1346E-01 3.4048E+02 7.0828E+01 -5.4548E-02 6.4560E-05
5.2073E+06 -5.1963E+00 4.3641E+02 8.7859E+01 -7.5715E-02 6.6890E-05
5.1293E+06 -3.3177E+00 5.0069E+02 1.0962E+02 -1.0034E-01 6.7405E-05
5.0853E+06 -1.5540E+01 4.2946E+02 8.6784E+01 -6.9613E-02 5.9176E-05
5.1624E+06 -2.7833E+01 3.9841E+02 6.3535E+01 -3.1412E-02 3.8982E-05
5.1049E+06 -2.9396E+00 3.8438E+02 8.6100E+01 -9.8080E-02 8.2660E-05
5.1245E+06 -2.1528E+01 4.3942E+02 6.7893E+01 -1.2400E-02 2.3513E-05
5.0419E+06 -1.7530E+01 4.3306E+02 8.6542E+01 -4.9455E-02 4.3402E-05
4.8904E+06 -6.7949E+01 4.0511E+02 6.4269E+01 -2.6670E-02 3.6223E-05
5.1472E+06 -1.3234E+01 3.3084E+02 5.2894E+01 -5.9760E-02 7.7408E-05
5.0572E+06 -1.9921E+00 4.3025E+02 8.9088E+01 -7.2089E-02 5.8517E-05
4.8563E+06 -1.1929E-01 3.0776E+02 6.4296E+01 -9.6957E-02 1.1222E-04
5.4646E+06 -8.8968E+00 4.2049E+02 7.4352E+01 -6.9913E-02 6.7479E-05
5.0666E+06 -6.3000E+01 4.2333E+02 6.5879E+01 -2.3293E-02 3.1867E-05
4.8969E+06 -6.7875E+01 2.9802E+02 3.4638E+01 -1.1032E-04 4.0053E-05
5.2340E+06 -1.0457E+01 3.1657E+02 6.2808E+01 -7.6937E-02 9.1520E-05
5.0828E+06 -1.3385E+01 5.0787E+02 9.3542E+01 -5.4117E-02 4.5780E-05
4.8882E+06 -3.5277E+01 5.0238E+02 7.1989E+01 -1.4099E-02 2.2030E-05
5.2816E+06 -1.3895E+01 4.7452E+02 9.2938E+01 -7.0181E-02 5.5872E-05
4.8850E+06 -1.0959E+01 3.5442E+02 7.1676E+01 -7.8368E-02 8.7673E-05
4.9806E+06 -2.5296E+00 4.9170E+02 8.8107E+01 -8.0918E-02 8.0405E-05
5.0892E+06 -2.2019E+01 3.5451E+02 7.5109E+01 -7.5678E-02 7.5962E-05
5.0539E+06 -2.0706E+01 3.5679E+02 6.0439E+01 -4.1610E-02 5.5195E-05
4.9322E+06 -8.1663E+01 4.6808E+02 6.7630E+01 7.0623E-03 3.6253E-06
5.2890E+06 -6.2020E+01 4.5408E+02 6.8032E+01 -2.5539E-02 2.7128E-05
5.2478E+06 -2.1876E+01 3.9590E+02 7.4308E+01 -6.5735E-02 6.6352E-05
4.8564E+06 -4.9789E+01 3.7916E+02 6.1594E+01 -2.8223E-02 4.2556E-05
4.6725E+06 -5.1528E+00 2.7014E+02 6.4292E+01 -1.0043E-01 1.2182E-04
4.9389E+06 -7.6675E+01 4.6489E+02 6.0672E+01 -1.0269E-02 2.5283E-05
4.9467E+06 -1.9440E+00 3.6872E+02 6.5509E+01 -3.4103E-02 4.6393E-05
5.1487E+06 -1.0572E+01 3.3902E+02 6.8459E+01 -6.9460E-02 7.4969E-05
5.1616E+06 -7.1288E+00 3.9299E+02 8.2300E+01 -7.6008E-02 7.0178E-05
4.6642E+06 -2.4840E+01 2.9830E+02 5.4567E+01 -4.9958E-02 7.2290E-05
5.2708E+06 -2.5199E+01 5.4594E+02 8.7872E+01 -7.2789E-02 5.5679E-05
5.3170E+06 -5.3304E+01 3.7598E+02 5.6163E+01 -3.2012E-02 5.3728E-05
5.2539E+06 -5.6071E+01 4.2801E+02 6.3365E+01 -3.6909E-02 4.1604E-05
5.3708E+06 -8.1886E+00 4.3260E+02 9.0841E+01 -9.7377E-02 7.8437E-05
4.6283E+06 -2.4560E+00 2.7389E+02 6.1127E+01 -8.7590E-02 1.1297E-04
5.1307E+06 -2.6950E+01 4.8753E+02 8.0890E+01 -3.1186E-02 3.2709E-05
4.9171E+06 -2.1511E+01 3.7928E+02 7.0212E+01 -5.3199E-02 5.6211E-05
5.1702E+06 -3.9123E+01 3.6312E+02 6.3147E+01 -5.2171E-02 6.2928E-05
5.0349E+06 -1.5211E+01 2.4572E+02 5.1920E+01 -8.6044E-02 1.2247E-04
5.0243E+06 -2.6005E+01 3.0256E+02 5.4119E+01 -6.5459E-02 8.9748E-05
4.8861E+06 -3.0586E+01 3.6323E+02 6.5502E+01 -5.8503E-02 6.7619E-05
5.1911E+06 -9.1658E+01 4.7313E+02 6.1628E+01 -2.6445E-02 3.5134E-05
5.0499E+06 -4.5560E+01 4.6307E+02 7.9839E+01 -4.1982E-02 4.1040E-05
5.1644E+06 -1.1030E+01 4.3496E+02 8.7278E+01 -7.6783E-02 7.8973E-05
4.8224E+06 -6.5795E+01 4.6995E+02 7.4271E+01 -9.1827E-03 1.1201E-05
4.9129E+06 -3.2825E+00 3.2924E+02 5.5208E+01 -6.0300E-02 8.0064E-05
4.8166E+06 1.7237E+01 5.2886E+02 1.0227E+02 -6.6117E-02 3.4871E-05
5.0109E+06 -4.5950E+01 3.9461E+02 6.4703E+01 -5.1003E-02 5.6337E-05
4.5277E+06 -1.9436E+01 2.4678E+02 4.9985E+01 -5.2948E-02 9.2746E-05
4.9430E+06 5.4309E-01 3.8486E+02 7.6550E+01 -7.9869E-02 7.3943E-05
4.9600E+06 3.3673E+00 3.3587E+02 8.2203E+01 -1.1392E-01 1.0564E-04
5.2063E+06 -1.9433E+01 4.5311E+02 8.1218E+01 -3.2300E-02 3.2158E-05
5.1190E+06 -1.1570E+01 4.6142E+02 1.0592E+02 -1.0143E-01 7.7361E-05
5.0699E+06 -1.6078E+01 4.3231E+02 8.7127E+01 -7.0306E-02 6.0580E-05
5.0562E+06 -5.0583E+00 3.6164E+02 6.8464E+01 -8.7694E-02 8.8830E-05
5.1732E+06 -6.3221E+01 4.2175E+02 5.7550E+01 -1.7268E-02 3.2625E-05
5.2014E+06 1.1100E+00 3.9086E+02 6.7600E+01 -5.0294E-02 5.8800E-05
5.3136E+06 -4.5878E+01 4.3191E+02 7.2278E+01 -4.5358E-02 4.4037E-05
5.4338E+06 1.7600E+01 5.2455E+02 8.7471E+01 -8.0986E-02 6.4417E-05
4.9612E+06 -2.1326E+01 3.0521E+02 5.2709E+01 -5.9808E-02 8.1616E-05
4.9362E+06 -1.5089E+01 2.9046E+02 6.0434E+01 -8.8727E-02 1.0831E-04
4.8590E+06 -4.7542E+01 3.9883E+02 6.6401E+01 -3.9316E-02 4.8635E-05
4.9344E+06 -8.1644E+01 4.9801E+02 7.3219E+01 -6.4533E-02 5.5769E-05
5.1793E+06 -1.7231E+01 3.3342E+02 5.7501E+01 -5.4351E-02 7.0507E-05
5.0664E+06 -7.7005E+01 4.8916E+02 7.4665E+01 -4.7495E-02 5.0051E-05
5.2381E+06 8.2729E-01 5.3983E+02 9.0065E+01 -5.1689E-02 3.6266E-05
4.8993E+06 -1.9596E+00 3.8271E+02 7.9678E+01 -4.4905E-02 5.0653E-05
5.2901E+06 -9.6054E+00 4.5295E+02 7.5180E+01 -5.0561E-02 4.8950E-05
5.2488E+06 -1.8474E+01 4.1393E+02 6.7851E+01 -5.4690E-02 5.9535E-05
5.0980E+06 -7.4059E+01 3.6155E+02 5.3817E+01 -3.4666E-02 6.0217E-05
5.3284E+06 -2.0799E+01 5.0902E+02 9.4430E+01 -8.9284E-02 6.6230E-05
4.9826E+06 -8.6518E+01 4.5677E+02 5.4469E+01 -1.6848E-02 2.6881E-05
5.0076E+06 3.1359E+00 2.6277E+02 5.7797E+01 -1.0672E-01 1.3606E-04
4.9496E+06 -2.5848E+01 3.1999E+02 6.0707E+01 -6.1999E-02 7.7892E-05
5.0523E+06 -2.0404E+01 3.4974E+02 4.9305E+01 -1.0861E-02 4.1758E-05
5.0255E+06 -8.7030E+01 4.8335E+02 6.3967E+01 -3.0048E-02 3.5272E-05
5.0038E+06 -6.8390E+01 3.9538E+02 6.1559E+01 -2.6195E-02 3.5939E-05
4.9828E+06 -1.5135E+01 2.9479E+02 6.0942E+01 -8.2851E-02 1.0297E-04
5.2146E+06 9.9980E+00 3.1340E+02 5.9449E+01 -8.6520E-02 1.0340E-04
5.1108E+06 -1.0567E+01 4.9655E+02 9.4790E+01 -6.7114E-02 6.1179E-05
5.0798E+06 -1.4080E+01 3.4915E+02 5.8125E+01 -5.3301E-02 6.6838E-05
5.0026E+06 -2.0488E+00 3.8385E+02 8.8376E+01 -1.1194E-01 9.9296E-05
4.9288E+06 -7.6972E+00 2.5803E+02 5.1267E+01 -5.7041E-02 9.3505E-05
4.7413E+06 -4.6751E+00 2.8949E+02 6.1177E+01 -7.7920E-02 1.0048E-04
5.0882E+06 -5.3267E+01 4.3251E+02 4.9562E+01 -2.4069E-02 3.8721E-05
5.0376E+06 -4.4115E+01 3.2661E+02 5.6764E+01 -4.1195E-02 6.0997E-05
4.8864E+06 -1.2967E+01 4.5166E+02 8.9164E+01 -6.3069E-02 4.9577E-05
5.1438E+06 -1.0026E+02 4.6699E+02 6.2892E+01 -4.3628E-03 1.5170E-05
5.1517E+06 -3.0383E+01 4.9546E+02 8.0684E+01 -4.8885E-02 5.2485E-05
5.1438E+06 1.4355E+01 4.7765E+02 8.2671E+01 -5.4331E-02 5.1083E-05
4.9536E+06 9.9062E+00 2.7302E+02 6.3645E+01 -1.0993E-01 1.3217E-04
5.2455E+06 -4.5213E+00 4.6954E+02 9.9803E+01 -1.0072E-01 7.9658E-05
5.1167E+06 -7.0317E+00 2.6951E+02 5.2573E+01 -8.2561E-02 1.1178E-04
5.3301E+06 -5.8408E+01 4.1814E+02 6.3391E+01 -3.5279E-02 3.9668E-05
5.0235E+06 -7.6583E+01 4.7718E+02 7.3503E+01 -3.2389E-03 1.1922E-05
5.1962E+06 -5.8372E+01 3.6010E+02 5.6056E+01 -3.2352E-02 4.7755E-05
5.1926E+06 2.5061E-01 2.5504E+02 5.2118E+01 -8.3609E-02 1.1908E-04
5.1363E+06 -2.1347E+01 3.2162E+02 6.6776E+01 -9.1706E-02 1.0314E-04
5.1908E+06 -2.1717E+01 4.8904E+02 8.5244E+01 -6.3933E-02 4.4726E-05
5.0613E+06 -3.3638E+01 5.0881E+02 8.0789E+01 -5.9738E-02 5.3870E-05
4.8624E+06 -4.6286E+00 2.9206E+02 6.2291E+01 -9.3466E-02 1.1221E-04
5.2711E+06 1.3270E+01 4.8614E+02 7.7760E+01 -3.3740E-02 2.9737E-05
5.2444E+06 -3.8259E+01 3.1555E+02 5.1163E+01 -3.5147E-02 5.8490E-05
5.1638E+06 -1.5584E+01 3.3575E+02 5.5480E+01 -5.3442E-02 6.9600E-05
5.0537E+06 -8.9779E+01 5.0533E+02 6.7680E+01 -8.7752E-03 1.7000E-05
5.2481E+06 -1.6118E+01 4.4855E+02 9.0362E+01 -7.2757E-02 5.9867E-05
4.9455E+06 -3.5284E+01 4.3097E+02 7.6424E+01 -4.3819E-02 3.9346E-05
4.8670E+06 -6.4451E+00 3.3557E+02 7.5968E+01 -1.0207E-01 1.0004E-04
4.8425E+06 -5.5761E+01 4.1004E+02 7.0297E+01 -4.1513E-02 4.3600E-05
5.1770E+06 -1.7966E+01 3.0534E+02 5.6354E+01 -6.8953E-02 8.7656E-05
4.9932E+06 9.4265E-01 4.3130E+02 8.6921E+01 -7.5691E-02 5.9401E-05
5.1661E+06 1.2346E+00 3.6739E+02 7.5299E+01 -7.9489E-02 7.7709E-05
5.1119E+06 -4.3688E+01 4.1967E+02 7.6966E+01 -5.2648E-02 4.9189E-05
4.9723E+06 8.0586E+00 4.9128E+02 9.3231E+01 -8.1392E-02 7.0394E-05
5.1364E+06 -2.1766E+01 3.7478E+02 6.3895E+01 -4.2334E-02 5.1376E-05
4.8852E+06 -3.7657E+01 3.1765E+02 5.6657E+01 -3.9747E-02 6.0027E-05
5.2525E+06 -2.8971E+01 4.4992E+02 7.0904E+01 -4.0223E-02 3.9490E-05
4.8892E+06 -1.9865E+00 2.5782E+02 5.8589E+01 -8.4362E-02 1.1178E-04
5.0984E+06 -2.8128E+01 3.4556E+02 6.7441E+01 -8.0302E-02 8.3197E-05
5.2994E+06 -6.1077E+00 4.5103E+02 8.2211E+01 -7.8646E-02 7.4554E-05
5.1419E+06 -1.1779E+00 4.0204E+02 8.3744E+01 -8.9936E-02 7.6678E-05
4.8222E+06 -4.3857E+01 4.2395E+02 6.6534E+01 -4.8712E-02 4.3561E-05
4.8861E+06 -4.8490E+01 3.6291E+02 6.2169E+01 -1.7816E-02 2.9797E-05
5.1385E+06 -3.2576E+01 3.8414E+02 5.6995E+01 -5.0226E-02 6.1644E-05
5.3335E+06 -8.0002E+01 4.4307E+02 6.2524E+01 -5.2402E-03 1.5078E-05
5.0475E+06 -2.8798E+01 3.2327E+02 5.5538E+01 -4.6096E-02 6.6117E-05
5.0388E+06 -1.3867E+01 2.8869E+02 5.3039E+01 -9.9352E-02 1.2532E-04
5.0001E+06 -2.7819E+01 3.6844E+02 6.9539E+01 -9.1123E-02 8.8356E-05
5.1725E+06 -5.8272E+00 3.5969E+02 6.9236E+01 -7.1562E-02 7.4912E-05
5.0363E+06 -4.6756E+01 4.4028E+02 7.8876E+01 -4.4145E-02 4.0760E-05
5.2662E+06 2.2924E+01 4.6136E+02 9.3620E+01 -8.8258E-02 6.8826E-05
5.0177E+06 -4.4348E+01 3.7532E+02 5.8348E+01 -3.3001E-02 4.8104E-05
5.2040E+06 -4.2043E+01 4.6511E+02 7.8414E+01 -5.2951E-02 4.5119E-05
4.8528E+06 -2.7852E+01 4.8735E+02 7.7889E+01 -1.9149E-02 2.2782E-05
4.9723E+06 -4.4484E+01 4.2597E+02 6.6760E+01 -2.5112E-02 2.7008E-05
4.9680E+06 9.8897E+00 2.9220E+02 5.6933E+01 -8.1304E-02 1.0489E-04
5.2037E+06 -2.9074E+01 4.1156E+02 8.2727E+01 -7.5659E-02 7.0394E-05
4.9985E+06 -3.3692E+01 4.0921E+02 7.2797E+01 -2.0727E-02 2.6752E-05
4.9184E+06 -5.9104E+01 2.9302E+02 4.3823E+01 -2.1652E-02 6.3312E-05
4.9568E+06 -1.5812E+00 2.8261E+02 6.3548E+01 -9.4186E-02 1.1268E-04
4.8798E+06 4.0440E+00 3.5430E+02 7.9683E+01 -1.0712E-01 1.0024E-04
5.2165E+06 -2.6110E+01 4.9303E+02 7.6094E+01 -3.3529E-02 3.2853E-05
4.9563E+06 -1.0366E+01 3.5741E+02 7.4821E+01 -8.4031E-02 8.3843E-05
5.0416E+06 1.4064E+01 3.1479E+02 7.0325E+01 -1.1088E-01 1.1927E-04
5.0153E+06 -1.7623E+01 2.5376E+02 4.9435E+01 -8.2106E-02 1.2169E-04
5.0142E+06 -8.8042E+01 4.5010E+02 6.0080E+01 6.4221E-03 1.0898E-05
5.1760E+06 -7.0733E+01 4.7524E+02 7.2024E+01 -1.6245E-02 2.3892E-05
4.8511E+06 -9.9743E+00 3.5165E+02 6.3114E+01 -6.3532E-02 7.7236E-05
5.0454E+06 -2.9466E+01 2.8042E+02 4.8138E+01 -5.0506E-02 8.3501E-05
5.0279E+06 -9.0364E+00 3.4952E+02 7.2178E+01 -7.3977E-02 7.7914E-05
4.9448E+06 -1.8747E+01 4.4287E+02 8.7792E+01 -4.2405E-02 3.8065E-05
5.2881E+06 -1.4658E+01 3.2215E+02 4.7578E+01 -6.8653E-02 9.2932E-05
5.0794E+06 -4.9490E+00 4.3805E+02 1.0025E+02 -7.7448E-02 6.1451E-05
5.0788E+06 -1.1082E+01 4.1820E+02 7.3167E+01 -3.8083E-02 4.5367E-05
5.1790E+06 1.8298E+01 3.8052E+02 7.4609E+01 -9.0356E-02 9.1533E-05
5.1254E+06 -8.8724E+00 2.6645E+02 5.1478E+01 -8.0742E-02 1.1337E-04
5.1439E+06 -1.4226E+01 4.5062E+02 8.7476E+01 -7.3376E-02 6.6608E-05
5.1305E+06 -1.6901E+01 4.1331E+02 7.2523E+01 -6.2546E-02 6.1766E-05
4.9591E+06 -5.8529E-01 3.0890E+02 6.3748E+01 -7.6932E-02 9.2127E-05
5.0873E+06 -1.0725E+01 4.6908E+02 8.8433E+01 -7.1562E-02 5.6586E-05
4.9210E+06 -8.3821E+00 2.8474E+02 5.5635E+01 -7.4227E-02 1.0090E-04
4.9952E+06 -5.8639E+01 4.3952E+02 6.7951E+01 -4.4164E-03 1.2667E-05
5.0246E+06 1.4268E+01 5.0873E+02 9.4167E+01 -3.6382E-02 2.8401E-05
5.0536E+06 1.6372E+01 3.2030E+02 7.3295E+01 -1.1818E-01 1.2722E-04
5.1428E+06 -6.2019E+00 3.1022E+02 5.4485E+01 -6.5076E-02 8.7940E-05
4.8298E+06 -1.0521E+02 4.4420E+02 5.6240E+01 1.3397E-02 1.6695E-05
4.8725E+06 -8.1561E+00 4.0409E+02 7.3661E+01 -3.1853E-02 3.8247E-05
4.6039E+06 -2.8895E+01 4.0972E+02 8.5514E+01 -1.0748E-01 1.0080E-04
5.1839E+06 -2.3311E+01 4.3458E+02 6.3284E+01 -4.5036E-02 4.8337E-05
5.1800E+06 -4.2983E+01 3.5472E+02 6.0723E+01 -6.1882E-02 7.1235E-05
4.9520E+06 -9.1300E+00 3.1984E+02 6.4983E+01 -8.6678E-02 1.0021E-04
4.8905E+06 -3.8637E+00 2.9457E+02 6.8445E+01 -9.6731E-02 1.0630E-04
4.8889E+06 -5.4758E+01 4.5216E+02 7.5744E+01 -5.5130E-02 6.9585E-05
5.1043E+06 -1.0910E+01 4.3804E+02 8.7656E+01 -7.0353E-02 5.8339E-05
4.8809E+06 -3.1707E+00 3.0411E+02 6.1465E+01 -7.8524E-02 9.7170E-05
4.9838E+06 -6.2131E+00 2.6263E+02 4.8837E+01 -6.9997E-02 1.0755E-04
5.1407E+06 -1.7347E+01 3.5225E+02 6.4764E+01 -5.3998E-02 6.7343E-05
5.0023E+06 2.9606E+01 5.0441E+02 9.9621E+01 -6.9088E-02 5.9125E-05
4.9143E+06 1.1031E+01 4.7532E+02 9.7142E+01 -7.1890E-02 5.2048E-05
4.9150E+06 -8.8373E+01 4.4753E+02 6.4678E+01 3.9549E-03 1.3572E-05
4.9571E+06 -3.9022E+01 3.3931E+02 6.1077E+01 -4.5493E-02 7.0202E-05
5.1853E+06 -1.3452E+01 4.6505E+02 1.0131E+02 -9.9440E-02 7.3281E-05
5.1862E+06 -4.3281E+01 3.8718E+02 6.4958E+01 -4.7413E-02 5.1400E-05
5.0970E+06 -4.5906E+00 3.8628E+02 7.4992E+01 -6.5191E-02 6.5291E-05
5.5126E+06 -3.0829E+01 4.7039E+02 7.6893E+01 -5.4542E-02 4.9602E-05
5.1112E+06 1.7044E+01 4.7022E+02 9.6903E+01 -7.5669E-02 5.9510E-05
5.0290E+06 -4.1506E+00 2.7206E+02 5.7756E+01 -9.3535E-02 1.2031E-04
5.0386E+06 -2.2005E+00 3.4733E+02 6.4874E+01 -5.8327E-02 6.7124E-05
5.1330E+06 -2.0655E+01 4.1021E+02 7.5423E+01 -5.5479E-02 6.1116E-05
5.1527E+06 -1.4224E+00 3.1888E+02 6.2125E+01 -1.0060E-01 1.1238E-04
5.2839E+06 -7.3203E-01 4.6555E+02 1.0539E+02 -1.0775E-01 8.7914E-05
4.9192E+06 -1.8171E+01 4.8965E+02 1.0090E+02 -6.4473E-02 4.5734E-05
4.9797E+06 -7.9338E+00 3.3397E+02 7.2595E+01 -6.5552E-02 7.0785E-05
4.9495E+06 -2.9787E+01 4.2188E+02 6.3114E+01 -6.9535E-04 2.1974E-05
5.0230E+06 -1.8386E+01 4.0398E+02 7.5243E+01 -7.7847E-02 7.5139E-05
5.1959E+06 1.0395E+01 5.2783E+02 1.0033E+02 -9.0425E-02 6.5810E-05
4.9751E+06 -1.6507E+01 3.5164E+02 6.4492E+01 -6.3150E-02 7.1343E-05
5.0076E+06 -7.6738E-01 5.0631E+02 1.0442E+02 -7.4918E-02 5.7162E-05
4.9934E+06 -2.7906E+01 4.6078E+02 8.0924E+01 -6.5664E-02 6.1909E-05
4.8444E+06 -2.9994E+00 2.7477E+02 5.4739E+01 -7.0077E-02 1.0097E-04
4.9133E+06 -3.8027E+01 3.9281E+02 7.0803E+01 -6.5531E-02 6.3213E-05
4.6143E+06 -3.0500E+01 3.5050E+02 6.7019E+01 -2.9496E-02 3.8315E-05
5.0740E+06 8.0346E+00 4.2156E+02 9.5164E+01 -1.0372E-01 7.9009E-05
5.0632E+06 -4.5229E+01 3.5995E+02 5.7833E+01 -3.5313E-02 5.0145E-05
5.3458E+06 3.0150E+00 4.2291E+02 8.8538E+01 -8.2486E-02 7.0336E-05
5.2598E+06 -3.3313E+01 5.0660E+02 8.5107E+01 -5.2146E-02 4.1872E-05
4.9405E+06 -7.8977E+01 4.6012E+02 7.0684E+01 -8.6136E-03 1.6725E-05
4.8987E+06 -2.0651E+01 3.0751E+02 6.4402E+01 -8.0781E-02 9.8317E-05
5.0675E+06 -1.1495E+01 4.2134E+02 9.1242E+01 -9.3739E-02 8.5042E-05
4.8957E+06 -4.6448E+00 3.1137E+02 7.1356E+01 -8.4236E-02 9.4396E-05
5.0382E+06 -1.5035E+01 2.8009E+02 6.1317E+01 -1.0727E-01 1.2710E-04
5.1691E+06 -3.8962E-01 2.9183E+02 6.0888E+01 -8.4959E-02 1.0405E-04
5.0175E+06 5.6573E+00 4.3827E+02 8.0808E+01 -1.0066E-01 8.9029E-05
5.0010E+06 -1.1379E+01 4.1526E+02 8.0523E+01 -4.9980E-02 5.1720E-05
4.8271E+06 -7.6438E+00 2.6622E+02 5.9041E+01 -1.0104E-01 1.2642E-04
5.3034E+06 2.5196E+01 4.2122E+02 7.5687E+01 -7.5294E-02 7.0551E-05
5.2698E+06 -4.7027E+01 4.7683E+02 7.7568E+01 -2.5622E-02 2.1980E-05
5.0627E+06 -1.7149E+01 3.2041E+02 6.9888E+01 -8.7003E-02 9.4599E-05
5.1183E+06 -1.4075E+01 4.0481E+02 7.6416E+01 -6.7125E-02 6.7185E-05
5.1341E+06 -6.6058E+00 3.0866E+02 6.1606E+01 -7.9559E-02 9.3198E-05
5.1531E+06 -1.8273E+01 2.4400E+02 5.0803E+01 -7.3381E-02 1.1017E-04
5.0223E+06 -6.1699E+00 3.3297E+02 6.5097E+01 -6.8377E-02 7.9967E-05
5.0009E+06 1.3780E+01 4.9496E+02 9.5612E+01 -8.8429E-02 6.4028E-05
5.2805E+06 -2.9647E+01 4.1351E+02 6.6059E+01 -3.3253E-02 4.2581E-05
4.8033E+06 1.6770E+01 5.4216E+02 9.7198E+01 -2.8831E-02 2.2777E-05
5.0632E+06 -6.1966E+01 4.3792E+02 6.7476E+01 -1.1525E-02 1.7375E-05
5.2404E+06 -4.2871E+00 3.2715E+02 5.8419E+01 -7.2805E-02 8.7716E-05
4.8872E+06 -1.7579E+01 5.0215E+02 1.0410E+02 -7.1200E-02 5.1841E-05
5.0622E+06 2.4865E+01 4.8979E+02 1.0942E+02 -1.0279E-01 6.9623E-05
4.7893E+06 -1.6996E+01 3.4757E+02 6.9400E+01 -7.3194E-02 8.2507E-05
5.0365E+06 6.7059E+00 3.5547E+02 7.4482E+01 -8.8765E-02 8.9960E-05
5.0990E+06 -3.6811E+01 3.5914E+02 6.2041E+01 -3.4922E-02 4.6576E-05
4.9860E+06 -7.7019E+01 4.3806E+02 6.6528E+01 -1.6121E-02 3.0884E-05
5.2326E+06 -6.8008E+01 3.3974E+02 4.1202E+01 -1.2031E-02 4.1592E-05
5.1974E+06 -6.7171E+00 4.6769E+02 8.3221E+01 -6.8689E-02 5.6480E-05
4.9325E+06 -5.6468E+01 3.7583E+02 5.4601E+01 -2.1557E-02 3.7878E-05
5.0922E+06 3.6623E+00 3.2333E+02 6.7170E+01 -1.0464E-01 1.1685E-04
5.0341E+06 -1.0450E+02 4.3169E+02 6.0455E+01 3.2918E-03 1.7913E-05
5.2594E+06 2.7564E+01 3.1956E+02 7.0385E+01 -1.1385E-01 1.2139E-04
4.8583E+06 -9.1302E+00 3.0231E+02 7.1666E+01 -1.0491E-01 1.1133E-04
5.2033E+06 9.3962E+00 2.9469E+02 6.1021E+01 -7.7831E-02 9.8387E-05
4.8562E+06 -5.7176E+01 4.4459E+02 6.3870E+01 -1.9663E-02 2.3861E-05
5.2567E+06 -1.0302E+01 3.8703E+02 8.4210E+01 -9.0542E-02 8.1816E-05
4.7535E+06 -7.4889E+00 2.5913E+02 5.6678E+01 -8.2296E-02 1.1233E-04
4.7760E+06 -8.2694E+01 3.6275E+02 5.0841E+01 -1.3560E-02 3.5137E-05
5.0244E+06 -5.9929E+01 4.1837E+02 6.6554E+01 -3.0620E-02 4.2759E-05
4.9660E+06 -3.3559E+00 2.5320E+02 5.9031E+01 -8.9008E-02 1.1760E-04
4.8346E+06 -1.3208E+01 3.2512E+02 6.2172E+01 -7.0569E-02 8.4032E-05
5.2059E+06 -3.3163E+01 3.7710E+02 7.2620E+01 -6.5032E-02 6.2795E-05
5.3135E+06 4.5344E-01 3.8922E+02 8.2941E+01 -1.0475E-01 9.5566E-05
4.7527E+06 -5.5399E+01 4.4145E+02 7.0817E+01 -1.2822E-03 9.2803E-06
4.9965E+06 -8.8154E+01 4.1217E+02 5.9999E+01 -8.6171E-03 2.4518E-05
5.1121E+06 -3.2795E+01 3.0923E+02 5.5852E+01 -6.5456E-02 8.6322E-05
5.1802E+06 1.2608E+01 3.0386E+02 5.7104E+01 -8.8471E-02 1.0919E-04
4.9898E+06 1.2453E+00 3.0246E+02 6.0075E+01 -8.0552E-02 9.9863E-05
4.8696E+06 -8.2366E+00 4.7959E+02 8.4043E+01 -5.4559E-02 4.0775E-05
5.0593E+06 -2.3906E+01 3.4990E+02 6.6498E+01 -8.0623E-02 8.1418E-05
5.3645E+06 -1.0437E+02 4.7030E+02 6.0326E+01 -4.5675E-02 5.0723E-05
4.9826E+06 -4.2849E+00 4.0916E+02 9.1724E+01 -8.7690E-02 7.5588E-05
4.9981E+06 3.6125E+00 4.1900E+02 8.7471E+01 -7.5208E-02 6.4983E-05
4.9630E+06 -5.0425E+01 3.4768E+02 5.3851E+01 -4.8453E-02 6.5539E-05
5.3607E+06 -4.5531E+01 3.7322E+02 6.5393E+01 -5.9994E-02 6.7734E-05
5.1271E+06 -1.1001E+01 3.9376E+02 7.1398E+01 -6.2772E-02 6.0325E-05
4.8416E+06 -2.3924E+01 3.4738E+02 5.9954E+01 -4.6766E-02 6.1183E-05
5.1433E+06 2.3547E+00 4.3443E+02 9.1542E+01 -9.5393E-02 9.1950E-05
5.0967E+06 -3.2591E+01 3.4282E+02 6.5146E+01 -5.6138E-02 6.0815E-05
5.1843E+06 2.8595E+00 3.8786E+02 7.7901E+01 -7.2168E-02 7.4546E-05
4.9929E+06 -4.9209E+01 4.2821E+02 6.2744E+01 -2.0627E-02 3.0834E-05
4.9756E+06 -2.1564E+01 4.1180E+02 6.4140E+01 -5.9650E-02 6.1343E-05
4.8722E+06 -7.0903E+00 3.6737E+02 7.2112E+01 -5.5883E-02 5.9669E-05
5.1926E+06 -2.4366E+01 4.4366E+02 6.9819E+01 -3.0711E-02 3.3070E-05
5.2122E+06 -3.1931E+01 3.8145E+02 6.5586E+01 -5.7701E-02 6.0905E-05
4.9803E+06 -3.7185E+00 3.6160E+02 6.8642E+01 -7.2220E-02 7.6668E-05
5.0539E+06 -8.4717E+00 3.1085E+02 6.3484E+01 -7.5466E-02 9.2320E-05
4.9855E+06 -2.8523E+01 2.8405E+02 4.5290E+01 -5.0656E-02 8.4806E-05
5.2050E+06 -1.3437E+01 4.8988E+02 7.8290E+01 -4.4881E-02 4.2709E-05
4.8605E+06 -2.3073E+01 3.1463E+02 6.5912E+01 -7.1485E-02 8.3276E-05
5.3302E+06 -4.7957E+01 4.2256E+02 6.7434E+01 -5.4405E-02 6.4518E-05
5.2343E+06 -1.7372E+01 3.4214E+02 5.9241E+01 -6.5591E-02 8.0548E-05
4.9034E+06 -3.6638E+01 4.2495E+02 7.6600E+01 -4.6703E-02 5.2331E-05
5.2647E+06 1.3783E+01 4.9375E+02 9.5582E+01 -7.7811E-02 6.1140E-05
4.9340E+06 -2.7031E+01 3.0947E+02 6.3929E+01 -5.9901E-02 7.2900E-05
4.8491E+06 1.3663E+01 2.6459E+02 5.5247E+01 -6.8872E-02 1.0037E-04
4.9583E+06 -1.8071E+01 4.1871E+02 8.2634E+01 -8.6698E-02 7.6070E-05
5.2838E+06 -3.1005E+01 5.2784E+02 7.2552E+01 -3.9369E-02 3.2756E-05
4.7973E+06 -4.1418E+00 3.0499E+02 6.9948E+01 -9.2328E-02 1.0184E-04
5.1835E+06 -7.7930E+00 5.3735E+02 9.3996E+01 -5.7610E-02 3.9948E-05
5.2570E+06 -3.1365E+01 4.5025E+02 8.1105E+01 -6.4408E-02 6.3481E-05
5.1417E+06 -3.2356E+01 5.0046E+02 8.4767E+01 -7.2887E-02 6.5757E-05
5.3018E+06 -1.9379E+01 2.7721E+02 5.1435E+01 -6.7916E-02 9.5923E-05
5.0329E+06 -4.0530E+01 3.9863E+02 7.4140E+01 -6.7033E-02 7.2877E-05
5.1674E+06 1.4731E+01 4.3296E+02 8.0393E+01 -8.7931E-02 7.5208E-05
5.2782E+06 1.1608E+01 4.3054E+02 8.6242E+01 -8.5499E-02 7.9284E-05
5.0316E+06 -5.9054E+00 2.8392E+02 6.2454E+01 -9.4977E-02 1.1253E-04
4.8513E+06 -4.1012E+01 3.6606E+02 5.1335E+01 -7.1063E-03 2.8100E-05
4.8805E+06 -4.8360E+00 2.3910E+02 4.9945E+01 -7.1483E-02 1.1531E-04
5.3212E+06 -6.6457E+01 3.9870E+02 5.8499E+01 -2.5214E-02 4.3212E-05
5.0644E+06 -2.5279E+01 4.3326E+02 6.3803E+01 -1.8269E-02 3.2131E-05
4.9978E+06 -8.5504E+00 3.2468E+02 6.6592E+01 -9.0965E-02 9.8352E-05
5.0872E+06 -4.4788E+01 3.4731E+02 6.2625E+01 -4.4519E-02 5.5354E-05
5.0376E+06 -1.5912E+01 3.1319E+02 6.3485E+01 -8.5874E-02 9.6811E-05
4.8691E+06 -2.4458E+01 4.6099E+02 9.4007E+01 -7.4527E-02 5.3018E-05
5.1572E+06 -6.4866E+01 4.7015E+02 7.4618E+01 -4.5404E-02 4.8623E-05
5.1109E+06 -3.2391E+01 3.6118E+02 6.6046E+01 -6.3713E-02 7.1501E-05
5.0336E+06 -6.5330E+00 3.6108E+02 6.5038E+01 -7.2117E-02 8.1114E-05
5.0076E+06 -7.0642E+01 4.1970E+02 6.3090E+01 -4.1116E-02 4.4273E-05
5.0945E+06 -1.2357E+00 4.8305E+02 8.7122E+01 -5.7228E-02 5.6451E-05
4.6142E+06 -1.3628E+01 4.6548E+02 1.0093E+02 -5.9343E-02 3.6166E-05
5.0521E+06 -7.0053E+01 4.4328E+02 7.2866E+01 -2.2127E-02 2.7374E-05
5.1003E+06 -4.6885E+01 4.7318E+02 8.0939E+01 -5.9065E-02 5.4990E-05
4.9896E+06 -3.4609E+01 4.7603E+02 7.0509E+01 -9.3060E-03 2.5105E-05
4.5915E+06 -8.4734E+01 4.2147E+02 5.5242E+01 -4.2200E-05 3.5529E-05
4.8993E+06 -6.4024E+01 4.4696E+02 7.5265E+01 -2.9066E-02 3.0716E-05
4.6446E+06 -4.2187E+01 5.0815E+02 9.1290E+01 -2.6618E-02 2.0425E-05
5.1555E+06 3.4005E+00 4.6520E+02 8.2000E+01 -2.9746E-02 2.7479E-05
4.7638E+06 -6.7295E+01 4.1545E+02 6.5131E+01 -2.7163E-02 5.2288E-05
5.0415E+06 -1.8427E+01 3.7876E+02 7.0714E+01 -4.0852E-02 4.8422E-05
4.9186E+06 -1.3305E+01 3.5997E+02 7.2053E+01 -6.0580E-02 6.6566E-05
5.0215E+06 -4.0056E+01 4.1466E+02 6.3624E+01 -2.9965E-02 4.1469E-05
4.8795E+06 -1.2617E+01 2.5377E+02 5.2282E+01 -7.9727E-02 1.1403E-04
4.9758E+06 -1.4677E+01 3.6412E+02 6.7904E+01 -4.9208E-02 6.5188E-05
5.3218E+06 -1.6624E+01 2.6548E+02 5.4685E+01 -8.6032E-02 1.1511E-04
4.9620E+06 -5.3307E+01 4.3134E+02 7.5341E+01 -5.8320E-02 5.4393E-05
5.0472E+06 -2.6665E+01 3.5299E+02 6.4219E+01 -6.2941E-02 6.9020E-05
5.0963E+06 -5.3826E+00 3.8266E+02 7.1346E+01 -7.8066E-02 8.1391E-05
4.8626E+06 -4.5545E+00 4.3140E+02 9.9498E+01 -6.3428E-02 4.6845E-05
5.2651E+06 -1.4930E+01 4.5882E+02 8.6231E+01 -7.0548E-02 5.5462E-05
4.7751E+06 -1.1508E+01 4.0789E+02 7.0219E+01 -2.6191E-02 3.4783E-05
5.0393E+06 -2.5550E-01 4.5936E+02 9.3626E+01 -7.9002E-02 6.5442E-05
5.1017E+06 -1.4810E+01 3.4972E+02 6.4424E+01 -7.0535E-02 7.7717E-05
4.8463E+06 -2.5340E+01 4.4263E+02 7.3640E+01 -2.7306E-02 2.7793E-05
4.6918E+06 -1.6164E+01 4.5123E+02 9.2916E+01 -6.3326E-02 5.6485E-05
5.1005E+06 -6.6407E+00 3.7006E+02 7.4018E+01 -7.4624E-02 7.2947E-05
5.2434E+06 1.3011E+01 4.5984E+02 9.7714E+01 -9.7579E-02 8.1756E-05
5.1547E+06 -3.1708E+01 3.1501E+02 5.5725E+01 -5.9724E-02 7.9332E-05
4.6624E+06 6.6095E+00 4.7876E+02 7.4109E+01 1.4557E-02 8.8556E-07
4.8774E+06 -1.0527E+01 3.3810E+02 6.8098E+01 -6.7912E-02 7.7544E-05
4.8949E+06 -7.6771E+00 3.4939E+02 5.7430E+01 -4.1413E-02 5.5914E-05
5.0237E+06 -2.3910E+01 4.9415E+02 9.3684E+01 -8.3143E-02 6.9072E-05
5.1150E+06 -7.4833E+01 3.9049E+02 5.5104E+01 -1.4729E-02 3.4237E-05
4.9545E+06 -8.2225E+01 4.9504E+02 6.3890E+01 -2.2892E-02 4.5187E-05
5.2278E+06 -8.7577E+00 3.9877E+02 7.4264E+01 -7.2181E-02 7.0432E-05
5.0162E+06 -6.7563E+00 3.1380E+02 6.4090E+01 -7.8320E-02 9.1809E-05
5.3204E+06 -8.8310E+00 4.2514E+02 7.0379E+01 -5.9735E-02 5.7916E-05
5.3394E+06 1.5932E+00 3.5328E+02 7.5702E+01 -9.4642E-02 9.4524E-05
4.8658E+06 -6.1837E+01 4.3978E+02 6.9837E+01 -2.6745E-02 3.4012E-05
5.1538E+06 -2.9900E+01 3.2512E+02 5.6086E+01 -7.1718E-02 9.0861E-05
4.9026E+06 -6.0188E+01 4.5446E+02 8.0346E+01 -4.7092E-02 4.2471E-05
5.1871E+06 -1.3668E+01 4.6501E+02 8.0128E+01 -5.9196E-02 5.4518E-05
4.9659E+06 -6.2754E+01 4.3903E+02 6.2539E+01 -1.4497E-02 2.3968E-05
4.9526E+06 -3.9859E+01 3.5308E+02 5.2061E+01 -1.7778E-02 3.8721E-05
5.2236E+06 -1.9030E+00 3.0621E+02 6.4042E+01 -9.7570E-02 1.1349E-04
5.2455E+06 -9.9323E+00 3.7009E+02 7.9085E+01 -7.3788E-02 6.9131E-05
5.0029E+06 -7.2150E+01 3.6703E+02 5.3725E+01 7.7920E-04 2.1335E-05
5.2291E+06 -6.5974E+01 4.8428E+02 7.3099E+01 -3.5731E-02 3.4020E-05
5.2983E+06 -5.4282E+01 3.8287E+02 5.8122E+01 -3.8602E-02 4.8599E-05
5.0834E+06 -6.3158E+00 3.9059E+02 7.3021E+01 -5.8483E-02 6.4944E-05
5.0996E+06 -1.6701E+01 4.1216E+02 8.1932E+01 -7.4235E-02 6.7417E-05
5.1379E+06 -4.3975E+01 3.8111E+02 5.7992E+01 -3.9456E-02 4.7909E-05
4.7531E+06 -3.1936E+00 3.0914E+02 7.2168E+01 -9.7445E-02 1.0369E-04
5.0815E+06 7.7116E-01 3.4951E+02 6.9223E+01 -7.7533E-02 7.9188E-05
5.1768E+06 -4.3833E+01 3.5725E+02 6.3068E+01 -4.5630E-02 5.3406E-05
5.0012E+06 -2.4052E+01 5.0866E+02 8.1044E+01 -3.8590E-02 3.7906E-05
4.9226E+06 -2.9860E+01 4.6124E+02 7.7455E+01 -5.2196E-02 4.2477E-05
5.0270E+06 -1.0195E+01 3.4807E+02 6.2821E+01 -6.9644E-02 8.2159E-05
4.7968E+06 -2.4800E+01 3.2007E+02 6.4124E+01 -5.9030E-02 7.1438E-05
5.2114E+06 -7.1033E+00 3.1481E+02 5.7870E+01 -6.4519E-02 8.2688E-05
5.3072E+06 -3.1627E+00 3.0608E+02 6.0464E+01 -8.8476E-02 1.0577E-04
5.3127E+06 -2.5259E+01 3.6635E+02 7.1199E+01 -7.2063E-02 7.3215E-05
5.0070E+06 -1.8886E+01 2.5301E+02 4.8046E+01 -6.2015E-02 1.0106E-04
4.8869E+06 -1.0729E+01 2.6774E+02 5.3065E+01 -5.8239E-02 9.1933E-05
4.7092E+06 -7.4035E+00 3.0236E+02 6.3009E+01 -6.5383E-02 8.4129E-05
5.2542E+06 -4.4076E+01 3.4785E+02 5.1139E+01 -2.9973E-02 4.8372E-05
4.9830E+06 -1.3141E+01 4.6162E+02 1.0179E+02 -1.0784E-01 8.8985E-05
4.7483E+06 -3.2089E-01 2.8602E+02 7.1123E+01 -1.2502E-01 1.3682E-04
5.3382E+06 -1.7393E+01 4.5312E+02 8.9213E+01 -7.5351E-02 6.0755E-05
5.0796E+06 -8.0537E+01 4.1053E+02 5.7367E+01 -2.5406E-02 4.0489E-05
5.1463E+06 -4.2307E+00 2.6456E+02 4.7101E+01 -7.9029E-02 1.1668E-04
5.0152E+06 -2.4783E+01 2.3831E+02 4.3968E+01 -6.7703E-02 1.1329E-04
4.6594E+06 5.5606E+00 4.2365E+02 8.7534E+01 -6.8044E-02 4.8516E-05
5.1882E+06 -2.1659E+01 4.7797E+02 7.8336E+01 -3.8309E-02 3.7055E-05
5.2113E+06 -3.9289E+01 4.8144E+02 6.8581E+01 -3.7360E-02 3.9646E-05
4.9563E+06 -1.6011E+01 4.7237E+02 9.8593E+01 -6.4176E-02 5.0056E-05
5.1197E+06 -4.3458E+00 4.0205E+02 6.5654E+01 -2.9887E-02 4.2926E-05
5.1100E+06 -1.2559E+01 4.7398E+02 8.6859E+01 -4.8433E-02 4.7149E-05
5.2557E+06 -5.0094E+01 4.6352E+02 6.4558E+01 -2.3470E-02 3.1009E-05
5.1966E+06 -4.9076E+01 4.3796E+02 7.1020E+01 -3.3064E-02 3.5398E-05
4.9491E+06 -9.0659E+00 4.0962E+02 8.2445E+01 -4.8129E-02 4.5161E-05
4.9753E+06 -3.7857E+01 2.9949E+02 4.9017E+01 -5.0150E-02 7.8728E-05
4.8816E+06 -1.6349E+01 4.0670E+02 8.1779E+01 -6.9919E-02 6.2709E-05
5.3767E+06 -7.6792E+01 4.2162E+02 6.4393E+01 -1.9737E-02 3.1508E-05
4.7852E+06 -5.5375E+01 4.7130E+02 7.7835E+01 -7.9722E-02 6.5122E-05
4.7504E+06 -8.6086E+01 4.4232E+02 6.9268E+01 -2.3153E-02 3.1727E-05
4.9480E+06 -1.0769E+01 4.3681E+02 9.9027E+01 -8.8197E-02 7.6648E-05
5.0237E+06 -7.0718E+00 3.7175E+02 7.1963E+01 -7.0651E-02 7.1828E-05
5.2921E+06 -3.0681E+01 4.5419E+02 8.4474E+01 -6.1958E-02 5.7487E-05
5.1459E+06 -1.9787E+01 3.5213E+02 5.6839E+01 -5.9222E-02 7.0218E-05
5.0278E+06 -1.4156E+01 2.9000E+02 5.7926E+01 -8.2493E-02 1.0393E-04
4.7186E+06 -1.6872E+01 4.0809E+02 8.1083E+01 -3.4122E-02 3.8871E-05
5.1390E+06 -1.4491E+01 4.1861E+02 7.7679E+01 -6.2505E-02 6.2917E-05
5.1329E+06 2.3663E+00 4.6432E+02 9.9459E+01 -9.0695E-02 7.8791E-05
4.9543E+06 -4.3867E+01 3.2759E+02 5.2931E+01 -4.0382E-02 6.2359E-05
5.1683E+06 -6.5527E+01 4.0011E+02 5.3085E+01 -1.1936E-02 3.2898E-05
4.9968E+06 -1.6551E+01 3.6348E+02 6.6259E+01 -6.1831E-02 6.4492E-05
5.0159E+06 -4.6026E+01 4.7450E+02 6.6888E+01 -1.2740E-02 2.0623E-05
4.8594E+06 -8.9779E+00 3.6574E+02 7.0761E+01 -8.0773E-02 8.3098E-05
5.1409E+06 -3.4622E+00 3.5136E+02 6.3670E+01 -6.1976E-02 7.0461E-05
4.8541E+06 -9.3934E+00 2.6306E+02 5.6844E+01 -8.5053E-02 1.1209E-04
5.2125E+06 -6.6971E+00 4.6860E+02 8.9753E+01 -7.9029E-02 7.1624E-05
4.8440E+06 -2.8868E+01 4.2959E+02 8.2657E+01 -6.5612E-02 5.3447E-05
5.3128E+06 5.3531E+00 3.9148E+02 6.9785E+01 -6.4061E-02 6.3920E-05
5.2629E+06 -2.5244E+01 4.1004E+02 6.7955E+01 -6.0794E-02 6.1680E-05
5.3046E+06 -2.6241E+01 4.7703E+02 8.4401E+01 -4.8362E-02 3.9283E-05
5.1782E+06 -3.1999E+01 3.2030E+02 5.8697E+01 -5.0634E-02 6.6076E-05
5.1610E+06 3.7533E-01 4.5404E+02 8.1354E+01 -5.5641E-02 4.9812E-05
5.0344E+06 -5.0800E+01 4.2126E+02 6.6527E+01 -5.1849E-02 7.0209E-05
5.0401E+06 6.2939E+00 3.1115E+02 7.0072E+01 -9.3915E-02 1.0362E-04
4.9645E+06 -4.2456E+01 3.8813E+02 6.1245E+01 -2.5635E-02 3.8608E-05
5.2835E+06 -1.2843E+01 3.5570E+02 6.9460E+01 -8.6061E-02 9.1219E-05
4.9925E+06 -3.3504E+01 4.4433E+02 8.6160E+01 -5.4958E-02 4.6203E-05
4.8588E+06 -4.7333E+00 2.9610E+02 6.0724E+01 -8.9177E-02 1.0723E-04
4.8100E+06 -1.4093E+01 2.9848E+02 6.3609E+01 -6.7532E-02 8.4185E-05
5.0811E+06 -1.8351E+01 4.8283E+02 8.7321E+01 -5.4755E-02 4.4614E-05
4.8501E+06 -1.5425E+01 3.2677E+02 6.3657E+01 -6.6918E-02 7.7066E-05
5.0447E+06 -7.6664E+01 3.8891E+02 5.2611E+01 -4.8771E-03 2.3377E-05
5.2577E+06 -2.2143E+01 4.7910E+02 8.3103E+01 -3.9927E-02 3.9978E-05
4.9374E+06 -1.5545E+01 3.7617E+02 6.0170E+01 -4.6684E-02 5.4671E-05
5.0446E+06 -1.0524E+02 4.3768E+02 5.6340E+01 -3.2684E-03 1.8606E-05
5.1109E+06 -4.8185E+01 3.7135E+02 6.3505E+01 -4.8282E-02 6.1588E-05
5.0070E+06 -3.6846E+01 2.8429E+02 4.8794E+01 -4.7693E-02 8.1208E-05
5.2361E+06 -3.7961E+01 4.1418E+02 6.2500E+01 -4.0589E-02 4.8722E-05
4.9437E+06 -1.1498E+01 3.8723E+02 7.5813E+01 -6.0955E-02 5.4503E-05
4.8422E+06 -3.6501E+01 4.1165E+02 6.9314E+01 -3.4942E-02 4.1661E-05
5.3262E+06 -2.4412E+01 4.5784E+02 7.8848E+01 -6.1452E-02 5.2731E-05
5.3643E+06 -3.1757E+01 3.6681E+02 5.0358E+01 -4.1347E-02 5.7801E-05
4.9589E+06 -2.4475E+00 2.6290E+02 5.6219E+01 -7.7252E-02 1.0694E-04
5.2850E+06 -5.1437E+01 4.1411E+02 7.6202E+01 -7.1293E-02 7.4006E-05
5.2554E+06 -7.5024E+00 3.3620E+02 6.3242E+01 -5.7827E-02 6.6450E-05
5.2809E+06 -1.2297E+01 2.3898E+02 4.4255E+01 -6.9715E-02 1.1833E-04
5.0279E+06 -2.4376E+01 4.6995E+02 9.1204E+01 -5.8787E-02 4.4187E-05
5.2378E+06 -2.3194E+01 3.9064E+02 6.5411E+01 -7.8495E-02 8.0920E-05
5.2183E+06 3.8448E+00 3.6260E+02 7.0127E+01 -7.6080E-02 7.5600E-05
5.0659E+06 -1.9006E+01 2.7111E+02 5.7268E+01 -8.6746E-02 1.1217E-04
5.2241E+06 6.7781E+00 4.7293E+02 7.9818E+01 -6.6017E-02 6.0200E-05
4.9387E+06 -4.0433E+00 2.9798E+02 5.4528E+01 -6.6365E-02 9.3744E-05
5.0914E+06 -4.3092E+01 4.2509E+02 7.2429E+01 -5.3139E-02 4.8466E-05
4.9644E+06 -6.7913E+01 3.6744E+02 4.6054E+01 -2.4268E-02 4.4856E-05
4.9201E+06 -2.0808E+01 3.9870E+02 7.2026E+01 -3.7335E-02 6.1287E-05
4.8174E+06 -5.3061E+01 4.6780E+02 8.1962E+01 -2.7436E-02 1.8792E-05
5.1756E+06 -5.4875E+01 3.5136E+02 5.6494E+01 -3.7182E-02 5.2318E-05
5.1914E+06 -1.2195E+01 4.1725E+02 8.9364E+01 -7.9853E-02 7.0635E-05
4.9767E+06 -2.6391E+01 3.5070E+02 6.3399E+01 -3.6736E-02 4.7601E-05
4.7920E+06 -1.5240E+01 3.5701E+02 6.3741E+01 -5.8841E-02 6.7505E-05
5.0333E+06 -2.1342E+01 4.4244E+02 7.4910E+01 -3.7063E-02 4.0888E-05
5.2854E+06 -1.7215E+01 4.9253E+02 8.0127E+01 -5.0550E-02 4.8757E-05
5.1801E+06 -2.5025E+01 3.9636E+02 7.0154E+01 -6.9321E-02 6.8185E-05
5.1015E+06 -8.8420E+00 3.4080E+02 6.4552E+01 -4.9790E-02 6.4813E-05
4.7636E+06 -2.1850E+01 4.1169E+02 6.6817E+01 -4.4802E-02 5.1410E-05
5.3341E+06 -6.0044E+00 4.5887E+02 9.2733E+01 -8.0010E-02 7.1085E-05
5.0555E+06 4.7256E+00 3.2361E+02 6.9554E+01 -7.8140E-02 8.4372E-05
5.2393E+06 -3.0873E+00 2.9531E+02 5.6816E+01 -9.4077E-02 1.2047E-04
4.8307E+06 -3.4843E+00 2.6474E+02 5.8155E+01 -9.5918E-02 1.2377E-04
5.3346E+06 -5.8889E+01 4.5033E+02 6.4847E+01 -2.5679E-02 2.6843E-05
4.9767E+06 -2.1749E+01 4.5290E+02 8.5923E+01 -6.1666E-02 5.4859E-05
4.9204E+06 -9.0076E+00 3.4775E+02 7.0338E+01 -7.5471E-02 8.0305E-05
5.0117E+06 -2.0914E+01 3.8276E+02 6.6642E+01 -3.7747E-02 4.6052E-05
5.2444E+06 6.6589E+00 4.3705E+02 7.7824E+01 -9.0283E-02 7.7604E-05
5.2816E+06 -2.7413E+01 4.9692E+02 9.0109E+01 -6.6561E-02 5.2517E-05
4.9459E+06 -1.8348E+01 3.5173E+02 6.6194E+01 -5.5253E-02 6.3155E-05
4.9801E+06 7.9036E+00 3.1642E+02 6.4559E+01 -8.7579E-02 1.0531E-04
5.0233E+06 -1.9534E+00 4.2369E+02 9.0635E+01 -7.6929E-02 6.7173E-05
5.0920E+06 -5.5939E+01 4.4573E+02 7.0142E+01 -5.3324E-02 4.9293E-05
5.1845E+06 -1.1086E+01 5.3602E+02 8.4925E+01 -3.8085E-02 2.8768E-05
5.1911E+06 -2.0738E+01 3.0083E+02 5.2261E+01 -7.2398E-02 9.8072E-05
5.0243E+06 -9.7003E+00 4.2206E+02 8.4327E+01 -6.8537E-02 5.5410E-05
5.0865E+06 -1.7388E+01 4.6341E+02 8.5083E+01 -3.7383E-02 3.5442E-05
5.1554E+06 -2.0712E+01 5.0609E+02 8.9223E+01 -4.1341E-02 2.8562E-05
5.1172E+06 -2.2678E+01 2.7236E+02 4.8255E+01 -5.6191E-02 9.0631E-05
4.8788E+06 -9.6376E+00 3.5254E+02 7.4675E+01 -6.7500E-02 6.8737E-05
4.8995E+06 -6.2408E+01 3.4586E+02 4.7307E+01 -1.3952E-02 3.7895E-05
5.2883E+06 -1.1975E+02 5.3694E+02 4.8014E+01 -4.6060E-03 1.4802E-05
4.9353E+06 -2.0502E+01 5.1322E+02 7.9700E+01 -3.8749E-02 4.4773E-05
5.0500E+06 -1.5005E+01 2.8357E+02 5.7429E+01 -8.5346E-02 1.0986E-04
5.0499E+06 -1.0870E+01 3.8095E+02 8.1846E+01 -8.8460E-02 9.0221E-05
5.0587E+06 -1.5395E+01 4.9213E+02 1.0557E+02 -9.3229E-02 7.0911E-05
4.9508E+06 -5.2517E+01 3.6311E+02 5.9660E+01 -1.5115E-02 3.4595E-05
5.2116E+06 -2.3365E+01 4.2036E+02 7.5202E+01 -4.4187E-02 5.1440E-05
5.3004E+06 -8.8079E+00 3.6004E+02 6.3975E+01 -7.8672E-02 8.6376E-05
4.8587E+06 -3.9261E+01 3.9490E+02 6.7728E+01 -5.7647E-02 7.5413E-05
5.0789E+06 -1.6599E+01 3.0682E+02 5.0155E+01 -5.9379E-02 8.6714E-05
4.8785E+06 -6.3065E+01 3.7363E+02 5.8689E+01 -1.0206E-02 2.3196E-05
5.0205E+06 -5.2378E+00 2.5786E+02 5.3382E+01 -7.3735E-02 1.0728E-04
4.8550E+06 -1.6317E+02 4.3852E+02 4.5307E+01 3.0361E-02 6.1686E-06
5.1919E+06 -4.3717E+01 3.7778E+02 5.3504E+01 -3.3819E-02 5.1695E-05
4.9581E+06 -1.3928E+01 3.3630E+02 6.1165E+01 -4.9037E-02 6.2252E-05
5.1202E+06 -4.5775E+01 4.9348E+02 8.0024E+01 -4.9109E-02 4.1663E-05
5.2767E+06 -1.2019E+01 4.0691E+02 8.7954E+01 -9.4558E-02 8.3235E-05
4.6057E+06 -3.7017E+01 3.8871E+02 6.3826E+01 -3.5882E-02 4.2372E-05
5.0712E+06 -1.7180E+01 4.3181E+02 7.9287E+01 -6.4891E-02 6.7219E-05
5.1050E+06 -1.8042E+01 4.7684E+02 8.9425E+01 -6.5865E-02 6.7675E-05
4.9194E+06 -1.5995E-01 4.6968E+02 9.1994E+01 -7.9808E-02 7.8888E-05
5.1633E+06 -9.3089E+00 3.0160E+02 6.1935E+01 -9.5313E-02 1.1178E-04
5.2910E+06 -7.2795E-01 3.3110E+02 6.6966E+01 -9.2718E-02 1.0196E-04
5.2112E+06 4.3444E+00 4.0483E+02 8.6568E+01 -7.6960E-02 7.0214E-05
5.3599E+06 2.4939E+01 3.5886E+02 6.2751E+01 -7.2640E-02 8.0939E-05
5.0019E+06 -7.8049E+01 3.3136E+02 4.3614E+01 5.1414E-03 2.5759E-05
4.8614E+06 -2.2855E+01 2.5736E+02 4.7025E+01 -7.4465E-02 1.1485E-04
5.0387E+06 -2.7677E+00 2.7206E+02 6.0135E+01 -9.6322E-02 1.2006E-04
4.9094E+06 1.2815E+01 4.0558E+02 9.2051E+01 -6.3173E-02 5.0279E-05
5.0167E+06 -6.1013E+01 4.1033E+02 6.8275E+01 -3.5745E-02 3.8992E-05
5.0902E+06 4.3241E-01 4.3445E+02 8.7437E+01 -6.5258E-02 5.6170E-05
4.8056E+06 -6.2035E+01 4.1851E+02 4.9971E+01 -9.3932E-04 3.1745E-05
4.7834E+06 -2.9553E+01 3.4987E+02 6.0000E+01 -4.6444E-02 6.1124E-05
4.9634E+06 -1.9582E+01 2.4209E+02 4.3247E+01 -5.0631E-02 9.6086E-05
5.0484E+06 -6.3672E+00 3.2066E+02 6.8572E+01 -8.1864E-02 8.8839E-05
5.5433E+06 2.3034E+01 5.3150E+02 8.7720E+01 -6.1070E-02 4.5638E-05
5.0268E+06 -3.2951E+01 3.2426E+02 5.4337E+01 -3.8622E-02 5.9973E-05
4.9087E+06 -9.4180E+00 4.1967E+02 8.1310E+01 -7.5697E-02 6.5045E-05
5.0209E+06 -7.0523E+01 4.1672E+02 6.8466E+01 -3.8596E-02 5.1040E-05
5.0419E+06 -1.4505E+01 3.3948E+02 5.7061E+01 -5.8481E-02 7.3703E-05
5.1640E+06 5.4987E-01 2.4889E+02 5.3255E+01 -1.0565E-01 1.4482E-04
5.0821E+06 8.9321E+00 2.7720E+02 5.2178E+01 -6.5601E-02 9.7552E-05
4.8477E+06 -2.9110E+01 4.4281E+02 7.2359E+01 -2.0069E-02 1.8504E-05
4.9680E+06 -9.2239E+00 4.1522E+02 8.3144E+01 -3.5632E-02 3.0419E-05
5.2039E+06 -8.7319E+00 3.9554E+02 8.0497E+01 -6.2709E-02 6.1846E-05
5.0943E+06 -2.2826E+01 4.1750E+02 6.7450E+01 -4.4758E-02 4.8321E-05
5.0616E+06 -5.5635E+01 3.8021E+02 4.5911E+01 -3.5606E-02 5.1743E-05
4.8230E+06 -2.8651E+01 4.0694E+02 7.7518E+01 -2.8805E-02 2.9336E-05
4.9621E+06 -1.6568E+01 3.4362E+02 5.8124E+01 -4.4000E-02 5.7328E-05
4.8387E+06 -3.9317E+01 4.1153E+02 6.3967E+01 -3.1996E-02 3.6757E-05
5.1443E+06 -2.1326E+00 3.9062E+02 8.8922E+01 -9.7633E-02 8.1547E-05
5.1153E+06 -1.8059E+01 4.6325E+02 8.4915E+01 -3.3718E-02 3.2939E-05
5.3939E+06 -1.1772E+02 4.3441E+02 4.9122E+01 8.3669E-03 1.1017E-05
4.9362E+06 -5.0244E+00 2.6221E+02 6.0096E+01 -9.1831E-02 1.1821E-04
5.2613E+06 -2.4079E+01 4.6737E+02 8.5229E+01 -7.4669E-02 6.4760E-05
5.1550E+06 -2.7370E+01 3.4593E+02 5.5759E+01 -4.8951E-02 6.6131E-05
5.3230E+06 -1.2371E+01 4.3229E+02 8.3889E+01 -5.8605E-02 5.2429E-05
4.9276E+06 -1.1665E+01 2.4887E+02 4.9920E+01 -6.6272E-02 1.0637E-04
4.8924E+06 -5.1022E+01 3.8702E+02 6.0476E+01 -7.0538E-03 1.9448E-05
5.0330E+06 -2.2001E+01 4.4069E+02 8.3252E+01 -6.1498E-02 5.4341E-05
5.0548E+06 2.7998E-01 4.4694E+02 8.0405E+01 -6.9345E-02 6.1191E-05
4.7668E+06 -9.6310E+00 3.3946E+02 5.5030E+01 -4.7139E-02 6.5542E-05
5.2142E+06 -1.2662E+01 3.0975E+02 6.2062E+01 -8.2960E-02 9.6999E-05
4.8429E+06 -5.5422E+00 2.6035E+02 5.7100E+01 -8.7018E-02 1.1589E-04
4.9496E+06 -4.6826E-01 3.5494E+02 7.2130E+01 -8.3014E-02 8.7903E-05
4.9401E+06 -3.3819E+01 3.1025E+02 5.1757E+01 -6.1410E-02 8.4425E-05
5.1902E+06 -8.2449E+00 3.0856E+02 6.0046E+01 -7.6768E-02 9.4677E-05
5.0161E+06 -9.9824E+00 3.6925E+02 7.9404E+01 -8.3459E-02 7.6476E-05
5.0583E+06 -4.4323E+01 4.7771E+02 7.9614E+01 -3.1912E-02 3.1622E-05
4.7507E+06 -7.1527E+00 2.3984E+02 5.6749E+01 -1.0465E-01 1.4163E-04
5.1559E+06 -2.5097E+01 3.5868E+02 6.0870E+01 -4.4366E-02 5.4010E-05
5.0346E+06 -1.0076E+01 2.8652E+02 5.6822E+01 -8.2171E-02 1.0703E-04
5.1133E+06 3.8583E+01 3.7636E+02 6.8165E+01 -8.4192E-02 9.1855E-05
4.8936E+06 -3.9103E+01 4.2341E+02 7.2260E+01 -4.6000E-02 5.7128E-05
5.0394E+06 -1.2909E+00 3.3031E+02 7.0796E+01 -8.1868E-02 8.5268E-05
5.0320E+06 8.7267E+00 3.3456E+02 6.6113E+01 -7.9197E-02 8.7015E-05
4.9870E+06 -1.3530E+01 4.1408E+02 7.6485E+01 -4.4137E-02 4.9054E-05
5.0310E+06 -6.5302E+00 4.7065E+02 9.4651E+01 -8.0303E-02 6.1285E-05
5.3095E+06 -3.8548E+01 3.4884E+02 6.4389E+01 -5.8664E-02 6.7032E-05
5.1190E+06 -7.2707E+01 3.9582E+02 4.4198E+01 -3.1327E-02 4.5773E-05
5.1674E+06 -1.4594E+01 4.9542E+02 9.8376E+01 -7.3217E-02 5.9335E-05
5.2542E+06 -1.1755E+01 4.4457E+02 9.9613E+01 -7.9673E-02 6.2779E-05
4.7844E+06 4.1550E+00 2.8916E+02 5.3402E+01 -7.6120E-02 1.0479E-04
5.2004E+06 -3.1508E+01 5.1215E+02 8.2865E+01 -4.3885E-02 3.6418E-05
4.8725E+06 -1.4182E+01 5.3147E+02 1.0582E+02 -6.2061E-02 3.8337E-05
4.7135E+06 -7.1037E+00 3.0701E+02 5.8924E+01 -6.1016E-02 7.7306E-05
5.5378E+06 -1.0485E+01 4.8063E+02 8.2656E+01 -6.9186E-02 5.8361E-05
4.9463E+06 -1.4972E+01 4.3115E+02 8.9039E+01 -8.4292E-02 7.6353E-05
4.9611E+06 -1.9385E+01 4.0056E+02 7.5856E+01 -3.0515E-02 3.5394E-05
5.2819E+06 -1.7048E+01 4.3616E+02 8.7616E+01 -5.6044E-02 4.6662E-05
5.1180E+06 -9.6136E+00 4.2736E+02 7.8457E+01 -6.3051E-02 6.1671E-05
5.1042E+06 -3.3568E+01 3.6200E+02 6.3832E+01 -6.1868E-02 6.8804E-05
4.6157E+06 -1.4889E+01 4.1893E+02 8.7058E+01 -1.0950E-02 1.5205E-05
5.0473E+06 -1.1785E+01 4.0417E+02 7.6012E+01 -5.7989E-02 6.0322E-05
5.0446E+06 -1.6593E+01 4.5785E+02 8.5321E+01 -5.8391E-02 5.0938E-05
5.1644E+06 -2.6284E+01 4.1598E+02 6.9830E+01 -5.3685E-02 5.5347E-05
5.0402E+06 -6.5043E+01 4.5480E+02 6.7916E+01 -7.4317E-03 1.2318E-05
5.1166E+06 -3.0669E+01 3.2630E+02 5.4371E+01 -5.4847E-02 7.4978E-05
4.9724E+06 -1.8589E+01 4.9138E+02 7.8712E+01 -2.4930E-02 2.2426E-05
5.2394E+06 1.3211E+00 2.5943E+02 5.3092E+01 -9.7178E-02 1.3157E-04
5.2215E+06 -2.7881E+01 3.1940E+02 5.5275E+01 -6.8954E-02 8.6300E-05
4.9449E+06 -1.8154E+01 4.6495E+02 9.2942E+01 -7.1716E-02 5.3357E-05
5.1492E+06 -1.8123E+01 4.9947E+02 9.9617E+01 -6.4168E-02 4.0377E-05
5.0165E+06 -3.0489E+01 4.2534E+02 7.4131E+01 -7.0365E-02 7.8388E-05
5.3725E+06 -1.8906E+01 3.8654E+02 6.3854E+01 -4.7801E-02 5.5963E-05
5.0762E+06 -1.5986E+01 5.4356E+02 1.0146E+02 -9.9831E-02 7.5808E-05
4.7809E+06 -2.0000E+01 4.5966E+02 9.0689E+01 -3.2587E-02 2.6796E-05
4.9016E+06 -3.2250E+01 4.1923E+02 7.1351E+01 -2.6959E-02 3.4864E-05
4.9371E+06 -6.9385E+01 5.0447E+02 7.9867E+01 -1.8281E-02 1.6470E-05
5.2135E+06 -7.0791E+01 4.3426E+02 5.7860E+01 -2.4699E-02 3.9206E-05
5.0697E+06 -1.6166E+01 4.6510E+02 8.7748E+01 -7.2763E-02 6.8554E-05
4.9309E+06 -2.9159E+01 3.0114E+02 5.1823E+01 -5.1486E-02 7.6179E-05
5.2759E+06 -2.1553E+01 4.4751E+02 8.2152E+01 -5.6794E-02 4.9383E-05
5.0037E+06 -1.0034E+01 3.8166E+02 7.1960E+01 -4.8790E-02 4.9664E-05
4.7997E+06 4.9401E+00 4.2265E+02 8.0028E+01 -2.8242E-02 2.6197E-05
4.9048E+06 6.8811E+00 3.1035E+02 6.4886E+01 -8.1247E-02 9.3553E-05
4.8780E+06 -2.2207E+00 2.7377E+02 6.1514E+01 -9.6073E-02 1.2375E-04
4.9229E+06 -1.1639E+01 3.6668E+02 7.7046E+01 -4.3886E-02 4.6198E-05
5.0490E+06 -1.4000E+01 4.0748E+02 8.3409E+01 -7.4236E-02 6.7093E-05
5.2150E+06 -2.4698E-01 5.0119E+02 9.3034E+01 -6.5972E-02 5.4062E-05
4.8138E+06 -3.8048E+00 2.8863E+02 6.4103E+01 -8.8026E-02 1.0530E-04
5.1920E+06 -1.8520E+01 4.5073E+02 7.7916E+01 -5.4684E-02 4.9231E-05
4.9426E+06 -4.5863E+01 3.9487E+02 7.0021E+01 -5.6035E-02 7.4412E-05
4.6671E+06 -3.2937E+01 3.1993E+02 5.4842E+01 -8.4218E-03 2.7974E-05
4.9443E+06 -9.6763E+00 3.3670E+02 5.8815E+01 -5.2968E-02 6.9890E-05
5.0757E+06 -5.8957E+01 4.3781E+02 6.8935E+01 -3.4650E-02 3.7735E-05
5.0217E+06 -1.3839E+01 4.8834E+02 8.3472E+01 -5.0502E-02 4.4548E-05
5.2931E+06 -6.3446E+01 4.9187E+02 6.6836E+01 -1.3643E-02 2.5080E-05
5.0566E+06 -1.7446E+01 4.4817E+02 8.9200E+01 -6.4578E-02 5.0442E-05
4.9497E+06 -6.5043E+01 3.7743E+02 5.7075E+01 -2.4551E-02 3.7949E-05
5.1985E+06 -1.4680E+01 3.5401E+02 5.9093E+01 -5.2993E-02 6.4262E-05
5.1763E+06 -1.6586E+00 4.0656E+02 8.6456E+01 -7.3436E-02 6.6209E-05
5.0550E+06 -8.9423E+00 3.7313E+02 7.2548E+01 -7.2774E-02 8.3029E-05
4.9550E+06 -1.2160E+01 5.2149E+02 1.1112E+02 -1.0027E-01 7.2287E-05
5.0901E+06 3.5011E+01 4.8680E+02 9.3991E+01 -6.3623E-02 5.4512E-05
4.9277E+06 -4.8620E+00 3.9335E+02 8.3360E+01 -6.9998E-02 6.3581E-05
5.2546E+06 -1.6910E+01 4.7147E+02 9.6616E+01 -8.8156E-02 6.7542E-05
4.9302E+06 -5.6114E+01 4.3050E+02 7.3977E+01 -2.3896E-02 2.8552E-05
5.2830E+06 -1.2535E+01 3.9849E+02 8.2430E+01 -8.4698E-02 7.4187E-05
5.2278E+06 -5.4831E+01 3.8525E+02 6.6781E+01 -2.6928E-02 3.3731E-05
4.7288E+06 -2.7380E+01 5.0711E+02 8.0848E+01 9.4938E-03 2.3748E-06
5.2466E+06 -1.6927E+01 4.5706E+02 9.4376E+01 -7.1608E-02 5.7202E-05
5.0864E+06 -6.4611E+01 4.9010E+02 8.2373E+01 -3.6293E-02 3.3718E-05
4.9678E+06 -1.7516E+01 4.4621E+02 6.9213E+01 -2.2508E-02 3.1302E-05
4.9018E+06 -1.3241E+00 3.8862E+02 7.0991E+01 -8.6254E-02 9.2889E-05
4.8716E+06 -2.0703E+01 4.3629E+02 8.2251E+01 -4.9379E-02 4.5307E-05
5.0926E+06 -2.2831E+01 4.6521E+02 8.7365E+01 -4.5937E-02 4.1990E-05
4.9026E+06 -7.8881E+00 2.5413E+02 5.3279E+01 -9.4837E-02 1.2958E-04
4.9406E+06 -2.7271E+01 4.6302E+02 7.1478E+01 -3.9271E-02 3.9678E-05
5.2822E+06 -1.9440E+01 4.2840E+02 7.7640E+01 -6.9250E-02 6.2721E-05
4.9947E+06 -4.8289E+01 3.9899E+02 6.3295E+01 -3.3913E-02 4.7276E-05
5.2237E+06 1.3628E+01 4.4762E+02 7.5328E+01 -5.6707E-02 5.7199E-05
4.8286E+06 -1.7848E+01 3.2575E+02 5.3403E+01 -5.3386E-02 7.2350E-05
5.0543E+06 -4.2072E+01 4.7810E+02 9.0346E+01 -6.8732E-02 5.0109E-05
4.7974E+06 -6.6338E+00 3.1322E+02 6.7099E+01 -7.6427E-02 8.8101E-05
5.1076E+06 -3.5111E+01 3.7854E+02 6.5094E+01 -5.0265E-02 5.8576E-05
5.0827E+06 -2.5420E+01 3.9228E+02 6.3148E+01 -4.5340E-02 5.1789E-05
4.9573E+06 -7.3509E+01 4.8625E+02 7.8544E+01 -3.1080E-02 2.7863E-05
4.7714E+06 -1.7487E+01 2.7619E+02 5.8191E+01 -7.6640E-02 9.9981E-05
4.9658E+06 -1.0623E+01 4.2592E+02 8.6146E+01 -5.2856E-02 4.7649E-05
4.8309E+06 -1.1640E+01 3.4105E+02 6.2118E+01 -5.3000E-02 6.9429E-05
5.0704E+06 5.6383E+00 3.3887E+02 6.3890E+01 -8.0990E-02 1.0138E-04
4.8954E+06 -3.4012E+00 3.1174E+02 5.5066E+01 -4.9873E-02 7.3760E-05
4.8900E+06 -1.7514E+01 4.9605E+02 1.0478E+02 -8.7066E-02 6.2151E-05
5.1982E+06 -1.4488E+00 3.1128E+02 6.0993E+01 -7.7607E-02 9.4754E-05
5.0318E+06 1.4071E+01 3.9977E+02 8.2492E+01 -9.8731E-02 1.0329E-04
5.2442E+06 1.8872E+01 4.8736E+02 9.6593E+01 -9.3437E-02 7.2009E-05
4.9931E+06 -2.5735E+01 2.8819E+02 5.6116E+01 -5.6767E-02 8.0666E-05
4.9214E+06 -4.8831E+01 3.0769E+02 5.0619E+01 -3.4005E-02 5.9684E-05
4.9012E+06 -8.2027E+00 3.5373E+02 6.9671E+01 -5.7577E-02 6.8154E-05
5.3367E+06 7.5581E+00 4.0401E+02 7.8256E+01 -8.1221E-02 7.2637E-05
5.0482E+06 -3.2648E+00 3.1443E+02 5.9538E+01 -9.3554E-02 1.1251E-04
5.2020E+06 -7.3659E+00 4.4911E+02 8.0203E+01 -6.2091E-02 5.2012E-05
5.1153E+06 -4.0897E+01 3.4469E+02 5.9842E+01 -5.5399E-02 6.8936E-05
5.2076E+06 -7.6885E+01 4.1850E+02 4.3580E+01 3.2025E-03 1.8339E-05
4.7664E+06 -3.0674E+01 2.9348E+02 4.7695E+01 -2.0860E-02 5.0849E-05
5.1053E+06 -1.3950E+01 4.6243E+02 6.6251E+01 -2.5011E-02 3.3826E-05
5.4564E+06 1.8942E+00 3.6412E+02 8.0546E+01 -8.2850E-02 7.9541E-05
5.0154E+06 -2.5283E+01 4.0294E+02 6.5857E+01 -2.8458E-02 3.8743E-05
5.1308E+06 -2.1306E+01 4.2368E+02 7.8285E+01 -5.3428E-02 5.4423E-05
4.9689E+06 -6.3065E+01 3.6602E+02 5.8348E+01 -1.5301E-02 3.3079E-05
4.9651E+06 -1.9024E+01 4.1732E+02 6.6827E+01 -3.4994E-02 3.6251E-05
4.8172E+06 -1.0146E+01 3.9568E+02 8.6866E+01 -8.0019E-02 7.3223E-05
5.1598E+06 -1.6557E+01 4.3876E+02 7.8370E+01 -4.8599E-02 4.5508E-05
5.1769E+06 -2.6378E+01 4.1055E+02 6.8835E+01 -3.7315E-02 4.5080E-05
5.2174E+06 -1.5689E+01 4.0617E+02 7.9150E+01 -7.7471E-02 7.3754E-05
5.2733E+06 -1.7751E+01 5.1903E+02 7.0210E+01 -3.0817E-02 3.1695E-05
5.1566E+06 -8.9781E+00 2.8662E+02 5.1871E+01 -7.6016E-02 1.0387E-04
5.2812E+06 4.3366E+00 4.4151E+02 9.8459E+01 -1.0405E-01 8.0552E-05
4.9363E+06 -5.6040E+01 4.5592E+02 7.7215E+01 -3.0864E-02 3.3574E-05
4.9492E+06 -1.2444E+01 4.2053E+02 8.9759E+01 -9.2227E-02 7.9900E-05
5.0845E+06 -1.4453E+01 3.8599E+02 6.4558E+01 -4.6038E-02 5.1850E-05
5.0660E+06 -1.5437E+01 4.2672E+02 8.7440E+01 -5.1571E-02 4.5619E-05
4.9897E+06 -7.3693E+01 4.2574E+02 6.3288E+01 -2.8936E-02 4.8145E-05
4.9523E+06 -1.0279E+01 3.1938E+02 5.4710E+01 -4.6118E-02 6.8906E-05
4.9610E+06 -2.2280E+01 3.0894E+02 6.1703E+01 -7.2826E-02 8.7034E-05
4.9133E+06 -2.3937E+00 2.4297E+02 5.4508E+01 -9.2210E-02 1.3187E-04
5.0753E+06 -5.8652E+01 5.0536E+02 7.6079E+01 -1.9807E-02 1.7882E-05
5.1183E+06 1.5949E+01 3.3152E+02 6.2903E+01 -8.3006E-02 9.4494E-05
5.2054E+06 6.5996E+00 2.9302E+02 5.4980E+01 -7.9387E-02 1.0150E-04
4.8456E+06 -6.2440E+00 4.2155E+02 9.1210E+01 -8.9110E-02 7.3562E-05
5.0923E+06 -6.7303E+01 4.6337E+02 7.2754E+01 -2.7544E-02 2.8261E-05
5.1109E+06 -1.6765E+01 4.2554E+02 8.3839E+01 -5.9974E-02 5.8109E-05
5.2612E+06 8.1545E-01 4.6779E+02 8.0411E+01 -6.6768E-02 6.0163E-05
5.3114E+06 1.5710E+00 4.3032E+02 8.6698E+01 -7.0455E-02 6.3154E-05
4.9067E+06 -3.5235E+01 3.5581E+02 4.5290E+01 -9.9672E-03 4.1708E-05
5.1465E+06 -2.3958E+01 3.6077E+02 5.3365E+01 -4.8652E-02 6.2710E-05
5.2060E+06 -7.9917E+00 4.7472E+02 8.4359E+01 -3.0173E-02 2.9536E-05
4.9760E+06 1.7887E+01 2.9919E+02 5.1813E+01 -8.2233E-02 1.1315E-04
5.0639E+06 -3.2452E+01 2.6727E+02 4.7979E+01 -4.9002E-02 8.5618E-05
4.8346E+06 -6.4867E+00 2.6223E+02 5.8869E+01 -1.0083E-01 1.2963E-04
4.8460E+06 -2.9607E+01 3.0060E+02 4.9813E+01 -2.6969E-02 5.6337E-05
5.0553E+06 -5.5760E+00 3.8864E+02 8.0990E+01 -7.0532E-02 6.7098E-05
5.1469E+06 -9.3257E+00 4.8601E+02 8.6619E+01 -6.3556E-02 5.7196E-05
4.9407E+06 -9.1119E+00 5.6715E+02 9.8878E+01 -1.1879E-01 9.7554E-05
4.8480E+06 -2.3467E+01 2.6808E+02 4.6054E+01 -5.3701E-02 9.0294E-05
5.0912E+06 -3.7824E+01 3.9048E+02 5.9021E+01 -2.6935E-02 4.0713E-05
4.8982E+06 -5.7440E+01 3.1921E+02 4.9011E+01 -2.0781E-02 4.9479E-05
5.2323E+06 -6.1171E+01 4.2434E+02 6.3839E+01 -3.6084E-02 4.4675E-05
5.1319E+06 -1.7297E+01 4.1099E+02 8.0707E+01 -5.2355E-02 4.7160E-05
5.0020E+06 -4.4483E+01 3.1426E+02 5.0148E+01 -4.5194E-02 7.2898E-05
5.1847E+06 -8.8837E+00 2.9983E+02 5.2794E+01 -7.4782E-02 1.0065E-04
5.0978E+06 -1.3997E+01 4.5258E+02 9.8119E+01 -7.7693E-02 6.8592E-05
5.0713E+06 -6.8077E+00 3.5234E+02 7.0511E+01 -9.8649E-02 9.8191E-05
5.1300E+06 -1.4714E+01 3.5420E+02 6.6495E+01 -5.6201E-02 6.3916E-05
4.6468E+06 -1.9824E+01 3.8069E+02 6.1986E+01 -2.9442E-02 4.5636E-05
5.2888E+06 -7.2861E+01 4.7385E+02 6.0105E+01 -1.7505E-02 2.7218E-05
5.0109E+06 -1.1840E+01 3.9494E+02 6.6652E+01 -5.0208E-02 5.3765E-05
5.2728E+06 -2.7753E+00 4.3908E+02 8.2628E+01 -5.8716E-02 5.1134E-05
5.0602E+06 -3.1588E+00 3.3350E+02 6.6684E+01 -9.9065E-02 1.0480E-04
5.0529E+06 -2.3849E+01 2.4676E+02 4.4673E+01 -5.5297E-02 9.6354E-05
5.0477E+06 -2.5618E+01 3.1931E+02 5.8997E+01 -6.3067E-02 7.9496E-05
5.5031E+06 -1.5998E+01 4.6646E+02 9.6402E+01 -8.8364E-02 6.6943E-05
5.1739E+06 -1.7058E+01 4.1647E+02 6.6563E+01 -4.7694E-02 5.0900E-05
5.1837E+06 -4.3909E+01 4.6302E+02 7.3277E+01 -3.0521E-02 3.3699E-05
5.1823E+06 -2.5139E+01 4.7763E+02 8.7992E+01 -6.1874E-02 4.9293E-05
5.0676E+06 -2.4747E-01 3.3834E+02 6.9802E+01 -1.0770E-01 1.1079E-04
5.2146E+06 -1.9326E+01 3.7461E+02 6.8930E+01 -5.4767E-02 5.3885E-05
5.5902E+06 -2.0839E+01 3.9112E+02 5.9123E+01 -5.8300E-02 6.3064E-05
4.9278E+06 8.4454E+00 3.8182E+02 6.7190E+01 -3.5924E-02 4.8057E-05
4.9643E+06 -2.4338E+01 4.4811E+02 8.0347E+01 -4.7766E-02 4.7788E-05
4.9488E+06 -9.5819E+01 5.4995E+02 6.3488E+01 -1.5991E-02 2.3784E-05
4.9477E+06 -1.2254E+02 4.6595E+02 5.3210E+01 1.5606E-02 1.2217E-05
4.8258E+06 -1.2888E+01 3.2698E+02 6.3621E+01 -3.7123E-02 5.5448E-05
5.0682E+06 5.3183E+00 3.2015E+02 7.1357E+01 -1.1240E-01 1.2700E-04
5.1004E+06 -1.4089E+01 3.3878E+02 6.3745E+01 -4.9134E-02 6.4052E-05
5.0706E+06 -2.6348E+01 4.7093E+02 7.0991E+01 -8.4608E-03 9.6106E-06
5.4325E+06 -3.1660E+01 4.9775E+02 6.9259E+01 -3.0087E-02 3.1858E-05
4.8886E+06 -8.5948E+00 4.7441E+02 9.3944E+01 -5.8854E-02 5.3766E-05
5.0407E+06 -1.0086E+01 4.8211E+02 1.0130E+02 -8.6795E-02 7.0413E-05
4.7774E+06 -2.1608E+01 4.3002E+02 7.9497E+01 -3.0871E-02 2.7843E-05
5.0274E+06 5.1816E-01 3.9758E+02 7.3144E+01 -5.9491E-02 5.8001E-05
5.1332E+06 1.0948E+01 2.8746E+02 6.1258E+01 -1.0703E-01 1.3044E-04
5.0109E+06 -3.7487E+01 2.8255E+02 4.5679E+01 -3.6548E-02 7.3416E-05
4.8839E+06 -2.6504E+01 3.3715E+02 5.9437E+01 -5.5844E-02 6.7460E-05
5.4423E+06 -6.2110E+01 4.7341E+02 7.4964E+01 -5.8269E-02 5.2269E-05
5.0652E+06 -3.6879E+01 3.4556E+02 5.1260E+01 -4.3501E-02 6.7569E-05
5.1363E+06 -1.6248E+01 4.7830E+02 9.0221E+01 -5.8072E-02 4.6113E-05
5.2699E+06 -4.2005E+01 3.9846E+02 6.9823E+01 -6.2045E-02 6.3782E-05
4.9298E+06 -1.1766E+01 4.7539E+02 9.7659E+01 -8.7774E-02 7.1779E-05
5.1534E+06 -9.5875E+00 3.5659E+02 6.3461E+01 -8.0173E-02 8.4416E-05
5.0693E+06 -1.5393E+01 3.3960E+02 6.3658E+01 -6.3112E-02 8.5136E-05
5.0504E+06 -2.4113E+01 4.2538E+02 7.4532E+01 -4.2148E-02 4.8375E-05
5.1916E+06 -5.2275E+01 3.6515E+02 5.6232E+01 -2.9480E-02 4.7324E-05
5.1345E+06 8.3902E-01 2.7450E+02 5.7984E+01 -7.9760E-02 1.0828E-04
5.4285E+06 -6.5845E+00 5.0216E+02 8.7064E+01 -5.7463E-02 4.6049E-05
5.2763E+06 -1.5797E+01 4.5082E+02 8.4210E+01 -7.6178E-02 6.7390E-05
5.1042E+06 -1.1694E+01 3.8201E+02 7.6938E+01 -6.0274E-02 5.4732E-05
4.7680E+06 -5.8706E+01 2.9233E+02 4.0096E+01 -1.0549E-02 4.9378E-05
4.9779E+06 -2.6937E+01 3.1213E+02 5.9210E+01 -5.4936E-02 7.1862E-05
5.1289E+06 -2.3648E+01 2.3241E+02 4.2934E+01 -5.6004E-02 1.0380E-04
4.7211E+06 -8.8109E+00 4.2230E+02 9.9703E+01 -7.5394E-02 6.5838E-05
5.1550E+06 -2.7233E+01 4.4201E+02 7.0005E+01 -5.0113E-02 4.5657E-05
4.9475E+06 -9.7411E+00 3.9590E+02 6.3094E+01 -3.7976E-02 5.2544E-05
5.0793E+06 -4.3238E+01 4.4907E+02 7.2992E+01 -3.4105E-02 3.2304E-05
5.0008E+06 -2.5756E+01 3.6412E+02 6.0005E+01 -5.0762E-02 6.5349E-05
5.0166E+06 -6.7180E+01 4.3432E+02 7.3041E+01 -2.4518E-02 2.5364E-05
4.9665E+06 -9.7088E+00 4.0929E+02 7.3125E+01 -7.6805E-02 7.0454E-05
5.4469E+06 -9.8920E-01 3.6443E+02 7.4045E+01 -8.3546E-02 8.1119E-05
5.0452E+06 -3.0144E+01 4.0187E+02 6.4505E+01 -6.2582E-02 6.6900E-05
5.2193E+06 -1.0496E+01 4.0291E+02 6.7712E+01 -6.1248E-02 6.3739E-05
5.2678E+06 -2.7598E+01 4.4149E+02 7.3075E+01 -4.4973E-02 4.7975E-05
5.0073E+06 -1.7176E+01 3.8086E+02 7.2552E+01 -5.9029E-02 6.2567E-05
4.9899E+06 -1.9523E+01 4.8360E+02 9.6939E+01 -6.4609E-02 5.4369E-05
5.2039E+06 9.7056E+00 3.5920E+02 6.3608E+01 -7.0023E-02 7.7814E-05
4.9416E+06 -1.0209E+01 3.6687E+02 6.2583E+01 -6.5218E-02 7.0588E-05
4.9379E+06 -1.4122E+01 4.4489E+02 8.2957E+01 -6.0020E-02 5.5842E-05
5.2879E+06 -5.6771E+01 5.1716E+02 7.1086E+01 -3.0055E-02 3.4496E-05
4.8975E+06 -6.3216E+01 4.3148E+02 6.4628E+01 -3.7929E-02 4.7541E-05
4.9328E+06 -7.6572E+01 3.2832E+02 4.2545E+01 2.9646E-03 2.8114E-05
4.9640E+06 -1.6729E+01 3.7258E+02 7.4273E+01 -6.3793E-02 6.3170E-05
5.1536E+06 -2.1091E+01 3.9370E+02 6.0990E+01 -4.9457E-02 5.5552E-05
5.0710E+06 -2.0082E+01 3.1257E+02 5.5431E+01 -7.5453E-02 9.6347E-05
5.0036E+06 3.2648E+00 3.6695E+02 8.3745E+01 -9.2380E-02 8.3936E-05