4.5718E+05 -4.1053E+01 3.3261E+02 6.1006E+01 -6.9077E-02 8.8138E-05
4.2731E+05 -5.5040E+01 2.3976E+02 4.2870E+01 -4.8310E-02 1.0485E-04
4.4428E+05 -1.6766E+01 3.0232E+02 7.8186E+01 -1.1033E-01 1.2089E-04
4.0540E+05 -1.6045E+01 3.0895E+02 7.3005E+01 -5.0795E-02 6.7315E-05
4.1570E+05 -1.2418E+00 3.7879E+02 1.0608E+02 -7.7694E-02 8.9596E-05
4.7759E+05 -6.3219E+00 3.9888E+02 9.6446E+01 -1.1693E-01 1.0300E-04
4.9307E+05 3.1028E+00 3.7918E+02 1.0125E+02 -1.2746E-01 1.1592E-04
4.2671E+05 -6.0295E+00 2.7273E+02 6.6988E+01 -5.4391E-02 8.8843E-05
4.5815E+05 -6.6070E+00 2.5229E+02 6.6753E+01 -1.3215E-01 1.6691E-04
4.5574E+05 -3.3452E+01 4.1961E+02 6.6202E+01 5.8045E-03 1.5773E-05
4.6778E+05 -2.6488E+00 3.8087E+02 8.7206E+01 -5.1842E-02 5.7881E-05
4.4972E+05 -1.5520E+00 3.8778E+02 1.0941E+02 -1.0491E-01 9.7028E-05
4.6577E+05 -1.6023E+01 3.7773E+02 1.0163E+02 -1.3219E-01 1.1548E-04
4.5147E+05 -6.9142E+00 2.4587E+02 5.5103E+01 -8.9816E-02 1.3783E-04
4.6363E+05 1.5046E+01 4.3558E+02 1.0729E+02 -8.9220E-02 7.4197E-05
4.5880E+05 -5.4312E+01 2.7250E+02 4.5402E+01 9.4345E-03 3.9418E-05
4.6770E+05 -6.8385E+00 3.7308E+02 1.0173E+02 -9.8887E-02 8.3821E-05
4.2793E+05 -1.7693E+01 3.9535E+02 8.0393E+01 -2.5072E-02 3.0088E-05
4.4250E+05 3.7846E+00 2.4753E+02 6.7634E+01 -9.7360E-02 1.3519E-04
4.1256E+05 1.4682E+00 2.3260E+02 6.6539E+01 -7.6155E-02 1.1716E-04
4.9771E+05 -4.7371E+00 4.0870E+02 7.5549E+01 -6.5995E-02 7.2869E-05
4.4662E+05 2.1100E+00 2.5909E+02 6.8927E+01 -1.3295E-01 1.6406E-04
4.5356E+05 -8.6805E+00 3.5975E+02 9.3673E+01 -8.5824E-02 8.4970E-05
4.5217E+05 2.2121E+00 2.6187E+02 6.6649E+01 -1.0699E-01 1.4180E-04
4.3333E+05 -7.0262E+01 3.6945E+02 6.6800E+01 -3.9870E-03 2.9781E-05
4.8311E+05 -1.1547E+01 4.3486E+02 8.1418E+01 -4.6632E-02 5.3228E-05
4.5052E+05 -3.3960E+01 2.3877E+02 4.9446E+01 -6.2929E-02 1.1390E-04
4.1119E+05 -7.1210E+00 3.6333E+02 9.7174E+01 -7.1725E-02 8.6163E-05
4.5104E+05 -2.0479E+01 2.4102E+02 5.3136E+01 -8.5660E-02 1.3536E-04
4.2637E+05 -2.5795E+01 2.8239E+02 6.0401E+01 -2.7327E-02 5.8449E-05
4.5170E+05 -2.0752E+01 2.9361E+02 7.6001E+01 -9.5595E-02 1.1154E-04
5.0549E+05 1.4660E+01 3.7611E+02 1.0212E+02 -1.2692E-01 1.0951E-04
4.2809E+05 -4.1239E+01 3.6515E+02 7.5014E+01 -2.7244E-04 2.3226E-05
4.1421E+05 -3.0137E+00 2.3881E+02 6.2460E+01 -8.0604E-02 1.2401E-04
4.6748E+05 -3.4028E+01 3.7780E+02 6.8167E+01 -1.7709E-02 4.2046E-05
3.8556E+05 -6.1996E+01 4.0700E+02 7.3851E+01 5.0551E-02 -8.6272E-06
4.3465E+05 -7.8161E+00 3.8920E+02 1.0232E+02 -9.3924E-02 7.7583E-05
4.3514E+05 -4.6160E+01 3.8583E+02 7.5451E+01 4.6613E-03 1.4274E-05
4.5628E+05 -5.2220E+01 3.9946E+02 7.9040E+01 -2.9294E-02 3.7409E-05
4.3055E+05 -3.6595E+00 3.1094E+02 8.3219E+01 -1.1558E-01 1.2280E-04
4.3563E+05 -2.3383E+01 2.6724E+02 5.6671E+01 -5.0519E-02 8.7167E-05
4.2796E+05 5.6630E+00 3.5162E+02 9.9508E+01 -5.7931E-02 5.9081E-05
4.4837E+05 2.6211E+01 4.4307E+02 1.2812E+02 -1.8286E-01 1.5852E-04
4.6132E+05 -5.5846E+01 3.8680E+02 6.3084E+01 -2.6899E-02 5.9126E-05
4.7849E+05 -4.0558E+01 3.7079E+02 4.9963E+01 -5.3049E-02 7.4752E-05
4.4847E+05 -6.8547E+00 2.5683E+02 5.9371E+01 -8.2247E-02 1.2255E-04
4.9150E+05 -2.8940E+01 3.6652E+02 4.3349E+01 -1.1490E-02 4.9929E-05
4.3332E+05 2.2101E+00 2.8831E+02 7.9710E+01 -8.5241E-02 1.0247E-04
4.6771E+05 -2.2337E+01 2.4290E+02 3.9971E+01 -4.2222E-02 1.0119E-04
4.0658E+05 -5.3709E+01 2.6688E+02 4.5723E+01 7.7635E-03 3.9039E-05
4.6818E+05 -2.1087E+01 2.7236E+02 4.8136E+01 -5.6448E-02 1.0030E-04
4.4850E+05 -2.9413E+01 3.2452E+02 7.9124E+01 -8.7076E-02 9.2253E-05
4.8235E+05 -2.4858E+00 3.7619E+02 9.9344E+01 -9.2159E-02 7.8473E-05
4.5664E+05 2.3303E+01 3.8436E+02 1.0069E+02 -9.2349E-02 9.4169E-05
4.5918E+05 3.3839E+00 4.2589E+02 9.0647E+01 -6.0023E-02 6.6963E-05
4.4887E+05 -6.6412E+00 3.0019E+02 5.7947E+01 -5.3883E-02 8.8877E-05
4.5288E+05 -8.7839E+00 3.4471E+02 8.4756E+01 -7.7772E-02 8.3149E-05
4.4893E+05 7.2578E+00 2.2762E+02 5.6471E+01 -7.5349E-02 1.3037E-04
4.6462E+05 -2.9587E+00 2.7610E+02 7.0466E+01 -1.2225E-01 1.4832E-04
4.4359E+05 -3.5075E+01 3.7307E+02 8.8446E+01 -6.6916E-02 6.9483E-05
4.2953E+05 -3.1077E+01 2.3089E+02 4.9804E+01 -4.4885E-02 9.7402E-05
4.3721E+05 -1.3585E+01 2.5598E+02 6.3733E+01 -1.1415E-01 1.4966E-04
4.6026E+05 -1.3356E+01 3.6527E+02 8.5244E+01 -1.2238E-01 1.2019E-04
4.6678E+05 -7.4289E+01 3.6122E+02 6.3771E+01 -2.5039E-02 4.3702E-05
4.1599E+05 2.9420E+00 3.9443E+02 1.0674E+02 -9.8972E-02 1.0325E-04
4.6862E+05 -4.8524E-02 2.7220E+02 6.4664E+01 -1.0052E-01 1.3188E-04
4.4911E+05 -1.9775E+01 4.2652E+02 8.4919E+01 -4.8223E-02 5.6664E-05
4.1067E+05 -3.3803E+02 3.8166E+02 2.6097E+01 5.6914E-02 -6.2140E-06
4.6237E+05 -4.7911E+00 3.0002E+02 7.9947E+01 -8.9823E-02 1.0165E-04
4.8936E+05 1.6205E+00 4.1717E+02 8.8063E+01 -7.7093E-02 7.0536E-05
4.6928E+05 -7.2002E+00 2.9553E+02 5.2583E+01 -4.1387E-02 8.0171E-05
4.5877E+05 -1.3209E+01 2.0774E+02 4.3258E+01 -5.3692E-02 1.2061E-04
4.5308E+05 -1.8262E+01 2.9976E+02 7.6140E+01 -1.0841E-01 1.2440E-04
4.3916E+05 -1.7431E+01 3.7736E+02 8.1468E+01 -3.0670E-02 5.6140E-05
4.3381E+05 -2.3798E+01 3.4922E+02 8.5095E+01 -5.6287E-02 6.1849E-05
4.0612E+05 2.8443E-01 2.4282E+02 7.5824E+01 -1.1992E-01 1.5254E-04
4.8361E+05 3.2096E+00 3.7173E+02 9.8596E+01 -1.1709E-01 1.2559E-04
4.8236E+05 3.6856E+00 3.5707E+02 9.4042E+01 -1.6087E-01 1.5477E-04
4.7325E+05 -4.3268E+00 2.5293E+02 5.8902E+01 -1.1429E-01 1.5749E-04
4.5550E+05 -1.2651E+01 2.6895E+02 6.3069E+01 -8.1515E-02 1.1610E-04
4.3625E+05 -2.9501E+00 2.5493E+02 6.8322E+01 -9.5713E-02 1.2955E-04
4.4231E+05 -1.0575E+01 2.2288E+02 5.3744E+01 -8.3649E-02 1.3835E-04
4.3558E+05 -3.3301E+01 2.2690E+02 3.5932E+01 -4.4895E-02 1.1234E-04
4.3679E+05 2.3833E+00 4.0401E+02 8.4686E+01 -2.9661E-02 3.9420E-05
4.3175E+05 -1.5197E+00 3.1219E+02 8.8907E+01 -1.3212E-01 1.3308E-04
4.3421E+05 -2.9332E+01 3.8624E+02 6.9433E+01 9.6548E-03 9.5316E-06
4.0595E+05 2.3273E+00 4.1386E+02 1.3412E+02 -1.0726E-01 8.6022E-05
4.2092E+05 -3.0214E+00 3.0180E+02 8.6727E+01 -7.9152E-02 8.4714E-05
4.5462E+05 -6.0806E+00 2.8559E+02 6.4205E+01 -7.8344E-02 1.1078E-04
4.1041E+05 -1.1266E+01 2.3557E+02 6.2624E+01 -1.0736E-01 1.5208E-04
4.6910E+05 7.9900E+00 4.0867E+02 9.7086E+01 -7.4501E-02 6.9376E-05
4.5908E+05 -1.7417E+01 3.3412E+02 7.6902E+01 -7.9768E-02 9.2224E-05
4.5649E+05 -9.4883E+00 2.8430E+02 5.1251E+01 -7.9893E-02 1.3039E-04
4.6547E+05 -9.1180E+00 3.8452E+02 9.8302E+01 -9.3770E-02 8.6076E-05
4.6952E+05 1.2975E+01 2.8360E+02 7.9944E+01 -1.2708E-01 1.4322E-04
4.6544E+05 -3.1176E+01 3.2131E+02 6.5562E+01 -7.1763E-02 9.4481E-05
4.2756E+05 -1.2679E+01 2.9936E+02 6.4505E+01 -6.2769E-02 8.7014E-05
4.9079E+05 2.4747E+00 3.2522E+02 8.0762E+01 -1.0562E-01 1.1567E-04
4.5198E+05 8.2030E+00 2.3505E+02 6.1787E+01 -1.1690E-01 1.6692E-04
4.1556E+05 -2.9187E+01 4.0458E+02 7.3722E+01 -2.9279E-02 5.0654E-05
4.7383E+05 -6.2497E+00 3.0013E+02 7.7805E+01 -8.7389E-02 1.0409E-04
4.5580E+05 4.1733E+01 4.1756E+02 1.2005E+02 -1.2159E-01 1.1113E-04
4.0305E+05 -6.9067E+00 2.6580E+02 6.1925E+01 -6.4759E-02 1.0298E-04
4.4024E+05 -2.2116E+00 2.8845E+02 8.3713E+01 -9.9578E-02 1.1387E-04
4.6340E+05 -2.8941E+01 3.4537E+02 7.5588E+01 -6.1235E-02 7.0467E-05
4.7195E+05 -3.3288E+01 3.7475E+02 8.9799E+01 -7.6234E-02 7.0780E-05
4.7893E+05 -1.7260E+01 2.1988E+02 4.3459E+01 -8.5008E-02 1.4908E-04
4.6998E+05 6.4408E+00 3.6839E+02 7.8762E+01 -6.9120E-02 9.4865E-05
4.4217E+05 -8.3134E+00 2.2270E+02 5.2847E+01 -8.7870E-02 1.4421E-04
4.9063E+05 -5.2031E+00 3.4066E+02 6.4352E+01 -6.0121E-02 7.7003E-05
4.5075E+05 8.0130E+00 3.2058E+02 7.8090E+01 -9.2063E-02 1.0439E-04
4.8758E+05 -2.5211E+01 4.1782E+02 9.2088E+01 -6.0200E-02 4.8047E-05
4.1591E+05 -6.1021E+01 3.3808E+02 6.9103E+01 -6.6942E-03 2.7427E-05
4.9777E+05 -8.1766E-01 3.8487E+02 7.5230E+01 -7.0704E-02 7.7206E-05
4.1276E+05 -1.4014E+01 2.5758E+02 6.6815E+01 -4.2434E-02 7.2002E-05
4.2391E+05 -1.3199E+01 2.1688E+02 5.3772E+01 -7.5628E-02 1.3205E-04
4.0751E+05 -2.5147E+01 3.9535E+02 1.0273E+02 -4.5507E-02 3.2037E-05
4.8209E+05 -4.2443E+01 3.2705E+02 6.4207E+01 -5.4294E-02 8.2306E-05
4.3272E+05 -1.8464E+01 3.1445E+02 6.3107E+01 -1.3470E-02 4.1142E-05
4.4710E+05 2.2134E+00 3.8021E+02 9.8817E+01 -8.7851E-02 7.6742E-05
4.7645E+05 -4.1060E+00 2.7198E+02 6.6768E+01 -7.1640E-02 9.7347E-05
4.5576E+05 1.9395E+00 2.4090E+02 6.1854E+01 -9.5009E-02 1.4212E-04
3.8645E+05 4.5544E+00 2.7984E+02 8.2956E+01 -1.2090E-01 1.3700E-04
4.5399E+05 -1.6061E+01 3.8990E+02 9.0717E+01 -9.5457E-02 8.1920E-05
4.4942E+05 -1.1009E+01 3.4216E+02 7.6307E+01 -1.2076E-01 1.2742E-04
4.4669E+05 -2.3794E+01 2.8318E+02 6.4206E+01 -7.3115E-02 1.0583E-04
4.4050E+05 -5.8760E+00 4.0491E+02 9.0457E+01 -3.8262E-02 5.8609E-05
4.7920E+05 -2.1403E+01 3.4823E+02 7.4904E+01 -8.5239E-02 9.2270E-05
4.6552E+05 -6.1282E+00 3.9272E+02 8.5901E+01 -8.6283E-02 8.9697E-05
4.3422E+05 -2.3515E+01 3.1860E+02 8.4971E+01 -1.0298E-01 1.0800E-04
4.4856E+05 -3.2154E+00 3.4901E+02 1.0380E+02 -1.3254E-01 1.2028E-04
4.3687E+05 -2.0705E+01 3.7869E+02 9.5203E+01 -9.7066E-02 1.2099E-04
4.4269E+05 9.2326E+00 3.5593E+02 9.4646E+01 -5.7914E-02 5.6636E-05
4.7204E+05 -3.6163E+00 3.5649E+02 8.8101E+01 -9.1599E-02 9.3459E-05
4.4267E+05 8.8424E+00 2.8530E+02 7.4764E+01 -1.2020E-01 1.3885E-04
4.3549E+05 -1.8502E+00 3.2265E+02 8.2405E+01 -4.9258E-02 6.3706E-05
4.6775E+05 2.1652E+01 4.4402E+02 1.0961E+02 -9.6143E-02 7.8367E-05
4.6509E+05 -4.0714E-01 2.7566E+02 6.3878E+01 -8.5816E-02 1.2190E-04
4.5539E+05 -7.2443E+01 3.6750E+02 6.2007E+01 5.2582E-03 2.1691E-05
4.5011E+05 -1.4350E+01 3.1007E+02 4.5692E+01 -2.7660E-02 6.6624E-05
4.5409E+05 -1.6933E+01 2.9906E+02 6.6855E+01 -6.7484E-02 9.1165E-05
4.9471E+05 5.6714E+00 2.6504E+02 6.6107E+01 -8.7260E-02 1.1956E-04
4.1677E+05 -8.3935E+00 2.9489E+02 7.4793E+01 -7.9097E-02 1.0083E-04
4.6876E+05 -2.5307E+01 3.7316E+02 8.3819E+01 -1.0550E-01 1.1705E-04
4.4951E+05 -9.4459E-01 3.0504E+02 9.4594E+01 -1.3491E-01 1.3490E-04
4.3955E+05 -6.6568E+00 2.1819E+02 4.7485E+01 -5.7384E-02 1.2004E-04
4.5706E+05 1.8830E+01 3.2995E+02 8.1668E+01 -9.6043E-02 1.0504E-04
4.6655E+05 -1.8778E+01 4.2234E+02 9.1725E+01 -6.9334E-02 6.1852E-05
4.2896E+05 -3.2761E+01 2.7038E+02 6.3236E+01 -4.8368E-02 7.8934E-05
4.4580E+05 -2.1861E+01 2.7095E+02 4.9584E+01 -4.8580E-02 8.7875E-05
4.7730E+05 1.3054E+01 2.3446E+02 5.7105E+01 -9.7534E-02 1.5168E-04
4.4524E+05 9.4165E+00 3.3441E+02 7.9667E+01 -8.6634E-02 9.0304E-05
4.4398E+05 -1.2785E+01 3.6663E+02 8.6988E+01 -5.7786E-02 8.0645E-05
4.7639E+05 -3.2212E+01 3.3240E+02 7.0559E+01 -7.1390E-02 9.9293E-05
4.1685E+05 -6.4269E+01 3.0255E+02 4.3861E+01 2.4485E-02 1.9593E-05
4.5598E+05 1.6105E+01 3.7606E+02 1.0892E+02 -1.0119E-01 9.4734E-05
4.2987E+05 -4.1893E+01 2.2858E+02 4.2162E+01 -4.5304E-02 1.0928E-04
4.5889E+05 -2.2554E+00 2.4203E+02 4.9268E+01 -6.0129E-02 1.1383E-04
4.9030E+05 -2.7517E+01 4.1968E+02 6.7692E+01 -4.7656E-02 5.6453E-05
4.4995E+05 -2.9937E+01 3.0073E+02 6.9085E+01 -6.9656E-02 8.5403E-05
4.7567E+05 -1.1533E+01 3.8205E+02 8.5760E+01 -4.5600E-02 5.3411E-05
4.4887E+05 -2.5322E+00 3.1146E+02 7.4601E+01 -7.6184E-02 9.6204E-05
4.6754E+05 -1.0829E+01 4.1189E+02 1.0332E+02 -1.0021E-01 9.0765E-05
4.8342E+05 -1.2389E+01 4.1616E+02 8.3409E+01 -7.2472E-02 7.3516E-05
4.6710E+05 -5.2826E+00 3.6431E+02 7.3198E+01 -5.3145E-02 6.6979E-05
4.8580E+05 1.0630E+01 3.6137E+02 9.2533E+01 -8.8253E-02 8.5033E-05
4.1750E+05 6.3553E-01 2.3212E+02 7.0038E+01 -1.1088E-01 1.4927E-04
4.5699E+05 -4.1119E+01 2.7732E+02 4.8245E+01 -3.1140E-02 7.6641E-05
4.5740E+05 -7.3602E+00 4.3960E+02 9.7927E+01 -7.0556E-02 5.7060E-05
4.1724E+05 -9.8852E+00 4.3570E+02 1.0523E+02 -4.9778E-02 4.2303E-05
4.4997E+05 -1.5595E+01 2.8925E+02 6.1266E+01 -8.7447E-02 1.2057E-04
4.5716E+05 -4.7195E+01 3.2781E+02 6.2746E+01 -4.9163E-02 7.3908E-05
4.3129E+05 -1.3004E+01 2.3448E+02 5.8740E+01 -6.9883E-02 1.1606E-04
4.6001E+05 -1.0860E+00 3.6720E+02 7.9620E+01 -4.3678E-02 4.8792E-05
4.4489E+05 -8.6599E+00 3.8842E+02 1.0504E+02 -8.0755E-02 8.5974E-05
4.3808E+05 -4.1542E+01 3.5824E+02 7.6326E+01 -1.4628E-02 3.2016E-05
4.4758E+05 -8.2101E+01 4.5234E+02 6.6548E+01 -1.6299E-02 3.4306E-05
4.6913E+05 -2.9833E+01 3.2846E+02 5.5494E+01 -1.8098E-02 5.0499E-05
4.2541E+05 -1.8027E+01 2.2042E+02 5.3121E+01 -9.1346E-02 1.4865E-04
4.3667E+05 -1.8207E+01 2.6990E+02 6.4617E+01 -9.1862E-02 1.2349E-04
4.6999E+05 -5.2365E+00 3.4241E+02 8.1895E+01 -5.2712E-02 6.3571E-05
4.5063E+05 -1.7110E+01 2.7231E+02 6.7132E+01 -1.0773E-01 1.3761E-04
4.3089E+05 -2.9844E+01 3.2349E+02 7.5583E+01 -6.1333E-02 7.3995E-05
4.4858E+05 -3.0103E+01 3.0615E+02 5.8291E+01 -3.6550E-02 7.1411E-05
4.9234E+05 1.2426E+01 3.0950E+02 6.1155E+01 -1.0673E-01 1.3464E-04
4.7456E+05 -2.5765E+01 3.2019E+02 6.8070E+01 -7.9533E-02 9.6234E-05
4.5414E+05 -5.6223E+00 2.9158E+02 7.5776E+01 -9.7369E-02 1.1477E-04
4.5834E+05 -3.0407E+00 3.8140E+02 1.0142E+02 -9.8084E-02 1.0329E-04
4.6458E+05 -1.2385E+01 3.7504E+02 8.5539E+01 -9.1318E-02 9.3933E-05
4.8558E+05 -8.2861E+00 3.9653E+02 9.4803E+01 -6.7520E-02 6.3520E-05
4.3856E+05 -2.9443E+00 2.4488E+02 6.9185E+01 -1.0940E-01 1.4467E-04
4.3075E+05 -3.5635E+01 2.5477E+02 4.9596E+01 -7.2647E-02 1.1949E-04
4.4441E+05 5.5843E+00 2.5558E+02 7.6328E+01 -1.2899E-01 1.5578E-04
4.5848E+05 -4.2604E+00 3.8957E+02 9.7060E+01 -1.0781E-01 9.3358E-05
4.5758E+05 -2.2457E-02 3.8423E+02 1.1002E+02 -1.0487E-01 8.6860E-05
4.4675E+05 -1.3498E+01 3.3537E+02 8.3627E+01 -5.6953E-02 5.9408E-05
4.4654E+05 -2.2027E+01 4.2445E+02 8.9099E+01 -5.0899E-02 4.9572E-05
4.6128E+05 -4.5732E+01 3.4202E+02 6.2361E+01 -2.9874E-02 5.1803E-05
4.7416E+05 -1.3156E+01 2.5352E+02 4.7789E+01 -5.9665E-02 1.1207E-04
4.6575E+05 3.0671E+00 2.4214E+02 4.8153E+01 -7.8961E-02 1.3510E-04
4.2355E+05 -5.3980E+00 3.4133E+02 8.6528E+01 -1.1605E-01 1.1922E-04
4.3002E+05 -1.2416E+01 2.8903E+02 6.9055E+01 -6.1935E-02 8.7860E-05
4.2760E+05 -3.6045E+01 2.5370E+02 5.1012E+01 -2.7617E-02 7.9678E-05
4.0935E+05 -1.8112E+01 2.0656E+02 4.6926E+01 -3.1326E-02 9.2739E-05
4.8274E+05 5.1506E+00 3.0819E+02 5.9464E+01 -8.5465E-02 1.1620E-04
4.5634E+05 -3.2095E+00 2.5919E+02 6.7392E+01 -1.1184E-01 1.4311E-04
4.5985E+05 -1.0577E+01 2.8015E+02 6.3385E+01 -7.0795E-02 1.0683E-04
4.5739E+05 -5.7986E+01 3.4562E+02 6.0269E+01 -1.3786E-02 3.5831E-05
4.9538E+05 -7.7775E+00 3.4855E+02 6.7402E+01 -5.7302E-02 7.3725E-05
4.3834E+05 -4.7459E+01 3.6337E+02 7.4162E+01 -4.7741E-02 6.7795E-05
4.8572E+05 -6.1348E-01 3.9264E+02 9.3404E+01 -8.5638E-02 7.5393E-05
4.3669E+05 1.1698E+00 2.5746E+02 5.7117E+01 -8.4118E-02 1.2879E-04
4.2265E+05 -1.0588E+01 2.3166E+02 5.5077E+01 -8.3562E-02 1.3274E-04
4.2033E+05 -1.9767E+01 2.5525E+02 5.4298E+01 -5.6492E-02 1.0235E-04
4.4655E+05 -5.9817E+00 3.2747E+02 8.4735E+01 -1.2439E-01 1.4295E-04
4.5048E+05 -9.6745E+00 3.9304E+02 9.9398E+01 -9.4843E-02 8.5634E-05
4.1013E+05 -1.8891E+00 2.7745E+02 8.0830E+01 -7.6294E-02 9.9612E-05
4.4228E+05 -8.0450E+00 4.6571E+02 9.6136E+01 -4.2493E-02 3.9526E-05
4.3742E+05 -1.9255E+00 2.8082E+02 7.9232E+01 -1.2791E-01 1.4950E-04
4.5059E+05 5.4572E+00 3.1858E+02 7.3226E+01 -1.0489E-01 1.3099E-04
4.8553E+05 -7.7478E+01 4.2279E+02 6.2275E+01 -2.5831E-02 4.3231E-05
4.0832E+05 -1.3684E+01 2.6654E+02 5.2701E+01 -1.1509E-02 6.0503E-05
4.1360E+05 -5.2783E+01 4.6282E+02 9.3372E+01 -6.2147E-02 6.5010E-05
4.4032E+05 3.0865E+00 2.3599E+02 6.4249E+01 -1.2218E-01 1.6901E-04
4.7621E+05 -1.9739E+01 3.5611E+02 8.3078E+01 -7.6752E-02 8.1384E-05
4.4680E+05 -3.7098E+00 3.8156E+02 1.0072E+02 -7.8450E-02 7.1065E-05
5.0320E+05 1.3696E+01 3.5354E+02 7.6740E+01 -7.6834E-02 9.1114E-05
4.4158E+05 8.0322E-01 3.5037E+02 8.3720E+01 -8.8621E-02 9.4770E-05
4.5665E+05 -2.0909E+01 3.3641E+02 7.3113E+01 -4.5521E-02 5.8313E-05
4.3922E+05 -4.0841E+01 3.7765E+02 8.4894E+01 -7.1061E-02 7.5182E-05
4.5938E+05 -6.7337E+00 2.4834E+02 5.6099E+01 -8.7702E-02 1.3446E-04
4.7339E+05 2.0749E+01 3.3021E+02 8.7464E+01 -1.2401E-01 1.2969E-04
4.3497E+05 2.8343E+01 4.1797E+02 1.3279E+02 -1.3692E-01 1.0733E-04
4.6215E+05 1.9406E+01 3.6772E+02 9.4272E+01 -1.2696E-01 1.1903E-04
4.4665E+05 -6.5953E+00 2.3280E+02 5.4760E+01 -7.4830E-02 1.2820E-04
4.4126E+05 2.1685E+01 3.3195E+02 7.9781E+01 -8.6362E-02 9.8405E-05
4.6101E+05 -9.0278E-01 3.8068E+02 8.9077E+01 -8.3477E-02 8.7186E-05
4.6459E+05 -4.2443E+01 4.3218E+02 5.3955E+01 3.1226E-02 -2.5465E-06
4.6388E+05 -6.3867E+01 3.4713E+02 6.3163E+01 -2.4484E-02 5.1252E-05
4.3303E+05 -6.7358E+00 3.7416E+02 8.8281E+01 -3.5998E-02 4.2623E-05
4.4948E+05 -1.6631E+01 3.1563E+02 5.7565E+01 -3.2351E-02 7.0642E-05
4.5286E+05 -3.5393E+00 2.4019E+02 5.8972E+01 -9.9345E-02 1.4533E-04
4.4480E+05 -2.0315E+01 2.3682E+02 5.0887E+01 -1.0223E-01 1.5699E-04
4.1844E+05 -7.2042E+01 2.1810E+02 3.5219E+01 3.7354E-03 6.1710E-05
4.7023E+05 -7.3634E+01 3.6875E+02 6.0681E+01 -9.5943E-03 3.1419E-05
4.3043E+05 -2.1355E+01 2.9353E+02 7.6663E+01 -9.8119E-02 1.1979E-04
4.3105E+05 -1.2833E+01 2.2498E+02 5.1336E+01 -6.1198E-02 1.1693E-04
4.1862E+05 -1.4669E+01 2.6517E+02 6.5748E+01 -1.1411E-01 1.5004E-04
4.3774E+05 1.9020E+00 3.1484E+02 7.2865E+01 -3.5236E-02 6.3926E-05
4.6290E+05 8.9332E+00 3.4148E+02 6.5354E+01 -5.7998E-02 7.8639E-05
4.6950E+05 -3.8882E+00 3.9735E+02 8.6892E+01 -7.3461E-02 8.6125E-05
4.3812E+05 -7.7691E-01 2.4177E+02 5.3274E+01 -9.6012E-02 1.4762E-04
4.7376E+05 5.1537E+00 3.3902E+02 6.9689E+01 -6.5573E-02 8.3246E-05
4.4878E+05 -6.7262E+00 3.7288E+02 1.0203E+02 -1.0498E-01 9.9191E-05
4.2995E+05 -2.0012E+01 3.5908E+02 8.1532E+01 -6.2622E-02 7.3318E-05
4.6454E+05 -1.1024E+01 3.9770E+02 8.1946E+01 -5.6139E-02 6.0520E-05
4.4783E+05 3.2732E+00 4.0673E+02 1.1053E+02 -1.1187E-01 9.3905E-05
4.2689E+05 1.0080E+00 2.3386E+02 6.7128E+01 -1.1539E-01 1.5635E-04
4.7461E+05 1.9117E+01 3.9707E+02 8.5625E+01 -8.9064E-02 8.8866E-05
4.3893E+05 -1.6064E+00 2.7339E+02 7.1837E+01 -1.1707E-01 1.4083E-04
4.1255E+05 -1.8783E+01 2.1533E+02 4.9198E+01 -4.5104E-02 1.0888E-04
4.5415E+05 -1.1247E+01 2.3142E+02 5.5722E+01 -8.6034E-02 1.3279E-04
4.4561E+05 -6.8639E+00 3.2395E+02 7.9085E+01 -7.3304E-02 8.0910E-05
4.4773E+05 -2.9727E+02 4.5517E+02 2.2302E+01 4.1243E-02 1.1378E-06
4.8044E+05 -1.4907E+00 2.6586E+02 6.2357E+01 -9.3424E-02 1.3000E-04
4.5898E+05 -4.0807E+00 2.9324E+02 6.8240E+01 -7.3886E-02 1.0248E-04
4.8035E+05 -1.9147E+01 3.4483E+02 6.6626E+01 -6.3443E-02 9.1581E-05
4.6035E+05 1.9342E+00 3.4144E+02 8.2037E+01 -7.1907E-02 8.1513E-05
4.6595E+05 5.4050E+00 3.8787E+02 1.0435E+02 -9.4738E-02 8.3669E-05
4.7792E+05 8.8307E+00 4.4675E+02 1.0622E+02 -1.0665E-01 8.1752E-05
4.5093E+05 1.0938E+01 3.5343E+02 9.9144E+01 -9.0066E-02 8.8686E-05
4.1677E+05 -1.8629E+01 2.0876E+02 4.5250E+01 -6.8801E-02 1.3685E-04
4.0903E+05 -1.5654E+00 2.0534E+02 5.3734E+01 -5.2774E-02 1.1495E-04
4.6589E+05 -4.2217E+00 3.4927E+02 9.4561E+01 -1.2685E-01 1.1902E-04
4.5834E+05 -4.6325E+01 3.7364E+02 7.5989E+01 -4.6308E-02 5.1518E-05
4.5474E+05 -2.5388E+01 2.7656E+02 4.3844E+01 -2.4139E-02 7.5095E-05
4.4978E+05 -5.5933E+00 2.5393E+02 6.2661E+01 -8.8817E-02 1.3115E-04
4.1733E+05 -1.2663E+01 2.8492E+02 8.2312E+01 -1.1895E-01 1.3108E-04
4.2315E+05 -3.6306E+01 3.5942E+02 7.8711E+01 -2.9801E-02 4.7519E-05
4.4824E+05 1.6301E+01 3.4125E+02 8.8170E+01 -7.9653E-02 8.2695E-05
4.4044E+05 -9.0131E+00 4.2837E+02 1.0446E+02 -7.0880E-02 5.9442E-05
4.5855E+05 -4.3567E+01 3.8523E+02 7.7471E+01 -6.1886E-02 8.4898E-05
4.5250E+05 -1.8236E+01 4.0840E+02 8.1448E+01 -3.4810E-02 4.7384E-05
4.2002E+05 -1.3174E+01 3.7973E+02 8.0597E+01 -2.3392E-02 4.2953E-05
4.3311E+05 -4.8885E+00 2.3583E+02 5.6722E+01 -6.8987E-02 1.2271E-04
4.5666E+05 -2.9404E+01 3.8148E+02 8.4846E+01 -7.6535E-02 8.1810E-05
4.5475E+05 -1.3780E+01 3.5421E+02 6.0704E+01 -1.9728E-02 5.2528E-05
4.7974E+05 1.1493E+01 4.3936E+02 1.0055E+02 -9.5828E-02 8.3024E-05
4.5144E+05 2.5213E+01 3.9256E+02 9.1533E+01 -7.5552E-02 7.3514E-05
4.8023E+05 3.9630E+00 2.3096E+02 5.3625E+01 -9.3343E-02 1.4847E-04
4.7339E+05 -3.2298E+00 3.6011E+02 9.2189E+01 -1.0669E-01 1.0215E-04
4.4982E+05 -2.3821E+00 3.0346E+02 6.6981E+01 -7.2232E-02 9.4889E-05
4.2053E+05 -1.8204E+01 2.3290E+02 5.3848E+01 -4.9557E-02 1.0104E-04
4.6064E+05 -7.2262E+00 2.5354E+02 5.8859E+01 -8.1860E-02 1.2353E-04
4.6087E+05 1.2758E+01 3.1839E+02 8.9540E+01 -1.1350E-01 1.1449E-04
4.7371E+05 -6.1062E+00 3.1350E+02 7.5319E+01 -1.0747E-01 1.2124E-04
4.7518E+05 -2.4928E+01 2.1836E+02 4.6879E+01 -7.3881E-02 1.3142E-04
4.7296E+05 -4.3935E+00 2.3810E+02 3.9244E+01 -5.1032E-02 1.1511E-04
4.6387E+05 -1.1548E+02 4.1846E+02 5.4597E+01 -1.4029E-02 3.4192E-05
4.5069E+05 -5.2482E+00 3.1264E+02 8.4540E+01 -1.4851E-01 1.4803E-04
4.7582E+05 -5.8779E+01 3.8072E+02 7.0788E+01 -3.3387E-02 5.4093E-05
4.6554E+05 -3.2395E+01 4.7018E+02 7.3326E+01 -2.3768E-02 3.8134E-05
4.6453E+05 -1.5203E+02 3.3382E+02 3.2166E+01 1.4190E-02 2.8151E-05
4.1403E+05 -1.3662E+01 2.2484E+02 5.6195E+01 -7.2957E-02 1.2620E-04
4.7497E+05 -6.2423E+01 4.5065E+02 6.1081E+01 -1.0594E-02 3.9132E-05
5.0881E+05 -6.3385E+00 4.4103E+02 8.0526E+01 -7.1868E-02 7.1955E-05
4.1262E+05 -3.6135E+01 2.0657E+02 4.1982E+01 -2.6324E-02 9.4277E-05
4.5434E+05 -6.6195E+00 2.6703E+02 6.3715E+01 -5.7562E-02 9.1055E-05
4.2800E+05 -2.1814E+01 2.6734E+02 5.5350E+01 -7.6354E-02 1.1991E-04
4.4544E+05 -8.6033E+00 3.5532E+02 9.2793E+01 -6.0762E-02 6.6807E-05
4.2689E+05 1.4834E+00 2.1257E+02 6.1988E+01 -1.1856E-01 1.7102E-04
4.8047E+05 8.1945E+00 3.1478E+02 6.8979E+01 -8.0990E-02 1.0700E-04
4.4529E+05 -4.5132E+00 3.0883E+02 8.6336E+01 -7.4307E-02 8.7840E-05
4.7849E+05 3.0331E+00 3.9275E+02 9.1946E+01 -9.9716E-02 9.4107E-05
3.6892E+05 -3.5621E+01 2.6011E+02 5.7273E+01 8.6157E-04 3.5504E-05
4.6468E+05 -1.4987E+01 2.9954E+02 5.5198E+01 -5.1429E-02 8.3876E-05
4.2816E+05 -2.4867E+01 2.0258E+02 4.3581E+01 -4.5326E-02 1.1296E-04
4.6881E+05 2.0077E+01 4.6721E+02 1.2020E+02 -1.4159E-01 1.0332E-04
4.4233E+05 -7.3030E+00 3.6039E+02 8.0971E+01 -5.8118E-02 7.2389E-05
4.6713E+05 -1.6963E+00 2.6297E+02 7.0745E+01 -1.0940E-01 1.3729E-04
4.4857E+05 -5.1116E+01 3.3690E+02 6.8230E+01 -3.3129E-02 5.4228E-05
4.5468E+05 -3.9364E+01 3.4052E+02 7.8533E+01 -5.0205E-02 6.2387E-05
4.7249E+05 -3.3766E+01 3.3634E+02 7.5388E+01 -7.9610E-02 9.4404E-05
4.3743E+05 -3.9827E+00 3.7469E+02 7.9646E+01 -5.8509E-02 8.6566E-05
4.8202E+05 1.8208E+01 4.0775E+02 9.1950E+01 -6.0411E-02 6.1279E-05
4.4158E+05 -4.9865E+00 3.4744E+02 9.5429E+01 -1.3204E-01 1.4090E-04
4.2871E+05 -2.6146E+00 2.8566E+02 8.2095E+01 -1.2530E-01 1.3680E-04
4.3293E+05 -6.0807E+01 3.7088E+02 6.1839E+01 -2.9373E-02 4.6556E-05
4.6910E+05 -2.1049E+01 4.3202E+02 9.1421E+01 -3.4791E-02 3.1167E-05
4.3765E+05 -3.3234E+01 4.0323E+02 1.0040E+02 -8.4467E-02 8.2083E-05
4.1876E+05 -3.4806E+01 2.9241E+02 5.6631E+01 -2.7006E-02 6.3307E-05
4.4406E+05 -2.7818E-01 3.1051E+02 7.7852E+01 -9.4134E-02 1.1402E-04
4.6328E+05 -1.2830E+01 3.7015E+02 8.2446E+01 -3.2096E-02 4.2917E-05
4.4967E+05 -1.3394E+01 3.6225E+02 8.6651E+01 -1.0460E-01 1.0324E-04
4.5371E+05 -2.7275E+01 2.6793E+02 5.0838E+01 -5.8325E-02 9.9404E-05
4.2723E+05 -2.7768E+01 2.3483E+02 5.1005E+01 -4.4115E-02 9.9588E-05
4.5477E+05 6.3440E+00 3.6996E+02 8.8945E+01 -9.8550E-02 9.5906E-05
4.1986E+05 -2.2259E+00 2.6016E+02 5.6840E+01 -1.0166E-01 1.4577E-04
4.5305E+05 1.0116E+01 2.3972E+02 5.8608E+01 -8.8480E-02 1.3890E-04
4.2467E+05 -1.3365E+01 2.4479E+02 6.1228E+01 -8.2175E-02 1.2224E-04
4.4982E+05 1.7851E+00 3.5846E+02 8.0442E+01 -3.6433E-02 6.0507E-05
4.4123E+05 -7.4363E+01 3.6410E+02 5.9483E+01 4.0193E-03 2.2396E-05
4.2772E+05 2.8238E+00 2.9242E+02 8.4414E+01 -7.8876E-02 9.2773E-05
4.4745E+05 1.4811E+01 3.5082E+02 9.4211E+01 -1.1615E-01 1.2424E-04
4.7495E+05 -7.6041E+00 3.7968E+02 1.0148E+02 -1.1008E-01 9.1598E-05
4.4861E+05 -1.0911E+01 3.4159E+02 7.8918E+01 -6.4909E-02 7.6574E-05
4.8498E+05 1.5764E+01 2.5743E+02 5.1118E+01 -8.5798E-02 1.3541E-04
4.6974E+05 -3.6655E+00 1.9426E+02 4.5557E+01 -6.0779E-02 1.3391E-04
4.4844E+05 -5.9803E+00 2.3605E+02 5.3690E+01 -1.0376E-01 1.5523E-04
5.0699E+05 -1.1576E+01 2.7147E+02 5.2356E+01 -8.4867E-02 1.2744E-04
4.6001E+05 -3.5196E+01 3.2495E+02 6.3792E+01 -6.8631E-02 8.6338E-05
4.3488E+05 -2.1547E+01 1.9874E+02 4.0412E+01 -4.8203E-02 1.2143E-04
4.4814E+05 -6.5233E+00 2.8035E+02 5.5338E+01 -5.5332E-02 9.5537E-05
4.4726E+05 -3.1920E+01 3.2313E+02 6.2440E+01 -2.5604E-02 5.8216E-05
4.5638E+05 4.0966E+00 2.7922E+02 8.3960E+01 -1.1522E-01 1.2748E-04
4.9072E+05 5.4313E-02 3.3169E+02 5.8687E+01 -6.8411E-02 9.1677E-05
4.5648E+05 -4.3483E+01 4.0898E+02 7.4243E+01 -3.0798E-02 4.1348E-05
4.5725E+05 -3.0269E+01 3.0469E+02 7.1634E+01 -9.1574E-02 1.0665E-04
4.3230E+05 -4.1208E+00 2.9629E+02 8.1167E+01 -8.1606E-02 9.5021E-05
4.3344E+05 -3.0472E+01 2.0175E+02 3.7662E+01 -3.0739E-02 1.0378E-04
4.7462E+05 -3.0081E+01 3.5140E+02 6.3044E+01 -3.2907E-02 5.4665E-05
4.9275E+05 -2.6599E+00 3.2131E+02 8.1177E+01 -9.6451E-02 1.0486E-04
4.5776E+05 1.4956E+00 2.4464E+02 6.0571E+01 -1.0037E-01 1.4441E-04
4.8319E+05 -9.5434E+00 4.1709E+02 8.0231E+01 -6.5364E-02 6.5486E-05
4.5446E+05 1.0980E+01 2.8489E+02 7.1073E+01 -1.0204E-01 1.3305E-04
4.4084E+05 -7.9736E+00 3.0028E+02 6.6502E+01 -7.8225E-02 1.0180E-04
4.6986E+05 3.3539E+01 3.3053E+02 7.6867E+01 -8.7775E-02 1.0794E-04
4.8340E+05 -1.0816E+01 2.8534E+02 6.3837E+01 -7.8055E-02 1.0801E-04
4.4752E+05 1.0269E+01 3.7415E+02 1.0768E+02 -1.4280E-01 1.2636E-04
4.6931E+05 -9.6621E+00 2.8656E+02 5.9293E+01 -6.6718E-02 1.0028E-04
4.4281E+05 -1.3846E+01 3.0314E+02 7.4059E+01 -9.1818E-02 1.1481E-04
4.5976E+05 4.4621E+00 3.1357E+02 8.3233E+01 -7.8991E-02 9.4875E-05
4.3311E+05 -1.3595E+00 2.3680E+02 6.4838E+01 -1.4404E-01 1.8802E-04
4.6034E+05 -2.7547E+01 2.7012E+02 6.5694E+01 -1.0145E-01 1.3037E-04
4.5089E+05 -6.5216E+00 3.0749E+02 7.7265E+01 -9.5309E-02 1.1589E-04
4.5171E+05 -2.7431E+01 2.8879E+02 5.7365E+01 -6.3428E-02 9.6008E-05
4.3836E+05 -1.0773E+01 3.5450E+02 8.6020E+01 -1.1172E-01 1.1959E-04
4.4227E+05 -2.1029E+01 2.2559E+02 5.1168E+01 -6.8228E-02 1.2865E-04
4.7342E+05 -1.8507E+01 3.0301E+02 6.7394E+01 -8.7049E-02 1.1105E-04
4.3713E+05 -4.8380E+01 3.6301E+02 7.6291E+01 -3.0228E-02 4.2311E-05
4.2424E+05 -7.5023E+00 2.4929E+02 5.7991E+01 -5.2012E-02 9.7760E-05
4.7217E+05 -6.4120E+00 4.1829E+02 9.0046E+01 -6.7159E-02 6.6164E-05
4.8263E+05 6.4525E-01 3.7736E+02 1.0813E+02 -1.2206E-01 9.6535E-05
4.1192E+05 3.5053E+00 2.8398E+02 8.4192E+01 -1.4988E-01 1.6381E-04
4.4490E+05 -4.0165E+01 2.4868E+02 5.1634E+01 -4.2401E-02 9.0706E-05
4.6315E+05 -1.0019E+01 3.5243E+02 8.3263E+01 -6.1948E-02 6.7040E-05
4.5709E+05 -2.9444E+01 3.6794E+02 8.1203E+01 -7.6732E-02 8.9571E-05
4.6733E+05 -1.7072E+02 3.9218E+02 3.6395E+01 4.1063E-02 3.6228E-06
4.6213E+05 6.0140E+00 4.3765E+02 9.8761E+01 -1.0496E-01 9.5377E-05
4.6756E+05 3.1315E+00 2.6499E+02 7.1986E+01 -1.3372E-01 1.6073E-04
4.7771E+05 2.7478E+01 4.4018E+02 1.1500E+02 -1.4385E-01 1.1410E-04
4.3403E+05 -1.4557E+01 3.4208E+02 8.9416E+01 -7.7726E-02 7.9252E-05
4.5859E+05 -3.2499E+00 3.5476E+02 8.7985E+01 -3.7140E-02 3.6779E-05
4.2459E+05 -1.8009E+01 2.2911E+02 4.6095E+01 -4.2709E-02 1.0435E-04
4.6385E+05 1.8654E+00 3.7851E+02 8.4550E+01 -5.9620E-02 6.4430E-05
4.1771E+05 -3.0887E+01 2.6316E+02 5.9164E+01 -3.1522E-02 7.1457E-05
4.4878E+05 8.8679E+00 3.7766E+02 1.0171E+02 -1.1606E-01 1.1574E-04
4.5231E+05 -4.0554E+01 3.0789E+02 6.3548E+01 -4.5935E-02 7.0752E-05
4.6579E+05 1.1162E+01 3.7955E+02 7.9798E+01 -3.2898E-02 4.6315E-05
4.4038E+05 4.6688E+00 3.0655E+02 7.7883E+01 -1.0426E-01 1.1797E-04
4.6331E+05 -4.7166E+01 3.5665E+02 7.2210E+01 -3.3961E-02 4.5735E-05
4.6657E+05 -3.1299E+01 3.6361E+02 7.4688E+01 -6.9050E-02 7.8950E-05
4.4998E+05 -5.9309E+01 3.0578E+02 5.1023E+01 -1.5326E-02 5.7975E-05
4.7237E+05 -5.2087E+00 3.8525E+02 9.3413E+01 -9.0951E-02 9.8342E-05
4.5500E+05 4.0796E+00 3.0012E+02 7.5934E+01 -8.1072E-02 9.9366E-05
4.7024E+05 -3.0321E+01 3.6931E+02 7.0131E+01 -3.9988E-02 5.3419E-05
4.3736E+05 -1.9322E+01 2.9643E+02 7.2267E+01 -5.6479E-02 7.7171E-05
4.6843E+05 -7.8305E+00 3.5081E+02 9.2695E+01 -8.9196E-02 9.0346E-05
4.5046E+05 -8.6101E-01 4.2121E+02 8.5413E+01 -7.2042E-02 7.5040E-05
4.4516E+05 -8.7452E-01 4.0847E+02 1.1772E+02 -1.2736E-01 9.7730E-05
4.7541E+05 -1.6664E+00 3.0110E+02 6.7758E+01 -8.9318E-02 1.1130E-04
4.3950E+05 8.2795E+00 4.2447E+02 9.2697E+01 -8.9209E-02 9.9260E-05
4.6735E+05 -1.3917E+01 3.7341E+02 8.7027E+01 -8.4508E-02 9.4353E-05
4.6728E+05 -2.2389E+01 3.3065E+02 6.6625E+01 -8.7268E-02 1.0105E-04
4.8416E+05 -2.5230E+01 3.7884E+02 9.3480E+01 -9.0412E-02 8.9087E-05
4.3620E+05 1.0199E+01 4.3643E+02 1.0422E+02 -7.7441E-02 6.3065E-05
4.6464E+05 -1.9217E+01 3.6510E+02 6.0685E+01 -3.1568E-02 5.7483E-05
4.3173E+05 -2.7039E+01 2.2626E+02 3.9942E+01 -3.3042E-02 1.0802E-04
4.5278E+05 -2.2330E+01 4.3982E+02 8.0839E+01 -5.2599E-02 5.2575E-05
4.3576E+05 8.9692E+00 2.2574E+02 5.6660E+01 -9.6035E-02 1.5115E-04
4.6653E+05 6.7325E+00 2.1943E+02 5.2280E+01 -7.5803E-02 1.3515E-04
4.6172E+05 5.9710E-01 4.2231E+02 1.0959E+02 -1.0288E-01 8.6602E-05
4.4950E+05 -4.1815E+01 4.0226E+02 8.7884E+01 -6.4062E-02 6.2524E-05
4.7290E+05 -6.5499E+00 3.9487E+02 1.1042E+02 -1.0737E-01 7.9556E-05
4.4892E+05 9.0865E+00 2.4570E+02 6.6091E+01 -1.2443E-01 1.6446E-04
4.8088E+05 -1.4356E+01 3.0371E+02 6.2603E+01 -6.0388E-02 8.6976E-05
4.4744E+05 -1.6955E+00 2.3898E+02 5.4623E+01 -9.7203E-02 1.5254E-04
4.4554E+05 -3.6115E+01 3.1288E+02 6.7085E+01 -4.8469E-02 7.1386E-05
4.5509E+05 -3.0843E+00 2.9358E+02 8.1004E+01 -1.0704E-01 1.2312E-04
4.9526E+05 -1.4999E+01 3.8108E+02 7.6430E+01 -8.2097E-02 8.7337E-05
4.6256E+05 -8.6966E-01 2.6929E+02 6.1075E+01 -1.0629E-01 1.4498E-04
4.5052E+05 3.6636E+00 4.3691E+02 9.5087E+01 -5.5268E-02 4.8463E-05
4.5504E+05 -2.0534E+00 3.6439E+02 9.7716E+01 -8.1659E-02 7.7024E-05
4.5707E+05 -9.9840E+01 3.5493E+02 5.3947E+01 -7.5199E-03 4.3670E-05
4.6902E+05 8.8196E+00 3.2009E+02 9.7715E+01 -1.6052E-01 1.5225E-04
4.6357E+05 -2.2163E+01 3.8036E+02 8.0398E+01 -8.8483E-02 8.4991E-05
4.6897E+05 -1.9537E+01 4.0614E+02 8.6456E+01 -4.7546E-02 5.2870E-05
4.5114E+05 2.8141E+01 2.8310E+02 6.7362E+01 -9.7913E-02 1.2811E-04
4.1825E+05 -2.6206E+00 3.7855E+02 1.1496E+02 -9.3058E-02 7.1475E-05
4.2590E+05 -9.8092E+00 3.3778E+02 6.9100E+01 -3.7162E-02 5.2769E-05
4.9606E+05 -1.1405E+01 3.1721E+02 7.0754E+01 -8.9246E-02 1.0707E-04
4.5541E+05 -2.3633E+01 4.4536E+02 9.2425E+01 -5.6137E-02 4.2744E-05
4.4530E+05 -6.8636E+01 4.6374E+02 4.9373E+01 1.7744E-02 1.7106E-05
4.3658E+05 -4.5381E+01 2.0960E+02 3.8447E+01 -1.7134E-02 8.6293E-05
4.8047E+05 -9.6284E+00 3.0203E+02 6.2725E+01 -6.4862E-02 9.0214E-05
4.5553E+05 -1.0038E+01 4.5902E+02 1.0919E+02 -1.1298E-01 8.6134E-05
4.3790E+05 -1.5172E+01 3.7347E+02 8.2938E+01 -8.3409E-02 9.0024E-05
4.4119E+05 -2.9608E+00 2.3684E+02 6.2742E+01 -8.9870E-02 1.3822E-04
4.4020E+05 -1.8328E+00 2.2709E+02 5.7518E+01 -1.0563E-01 1.5758E-04
4.7445E+05 -1.2777E+01 4.0701E+02 8.7681E+01 -1.0161E-01 1.0160E-04
4.8674E+05 5.8795E+00 3.6447E+02 1.0451E+02 -1.3115E-01 1.2566E-04
4.5931E+05 1.6241E+00 3.1635E+02 7.5803E+01 -6.1513E-02 8.7024E-05
4.3505E+05 -2.7998E+01 3.4835E+02 5.9528E+01 2.7447E-02 9.7798E-06
4.5965E+05 -4.5695E+01 3.6206E+02 7.0721E+01 -4.6626E-02 6.4004E-05
4.3910E+05 -1.8837E+01 2.4144E+02 5.8242E+01 -8.8385E-02 1.3349E-04
4.6562E+05 -1.6634E+02 4.4128E+02 4.5265E+01 -2.4613E-02 5.2414E-05
4.2857E+05 -6.1466E+01 3.3978E+02 6.7516E+01 -2.5894E-02 5.1127E-05
4.6864E+05 -1.2860E+02 4.1250E+02 4.7324E+01 2.5525E-02 5.8497E-06
4.8438E+05 -1.4629E+01 3.8554E+02 8.7508E+01 -8.5130E-02 9.0795E-05
4.5651E+05 -5.4386E-02 3.0406E+02 6.5934E+01 -8.2278E-02 1.1271E-04
4.2596E+05 -8.3927E+01 3.6991E+02 6.1918E+01 2.8818E-03 2.6347E-05
4.6723E+05 -2.0927E+01 3.2384E+02 6.1780E+01 -4.6998E-02 7.6690E-05
4.6489E+05 8.2784E+00 3.6497E+02 9.4932E+01 -1.0648E-01 1.0546E-04
4.7082E+05 -3.8704E+00 3.2840E+02 7.7075E+01 -5.7514E-02 7.1818E-05
4.5826E+05 -5.8908E+00 2.9885E+02 6.5775E+01 -8.1883E-02 1.0980E-04
4.2442E+05 2.1474E+00 2.4449E+02 6.4189E+01 -8.0140E-02 1.2067E-04
4.6812E+05 -7.4441E+00 2.3339E+02 5.5636E+01 -1.0432E-01 1.5500E-04
4.1020E+05 1.6284E+00 2.4913E+02 7.1574E+01 -9.0772E-02 1.2220E-04
4.5671E+05 -1.2946E+01 2.1403E+02 5.7228E+01 -1.1361E-01 1.6680E-04
4.1702E+05 -1.8725E+01 2.8252E+02 7.2568E+01 -9.8587E-02 1.2342E-04
4.7689E+05 -6.9738E+00 3.8728E+02 1.0778E+02 -1.3047E-01 1.2575E-04
4.4292E+05 -3.2159E+01 3.7800E+02 8.6823E+01 -2.3516E-02 2.8785E-05
4.5883E+05 -5.8682E+01 4.5052E+02 5.4330E+01 3.4988E-02 -9.3483E-06
4.2095E+05 -4.7285E+01 3.1212E+02 5.9402E+01 2.1296E-03 3.5084E-05
4.6538E+05 -7.3563E+00 3.1098E+02 6.0843E+01 -5.9960E-02 9.2416E-05
4.8026E+05 5.2755E+00 2.2971E+02 4.9660E+01 -9.1928E-02 1.4977E-04
4.9538E+05 1.7115E+01 4.2003E+02 1.0830E+02 -1.2458E-01 1.0207E-04
4.5291E+05 -7.4947E+00 3.0831E+02 7.7799E+01 -7.4723E-02 9.4999E-05
4.5337E+05 -1.2561E+01 4.3533E+02 1.0915E+02 -1.3225E-01 1.2202E-04
4.3894E+05 8.9629E-01 2.9936E+02 8.1765E+01 -8.2145E-02 9.7528E-05
4.4866E+05 -2.1434E+01 4.1939E+02 8.5124E+01 -6.9070E-02 8.0233E-05
4.3687E+05 -4.0736E+00 3.8597E+02 1.0033E+02 -7.9306E-02 8.2203E-05
4.6341E+05 -1.0264E+01 2.6967E+02 5.4205E+01 -7.8114E-02 1.1941E-04
4.5245E+05 -7.1017E+01 3.4140E+02 4.4878E+01 6.2376E-03 3.7039E-05
4.7683E+05 -5.0017E+00 4.0654E+02 7.8063E+01 -4.5614E-02 5.3957E-05
4.2535E+05 -1.1314E+01 2.7288E+02 7.4198E+01 -1.2415E-01 1.4759E-04
4.5629E+05 -7.3263E+00 3.2649E+02 7.1068E+01 -9.0955E-02 1.0196E-04
5.0779E+05 -5.8082E+00 2.2857E+02 4.6878E+01 -8.6771E-02 1.4612E-04
4.5259E+05 -2.7079E-01 2.3438E+02 5.7369E+01 -1.0689E-01 1.5631E-04
4.8472E+05 -9.4125E+00 3.5325E+02 8.9936E+01 -9.2819E-02 9.5317E-05
4.5693E+05 -8.3403E+00 2.6251E+02 5.7905E+01 -8.3085E-02 1.2157E-04
4.5633E+05 9.9159E-01 3.0048E+02 7.8606E+01 -1.1786E-01 1.3137E-04
4.6052E+05 -3.1434E+01 3.3410E+02 6.0414E+01 -6.5872E-02 8.9556E-05
4.4885E+05 -7.2356E+01 3.8177E+02 6.5584E+01 -1.0252E-02 4.2964E-05
4.5717E+05 -3.3880E+01 3.2461E+02 5.5132E+01 -4.5063E-02 7.0185E-05
4.9515E+05 -7.0460E+00 3.7517E+02 8.3098E+01 -8.6315E-02 8.5167E-05
4.7509E+05 2.4149E+01 3.7153E+02 8.3053E+01 -8.7419E-02 9.6074E-05
4.8569E+05 -1.6316E+01 4.2594E+02 7.5674E+01 -6.9988E-02 7.0695E-05
4.3846E+05 -2.2978E+01 3.6103E+02 9.2698E+01 -1.0631E-01 9.9165E-05
4.3459E+05 -1.1581E+01 3.3745E+02 7.8504E+01 -2.8477E-02 4.1891E-05
4.1964E+05 3.6244E+00 3.0689E+02 8.8543E+01 -1.2289E-01 1.2606E-04
4.8730E+05 1.9212E+01 3.9596E+02 9.3610E+01 -1.1302E-01 1.0439E-04
4.3247E+05 -6.3066E-01 2.2911E+02 6.5767E+01 -1.2361E-01 1.7062E-04
4.3428E+05 2.4007E-02 3.4008E+02 9.4462E+01 -1.1686E-01 1.2650E-04
4.6808E+05 -1.4430E+01 3.2540E+02 6.1849E+01 -6.6572E-02 9.7033E-05
4.6537E+05 4.9579E+00 3.9115E+02 9.5912E+01 -8.3223E-02 7.9966E-05
4.6588E+05 -1.3810E+02 4.1667E+02 5.0481E+01 -8.2103E-03 3.1315E-05
4.3989E+05 -9.0310E+00 2.5859E+02 4.2079E+01 -3.6422E-03 6.2098E-05
4.3653E+05 -6.6061E+00 2.8164E+02 7.0917E+01 -8.2418E-02 1.0520E-04
5.2551E+05 1.4661E+01 3.1548E+02 7.5271E+01 -1.0586E-01 1.1931E-04
4.4040E+05 -2.3975E+00 4.0158E+02 1.0905E+02 -8.7167E-02 7.4603E-05
4.4488E+05 -1.9192E+01 2.6304E+02 6.8367E+01 -9.8488E-02 1.2811E-04
4.6105E+05 -4.1787E+01 3.7206E+02 8.9090E+01 -6.3462E-02 6.3093E-05
4.8156E+05 -1.0577E+01 3.7420E+02 8.7895E+01 -4.8804E-02 5.1164E-05
4.0644E+05 -5.0177E+00 3.1707E+02 7.0970E+01 -5.6999E-02 8.5200E-05
4.4445E+05 -4.7990E+01 3.2893E+02 6.5784E+01 -4.2495E-02 6.7506E-05
4.7378E+05 -1.6800E+01 4.2888E+02 9.3740E+01 -6.1668E-02 5.3741E-05
4.3134E+05 -4.8832E+00 2.4926E+02 6.2456E+01 -8.1793E-02 1.2356E-04
4.8200E+05 -8.7784E+00 3.9977E+02 8.2610E+01 -5.1369E-02 6.0260E-05
4.6120E+05 -2.3532E+01 2.5112E+02 5.2322E+01 -5.0034E-02 9.4568E-05
4.8614E+05 6.4922E+00 3.2915E+02 7.7395E+01 -7.9984E-02 9.0615E-05
4.6977E+05 -5.3031E+00 3.0999E+02 8.2236E+01 -1.1228E-01 1.2305E-04
4.6782E+05 -3.0881E+01 3.8924E+02 7.8667E+01 -5.8243E-02 7.0205E-05
4.5639E+05 2.1151E+00 2.9659E+02 6.7977E+01 -4.1156E-02 6.9669E-05
4.7780E+05 3.1098E+01 3.9582E+02 1.1093E+02 -1.3808E-01 1.2411E-04
4.4596E+05 3.0290E+00 4.3918E+02 9.5485E+01 -4.8422E-02 5.2220E-05
4.8756E+05 -7.1286E+00 4.2253E+02 1.0414E+02 -1.1326E-01 1.0006E-04
4.7010E+05 -5.7329E+00 4.2867E+02 8.7783E+01 -6.0834E-02 7.7017E-05
4.7895E+05 -7.9958E+00 3.7346E+02 5.8629E+01 -1.9421E-02 4.8661E-05
4.5949E+05 -1.1711E+01 3.8996E+02 9.8123E+01 -7.9107E-02 7.9085E-05
4.4756E+05 3.9236E+00 2.9616E+02 8.7028E+01 -1.2675E-01 1.3510E-04
4.6111E+05 -2.6184E+01 4.2434E+02 8.3854E+01 -6.5363E-02 6.9438E-05
4.4138E+05 -2.2589E+01 2.4248E+02 5.6265E+01 -6.6102E-02 1.1283E-04
4.8257E+05 1.1204E+01 2.8970E+02 7.2537E+01 -1.0423E-01 1.2542E-04
4.2598E+05 -1.7698E+00 2.6502E+02 7.5421E+01 -7.0145E-02 9.4445E-05
4.7969E+05 -3.1208E+01 3.3950E+02 7.2181E+01 -8.4196E-02 9.3387E-05
4.4811E+05 -2.6761E+00 2.2508E+02 5.8470E+01 -9.7704E-02 1.5117E-04
4.3255E+05 -1.5347E+00 3.5764E+02 9.6341E+01 -6.9019E-02 7.0596E-05
4.8364E+05 -3.3741E+01 3.4912E+02 6.8872E+01 -6.4695E-02 7.9558E-05
4.5032E+05 -1.3617E+01 3.2149E+02 6.9392E+01 -5.8410E-02 7.6536E-05
4.3811E+05 1.8852E+01 3.4555E+02 9.7347E+01 -1.1980E-01 1.1339E-04
4.6773E+05 1.4511E+00 3.0320E+02 8.1320E+01 -1.2777E-01 1.3798E-04
4.5689E+05 -4.1017E+01 3.9979E+02 6.0285E+01 -1.6938E-03 3.6586E-05
4.4398E+05 4.8887E+00 3.1556E+02 7.6699E+01 -6.5673E-02 8.3830E-05
4.4851E+05 -6.0246E+00 2.8124E+02 7.1185E+01 -7.9338E-02 1.0727E-04
3.9324E+05 -7.6017E+00 2.3248E+02 5.9827E+01 -8.7747E-02 1.3841E-04
4.2965E+05 -5.9432E+01 3.2120E+02 5.9318E+01 -1.4688E-02 4.8431E-05
4.5663E+05 3.7665E+00 3.7771E+02 9.6736E+01 -9.6509E-02 8.6202E-05
4.3253E+05 -2.0440E+01 2.9513E+02 6.5077E+01 -9.1256E-02 1.1532E-04
4.4747E+05 -4.8348E+01 4.0116E+02 8.8075E+01 -6.9783E-02 7.4445E-05
4.6736E+05 -3.9759E+01 3.1236E+02 6.3929E+01 -2.9398E-02 6.2575E-05
4.1942E+05 -4.7145E+01 3.6437E+02 7.9695E+01 -2.6086E-02 3.7564E-05
4.6661E+05 -6.6932E+00 3.8734E+02 1.0765E+02 -1.2012E-01 1.0403E-04
4.6953E+05 -1.4312E+01 3.8122E+02 8.0861E+01 -7.2034E-02 7.4152E-05
4.9555E+05 4.0069E+00 3.9427E+02 9.9486E+01 -1.0209E-01 8.9646E-05
4.2851E+05 -5.2355E+00 3.1641E+02 6.5902E+01 -3.4196E-02 6.7956E-05
4.3783E+05 -1.4358E+01 3.3772E+02 7.6171E+01 -7.1082E-02 8.6522E-05
4.3895E+05 1.1484E+01 3.0032E+02 7.6167E+01 -1.0684E-01 1.2407E-04
4.6602E+05 -7.4268E+00 2.1628E+02 5.1647E+01 -9.6633E-02 1.5703E-04
4.2399E+05 2.9739E+00 2.7292E+02 6.7079E+01 -1.0995E-01 1.4363E-04
4.6424E+05 3.2714E+00 3.9460E+02 1.0737E+02 -9.8535E-02 8.3090E-05
4.4826E+05 -2.1377E+01 2.7293E+02 6.0143E+01 -8.4245E-02 1.1856E-04
4.2270E+05 -5.3223E+01 3.7719E+02 8.1245E+01 -6.0233E-02 7.8206E-05
4.6452E+05 -5.0044E+00 4.0609E+02 8.5622E+01 -5.8417E-02 5.8824E-05
4.2713E+05 -1.7257E+01 2.6167E+02 7.3091E+01 -1.0324E-01 1.2918E-04
4.6287E+05 -6.7422E+00 3.7248E+02 8.7528E+01 -7.5854E-02 7.2843E-05
4.5605E+05 2.0005E+00 2.7788E+02 7.7058E+01 -9.8645E-02 1.1631E-04
4.2188E+05 -1.7121E+01 2.2630E+02 6.3464E+01 -1.0912E-01 1.5278E-04
4.4966E+05 -1.2057E+01 4.1456E+02 1.0277E+02 -1.0130E-01 9.6830E-05
4.6681E+05 -4.2207E+00 3.6896E+02 9.4336E+01 -9.1811E-02 9.4284E-05
4.7204E+05 -1.0373E+01 2.2622E+02 5.0391E+01 -8.9370E-02 1.4646E-04
4.2502E+05 -2.9870E-01 2.3299E+02 5.0762E+01 -5.4245E-02 1.0901E-04
4.4801E+05 -3.4681E+01 3.3857E+02 7.4828E+01 -5.6328E-02 7.6334E-05
5.0499E+05 2.8860E+00 3.7768E+02 6.0173E+01 -5.3418E-02 7.0520E-05
4.4882E+05 3.0214E+00 3.3874E+02 8.7003E+01 -7.4855E-02 9.1870E-05
5.0552E+05 -6.2773E+01 3.6124E+02 6.3406E+01 -5.1812E-02 6.5574E-05
4.8654E+05 -3.9949E+01 4.5207E+02 5.7260E+01 4.2565E-03 1.8899E-05
4.7595E+05 2.4026E+01 4.2741E+02 1.0005E+02 -8.2517E-02 7.7925E-05
4.4425E+05 1.7336E+01 3.5282E+02 1.0123E+02 -1.2212E-01 1.2409E-04
4.3112E+05 -4.5499E+00 3.1810E+02 8.4470E+01 -7.5476E-02 7.7936E-05
4.7039E+05 -3.2221E+00 3.8976E+02 1.0272E+02 -1.0448E-01 1.0065E-04
4.6816E+05 -4.9043E+00 4.1952E+02 1.1322E+02 -1.1163E-01 8.3527E-05
4.6392E+05 -2.5330E+00 3.4690E+02 1.0557E+02 -1.3599E-01 1.2383E-04
3.9625E+05 6.8485E+00 3.8560E+02 1.0413E+02 -1.1254E-01 8.9529E-05
4.0464E+05 -7.8744E+00 2.4482E+02 6.6784E+01 -8.7284E-02 1.2401E-04
4.6843E+05 -1.3214E+00 3.5959E+02 9.7315E+01 -1.1457E-01 1.0175E-04
4.3957E+05 9.2460E+00 3.9819E+02 1.0163E+02 -8.9831E-02 7.5365E-05
4.7031E+05 -4.9271E+00 4.0186E+02 9.1758E+01 -3.4788E-02 4.1045E-05
4.3732E+05 -4.1374E+01 3.8850E+02 8.7381E+01 -6.3681E-02 8.1661E-05
4.5786E+05 -2.4463E+01 3.5571E+02 7.8227E+01 -5.5616E-02 6.2109E-05
4.8832E+05 -4.3292E+01 3.1760E+02 5.4882E+01 -6.0018E-02 8.7059E-05
4.4909E+05 -2.1816E+00 3.3020E+02 8.4483E+01 -1.1376E-01 1.2544E-04
4.4958E+05 2.4950E+01 4.1918E+02 9.7091E+01 -1.0745E-01 1.1103E-04
4.3223E+05 -6.0954E+00 3.0982E+02 8.1991E+01 -9.2524E-02 1.1227E-04
4.3550E+05 -3.2480E+01 3.0793E+02 7.2022E+01 -6.8016E-02 8.6950E-05
4.5934E+05 -2.6698E+01 3.6527E+02 7.2767E+01 -2.7929E-02 4.4116E-05
4.5341E+05 8.1516E+00 3.4959E+02 8.1339E+01 -5.3042E-02 6.3569E-05
4.6733E+05 -1.6858E+01 3.1632E+02 5.8411E+01 -7.2026E-02 9.8346E-05
4.6383E+05 -1.8130E+01 4.1687E+02 9.4203E+01 -7.1001E-02 7.7863E-05
4.3420E+05 -2.6361E+01 2.1972E+02 4.6642E+01 -5.1040E-02 1.1073E-04
4.4942E+05 7.9062E+00 2.8143E+02 6.0701E+01 -7.3543E-02 1.1578E-04
4.0779E+05 -2.0058E+01 2.7852E+02 7.4317E+01 -8.0064E-02 1.0179E-04
5.0159E+05 -1.8630E+01 1.9560E+02 4.3099E+01 -8.1864E-02 1.4986E-04
4.2233E+05 -4.0258E+01 3.8016E+02 9.3040E+01 -5.0912E-02 5.1812E-05
4.5912E+05 5.4527E+00 2.6231E+02 7.6119E+01 -1.3036E-01 1.5445E-04
4.3328E+05 -3.2396E+02 3.9266E+02 2.7749E+01 5.7371E-02 -1.4092E-05
4.3798E+05 -3.5005E+00 2.2384E+02 5.6944E+01 -1.0636E-01 1.6290E-04
4.8261E+05 1.9370E+01 4.0981E+02 9.6321E+01 -9.7676E-02 8.8594E-05
4.6430E+05 -4.8572E+00 3.8594E+02 9.5869E+01 -8.2807E-02 7.1505E-05
4.7826E+05 1.3206E+01 3.8120E+02 1.0074E+02 -1.0838E-01 9.7767E-05
4.4060E+05 -6.4434E+01 4.0882E+02 7.5599E+01 -5.0348E-02 5.9385E-05
4.4296E+05 -3.7249E+00 3.2579E+02 8.6194E+01 -1.1941E-01 1.1975E-04
4.7529E+05 1.7167E+01 2.5815E+02 5.7910E+01 -8.1146E-02 1.2330E-04
4.6511E+05 3.5147E+01 4.0016E+02 1.0576E+02 -1.1282E-01 9.5513E-05
4.8335E+05 -7.9708E+00 4.2371E+02 1.1111E+02 -1.2747E-01 1.0038E-04
4.7868E+05 -9.5018E-01 3.4501E+02 7.9308E+01 -1.0040E-01 1.1605E-04
4.6961E+05 1.0215E+00 3.4636E+02 8.2396E+01 -8.4259E-02 8.9755E-05
4.5334E+05 -4.1839E+02 5.2395E+02 2.5881E+01 1.3128E-02 1.9898E-05
4.5124E+05 -2.7300E+01 3.8297E+02 8.7906E+01 -8.2699E-02 9.0388E-05
4.1069E+05 -5.6701E+01 3.6257E+02 6.3752E+01 -5.8566E-03 4.4299E-05
4.5729E+05 4.9355E-01 3.2814E+02 8.8914E+01 -9.9222E-02 9.9418E-05
4.4384E+05 -3.1436E+00 2.8625E+02 7.9519E+01 -8.7953E-02 1.0501E-04
4.5238E+05 2.0575E+00 4.0416E+02 1.0810E+02 -9.9236E-02 8.9078E-05
4.3168E+05 9.8886E+00 4.3967E+02 1.1274E+02 -7.1085E-02 6.3911E-05
4.3702E+05 -3.8900E+00 2.7334E+02 6.8838E+01 -1.0499E-01 1.3063E-04
4.4429E+05 -7.8405E+00 2.1333E+02 4.6426E+01 -4.5330E-02 1.1061E-04
4.6610E+05 7.0324E+00 4.0239E+02 8.0575E+01 -7.3627E-02 8.7986E-05
4.6414E+05 1.9876E+00 3.6048E+02 7.9162E+01 -7.7806E-02 8.6826E-05
4.3083E+05 1.3446E+00 2.6356E+02 7.9974E+01 -1.1077E-01 1.3193E-04
4.7687E+05 -4.1161E+01 3.3849E+02 6.3691E+01 -3.3830E-02 5.6148E-05
4.5001E+05 -9.0201E+00 4.0574E+02 7.9178E+01 -8.8770E-02 1.0333E-04
4.8314E+05 -1.2994E+01 3.9753E+02 9.3321E+01 -1.2474E-01 1.2390E-04
4.7079E+05 -1.4292E+01 4.1281E+02 8.8722E+01 -4.8631E-02 4.9069E-05
4.7034E+05 2.4654E+01 2.7154E+02 4.9430E+01 -7.5247E-02 1.2745E-04
4.3277E+05 -7.0738E+01 3.4945E+02 5.6136E+01 1.3876E-02 1.2485E-05
4.5414E+05 -1.5707E+01 3.2154E+02 7.6780E+01 -1.0010E-01 1.1470E-04
4.3000E+05 2.0454E+00 2.8269E+02 6.4890E+01 -6.6335E-02 1.0034E-04
4.5092E+05 -6.3259E+00 3.1782E+02 6.7248E+01 -6.6211E-02 8.6854E-05
4.2842E+05 -9.0566E-01 2.4428E+02 7.0346E+01 -1.1673E-01 1.5519E-04
4.5650E+05 -7.3291E+01 3.2768E+02 4.3627E+01 8.4265E-03 4.6542E-05
4.2301E+05 -1.0460E+01 3.7718E+02 9.6633E+01 -8.8601E-02 9.0890E-05
4.6265E+05 -2.3328E+01 2.7511E+02 6.8236E+01 -8.8078E-02 1.1540E-04
4.0021E+05 -1.0708E+01 3.4694E+02 8.6138E+01 -1.2313E-03 2.8457E-05
4.6217E+05 -5.1024E+00 2.4823E+02 6.3961E+01 -1.0638E-01 1.4341E-04
4.4873E+05 5.4706E+00 2.8544E+02 6.3226E+01 -8.1660E-02 1.1339E-04
3.9600E+05 -1.4789E+01 2.7717E+02 7.2136E+01 -6.8126E-02 9.1944E-05
4.8637E+05 -2.7227E+01 4.1400E+02 7.5900E+01 -1.6401E-02 3.0161E-05
4.0835E+05 -1.7460E-01 2.9961E+02 7.3065E+01 -8.0177E-02 9.8529E-05
4.7685E+05 -2.7120E+01 3.8250E+02 6.6841E+01 -4.7362E-02 6.5222E-05
4.4567E+05 -7.4210E+00 4.9254E+02 7.4378E+01 2.3171E-02 4.7177E-06
4.7341E+05 -4.6137E+00 3.2131E+02 8.6749E+01 -1.3449E-01 1.3407E-04
4.5526E+05 -2.3490E+01 2.5836E+02 5.3165E+01 -8.1873E-02 1.2656E-04
4.7391E+05 -3.9263E+00 3.6933E+02 1.0486E+02 -1.4536E-01 1.2417E-04
4.5580E+05 -5.6650E+01 4.1372E+02 5.7654E+01 2.2063E-03 2.5041E-05
4.6847E+05 -5.1674E+01 3.6298E+02 6.6669E+01 -6.4862E-02 7.7554E-05
4.7376E+05 -2.2328E+01 4.5303E+02 6.7529E+01 -3.7624E-02 6.5957E-05
4.3006E+05 -5.8963E+00 3.7219E+02 8.9444E+01 -6.7781E-02 7.6041E-05
4.5425E+05 2.6434E+00 4.0967E+02 9.0547E+01 -1.8996E-02 2.4866E-05
4.7598E+05 -4.0244E+01 4.3416E+02 5.6516E+01 1.2594E-02 1.6711E-05
4.7067E+05 -1.5116E+01 3.9780E+02 8.3783E+01 -4.0804E-02 4.7356E-05
4.5972E+05 -8.2742E+01 3.3411E+02 4.8768E+01 9.6049E-03 2.6188E-05
4.4858E+05 -2.5208E+01 3.7620E+02 8.6821E+01 -6.0999E-02 6.1710E-05
4.8094E+05 -6.0334E+01 3.5974E+02 6.6001E+01 -3.4979E-02 5.1615E-05
4.6896E+05 6.6712E+00 3.8789E+02 8.3807E+01 -9.9139E-02 9.9680E-05
4.5329E+05 -1.2281E+01 2.9438E+02 6.6365E+01 -8.7730E-02 1.1400E-04
4.5579E+05 -8.1960E+00 3.3504E+02 7.3521E+01 -8.8526E-02 1.0299E-04
4.7397E+05 -2.6558E+00 3.5257E+02 7.4429E+01 -8.1238E-02 9.4929E-05
4.8544E+05 -8.5469E+00 3.2659E+02 7.7801E+01 -9.0984E-02 1.0829E-04
4.7137E+05 -3.5843E+01 3.3252E+02 4.9715E+01 -6.9939E-03 4.5284E-05
4.6424E+05 -4.5407E+01 3.3368E+02 5.7348E+01 -1.6933E-02 4.3481E-05
4.4798E+05 9.3837E+00 3.9394E+02 9.3921E+01 -8.5929E-02 8.6704E-05
5.1552E+05 2.3088E+01 3.9922E+02 7.5695E+01 -9.4978E-02 9.7564E-05
4.8440E+05 -1.5268E+01 3.8474E+02 8.7373E+01 -6.7950E-02 6.9486E-05
4.4286E+05 1.6827E+01 2.3587E+02 5.5061E+01 -6.2187E-02 1.1641E-04
4.7572E+05 -4.5940E+01 3.5878E+02 7.8738E+01 -6.9435E-02 7.6939E-05
4.4631E+05 -1.2226E+01 3.4965E+02 7.8917E+01 -7.4141E-02 8.1423E-05
4.5322E+05 -1.6334E+01 3.2639E+02 6.3491E+01 -2.4747E-02 4.8414E-05
4.7202E+05 -7.7236E+00 3.0099E+02 7.2500E+01 -7.9766E-02 1.0188E-04
4.5727E+05 1.8869E+00 3.0603E+02 8.0963E+01 -1.1618E-01 1.2801E-04
4.7354E+05 -3.3888E+01 3.2053E+02 7.0412E+01 -6.9212E-02 9.1044E-05
4.7319E+05 -2.6521E+00 3.4569E+02 8.4768E+01 -9.9932E-02 9.9877E-05
4.5812E+05 -2.9722E+01 2.9584E+02 6.1818E+01 -1.1306E-01 1.3986E-04
4.5175E+05 -3.7857E+01 2.4583E+02 4.1099E+01 -3.4110E-02 9.5249E-05
4.2341E+05 -2.5231E+01 2.3401E+02 4.2175E+01 -4.0265E-02 9.9889E-05
4.3773E+05 -3.1001E+00 2.2972E+02 5.8931E+01 -7.6561E-02 1.2419E-04
4.5971E+05 -9.7769E+00 2.6622E+02 6.5968E+01 -9.8115E-02 1.2629E-04
4.9041E+05 3.4623E+00 2.8958E+02 6.4501E+01 -8.8339E-02 1.1252E-04
4.8894E+05 2.1248E+01 4.2144E+02 9.1332E+01 -1.0565E-01 9.7762E-05
4.8606E+05 -4.7017E+01 3.7620E+02 7.5375E+01 -4.5633E-02 5.2955E-05
4.4222E+05 -1.4218E+01 3.4224E+02 7.1915E+01 -3.0026E-02 4.4422E-05
4.3179E+05 -8.1672E+00 2.5095E+02 5.7469E+01 -3.8740E-02 8.6732E-05
4.5574E+05 8.3451E-01 3.4465E+02 7.1136E+01 -8.3206E-02 9.3892E-05
4.6775E+05 -5.1351E+00 3.1959E+02 8.4666E+01 -9.2104E-02 1.0230E-04
4.2093E+05 -4.7245E+00 3.0721E+02 8.1759E+01 -9.8407E-02 1.0802E-04
4.1900E+05 -1.8878E+01 2.6519E+02 6.2166E+01 -6.4461E-02 9.9975E-05
4.5761E+05 1.7370E+00 2.7964E+02 7.5326E+01 -1.0760E-01 1.2826E-04
4.7565E+05 7.2681E+00 3.1040E+02 7.3680E+01 -1.0685E-01 1.2362E-04
4.3574E+05 -5.7625E+00 3.0893E+02 6.7211E+01 -3.5625E-02 7.7188E-05
4.5851E+05 -2.2009E+01 3.8879E+02 7.8782E+01 -2.4670E-02 3.7124E-05
4.6733E+05 8.8079E+00 4.1231E+02 9.9117E+01 -7.5266E-02 7.8046E-05
4.2139E+05 3.0178E+00 3.4683E+02 1.0627E+02 -1.2186E-01 1.0644E-04
4.6419E+05 7.5765E+00 3.2637E+02 7.9545E+01 -6.6298E-02 7.9638E-05
4.6575E+05 5.5606E+00 2.5827E+02 6.2026E+01 -8.5475E-02 1.2736E-04
4.8210E+05 -3.2866E+01 3.7126E+02 7.4248E+01 -5.1546E-02 6.0363E-05
4.7121E+05 -2.4911E+01 3.5965E+02 7.6048E+01 -7.5844E-02 9.4290E-05
4.4255E+05 6.3139E+00 3.0070E+02 7.0664E+01 -1.0147E-01 1.2776E-04
4.2051E+05 -1.4889E+02 3.2438E+02 3.8322E+01 3.9024E-02 7.6876E-06
4.8082E+05 -4.9848E+00 3.6910E+02 7.4019E+01 -8.0206E-02 8.8426E-05
4.4127E+05 -3.5846E+01 3.7589E+02 5.7041E+01 2.1487E-03 1.7921E-05
4.8508E+05 -1.7002E+01 3.9986E+02 9.0559E+01 -8.0135E-02 7.8823E-05
4.4791E+05 -1.4726E+01 3.4390E+02 5.6356E+01 -4.9036E-02 8.0615E-05
4.4818E+05 -2.8374E+01 3.4027E+02 7.7065E+01 -4.5768E-02 5.9758E-05
4.7544E+05 -1.8548E+00 3.3420E+02 8.1844E+01 -1.1545E-01 1.1563E-04
4.6482E+05 -1.5443E+01 4.0915E+02 9.4454E+01 -7.8739E-02 7.4913E-05
4.8147E+05 -8.9405E+00 3.8883E+02 8.6719E+01 -7.6046E-02 7.4502E-05
4.5202E+05 -4.9809E+00 3.0532E+02 8.3701E+01 -9.6779E-02 1.2033E-04
4.4175E+05 -3.1632E+01 2.3815E+02 3.9931E+01 -3.9255E-02 9.9551E-05
4.4881E+05 -1.9546E+01 2.1347E+02 4.7797E+01 -6.8981E-02 1.2935E-04
4.5644E+05 3.5261E+00 4.0793E+02 1.1395E+02 -1.1957E-01 8.6627E-05
4.4365E+05 -1.7708E+01 2.2819E+02 5.2616E+01 -9.5351E-02 1.4841E-04
4.5887E+05 -4.8384E+00 2.7231E+02 6.6146E+01 -9.1070E-02 1.2189E-04
3.9628E+05 9.9191E-01 2.9199E+02 7.5866E+01 -9.1290E-02 1.0814E-04
4.7140E+05 -1.9613E+01 3.2535E+02 5.7843E+01 -4.9488E-02 7.9564E-05
4.4631E+05 -5.5506E+01 3.2851E+02 6.7003E+01 -3.5802E-02 5.6777E-05
4.3181E+05 -2.1063E+01 1.9431E+02 4.4540E+01 -6.3162E-02 1.3423E-04
4.4379E+05 1.2157E+00 2.2031E+02 6.7221E+01 -1.1697E-01 1.6148E-04
4.6853E+05 8.2445E+00 3.3256E+02 1.0210E+02 -1.6740E-01 1.5464E-04
4.6334E+05 -2.8093E+01 2.7950E+02 5.8895E+01 -6.3466E-02 1.0580E-04
4.6753E+05 -5.8741E+01 3.7604E+02 7.2147E+01 -3.6076E-02 4.7014E-05
4.6613E+05 4.5924E+00 3.5598E+02 9.7649E+01 -8.9376E-02 8.4665E-05
4.6142E+05 -4.0839E+00 3.7963E+02 9.6190E+01 -7.7654E-02 7.4817E-05
4.9184E+05 3.7381E+00 4.1514E+02 9.6158E+01 -1.1978E-01 1.0934E-04
4.3446E+05 -3.5979E+01 3.1482E+02 4.8896E+01 -3.4622E-02 8.7889E-05
4.3781E+05 -2.9917E+01 2.6907E+02 6.0969E+01 -8.2640E-02 1.1859E-04
4.2938E+05 -4.9172E+00 3.2034E+02 8.8736E+01 -6.9884E-02 8.2968E-05
4.6831E+05 -2.1611E+01 4.3448E+02 8.2678E+01 -4.7975E-02 5.3846E-05
4.4324E+05 -1.8106E+01 2.7787E+02 7.2243E+01 -9.3163E-02 1.1966E-04
4.3517E+05 -2.2672E+01 2.9353E+02 6.7053E+01 -8.5555E-02 1.1208E-04
4.6768E+05 -1.9856E+01 3.6945E+02 7.9205E+01 -7.8120E-02 8.1754E-05
4.6440E+05 -2.6664E+00 2.9879E+02 8.6937E+01 -1.2998E-01 1.3918E-04
4.4548E+05 -2.7180E+01 3.2051E+02 6.5111E+01 -4.7832E-02 6.6646E-05
5.0091E+05 1.8958E+01 3.6291E+02 7.1518E+01 -9.9786E-02 1.0604E-04
4.1514E+05 -3.8885E+00 2.0535E+02 4.9671E+01 -2.9883E-02 9.4697E-05
4.4686E+05 8.2478E+00 3.3192E+02 8.1177E+01 -6.4579E-02 7.6968E-05
4.5595E+05 -4.0670E+01 3.5863E+02 8.0676E+01 -6.5537E-02 7.1341E-05
4.5006E+05 -7.4489E+00 3.4226E+02 8.4325E+01 -1.0146E-01 1.0663E-04
4.5554E+05 -2.1681E+00 3.0989E+02 9.0823E+01 -1.3573E-01 1.3681E-04
4.4427E+05 -4.4630E+01 3.6453E+02 6.1377E+01 -5.7499E-03 3.9834E-05
4.5105E+05 3.5981E+00 2.4851E+02 6.8485E+01 -9.2870E-02 1.2855E-04
5.0197E+05 -8.1545E+00 3.0856E+02 5.2752E+01 -5.3453E-02 8.6746E-05
5.0707E+05 -2.7082E+01 4.0172E+02 8.7907E+01 -7.9988E-02 7.2029E-05
4.8418E+05 2.4046E+00 3.9440E+02 7.2217E+01 -3.6690E-02 4.8791E-05
4.7746E+05 -2.4723E+01 3.4231E+02 7.3919E+01 -5.7664E-02 8.1539E-05
4.6667E+05 -2.2372E+01 2.7419E+02 5.3710E+01 -6.8591E-02 1.0855E-04
4.3693E+05 6.5266E+00 3.2965E+02 8.8129E+01 -9.1451E-02 1.1237E-04
4.5850E+05 -1.4359E+02 2.5031E+02 2.1239E+01 5.5777E-03 6.1664E-05
4.6193E+05 -9.1830E+00 3.3986E+02 8.6037E+01 -6.1733E-02 7.8346E-05
4.4156E+05 1.0261E+01 4.1253E+02 1.1643E+02 -8.7034E-02 6.3769E-05
5.0502E+05 -1.7921E+01 4.0268E+02 8.9545E+01 -7.9267E-02 7.7373E-05
4.7895E+05 -1.9858E+01 3.5861E+02 6.1244E+01 -1.2984E-02 4.1589E-05
4.3346E+05 -9.4361E+00 2.9058E+02 7.4377E+01 -7.0112E-02 9.0587E-05
4.6748E+05 -2.4153E+01 2.9264E+02 6.4271E+01 -9.3100E-02 1.2117E-04
4.6040E+05 1.8089E-01 2.5471E+02 7.6358E+01 -1.2367E-01 1.4937E-04
4.7046E+05 9.2552E+00 3.1395E+02 7.9894E+01 -9.0510E-02 1.0576E-04
4.8231E+05 -2.7941E+01 3.9032E+02 7.9314E+01 -6.1404E-02 6.6445E-05
4.6400E+05 7.1888E+00 3.0514E+02 7.1278E+01 -1.0117E-01 1.2890E-04
4.5217E+05 -1.6799E+01 3.9388E+02 8.0084E+01 -6.5247E-02 7.1338E-05
4.3267E+05 -1.0576E+01 2.7474E+02 8.0198E+01 -1.3267E-01 1.4729E-04
4.7154E+05 -7.5930E+00 3.6539E+02 8.2023E+01 -7.0664E-02 7.9484E-05
4.5242E+05 -4.2274E+00 3.5527E+02 8.9975E+01 -5.7209E-02 7.1759E-05
4.7010E+05 6.8901E+00 3.5924E+02 7.9620E+01 -1.2712E-01 1.3149E-04
4.7585E+05 -1.5082E+00 3.1545E+02 9.6462E+01 -1.5114E-01 1.5322E-04
4.6024E+05 -7.4354E+01 4.0687E+02 7.2520E+01 -2.1800E-02 3.5682E-05
5.0257E+05 8.8728E+00 2.2358E+02 4.5980E+01 -8.4496E-02 1.4914E-04
4.4667E+05 -3.9832E+00 2.9106E+02 6.8023E+01 -8.8658E-02 1.1197E-04
4.4219E+05 -2.6174E+01 2.8657E+02 7.0145E+01 -7.2819E-02 9.6024E-05
4.5232E+05 9.5548E+00 2.5906E+02 5.4789E+01 -6.9648E-02 1.1344E-04
4.4756E+05 -2.5738E+01 3.2753E+02 7.0992E+01 -5.0774E-02 7.0066E-05
4.6161E+05 -1.9861E+00 3.5789E+02 8.8224E+01 -8.7954E-02 8.6274E-05
4.5916E+05 -4.2893E+00 3.5589E+02 1.0232E+02 -1.1097E-01 9.8892E-05
4.4382E+05 -9.1637E-01 2.0913E+02 5.7480E+01 -1.1227E-01 1.7165E-04
4.3534E+05 -1.9628E+01 2.7025E+02 6.8990E+01 -9.0111E-02 1.1218E-04
4.0223E+05 -1.5411E+02 3.5473E+02 3.3778E+01 8.2295E-02 -3.3713E-05
4.4620E+05 7.5675E+00 3.1064E+02 8.2362E+01 -1.3192E-01 1.4315E-04
3.8928E+05 -4.7609E+01 2.5090E+02 4.4934E+01 1.5725E-02 3.8052E-05
4.5131E+05 -7.7187E+00 3.1211E+02 7.7887E+01 -7.9582E-02 9.8732E-05
4.6952E+05 1.4190E+01 3.3460E+02 1.0136E+02 -1.4512E-01 1.2935E-04
4.5367E+05 1.1063E+01 3.2143E+02 7.7013E+01 -1.1098E-01 1.2305E-04
4.5096E+05 1.4604E+01 2.7363E+02 7.9471E+01 -1.1124E-01 1.3494E-04
4.6739E+05 -2.6962E+01 3.5304E+02 7.5760E+01 -9.4284E-02 1.0270E-04
4.4100E+05 -8.4752E+00 2.4517E+02 5.9658E+01 -1.2090E-01 1.6616E-04
4.4810E+05 -3.7131E+01 4.0466E+02 9.1439E+01 -9.6714E-02 9.9311E-05
4.5546E+05 -1.7169E+01 2.5327E+02 5.5492E+01 -6.1491E-02 1.0256E-04
4.6333E+05 -1.4286E+01 3.6099E+02 8.1670E+01 -7.8856E-02 9.3072E-05
4.6605E+05 -1.4812E+01 3.0210E+02 5.9262E+01 -6.7867E-02 1.0196E-04
4.7192E+05 6.0107E+00 2.9183E+02 7.3692E+01 -1.1206E-01 1.3024E-04
4.0015E+05 6.1064E+00 2.2987E+02 6.7987E+01 -1.2549E-01 1.7323E-04
4.3603E+05 -9.4129E+00 3.5534E+02 8.8373E+01 -1.2305E-01 1.1973E-04
4.7592E+05 -1.2753E+01 3.8844E+02 8.1292E+01 -3.1947E-02 4.6069E-05
4.7447E+05 1.0871E+01 3.3638E+02 7.5211E+01 -8.0070E-02 8.9551E-05
4.4090E+05 -2.0190E+01 2.5680E+02 5.2946E+01 -7.5342E-02 1.1999E-04
4.5424E+05 6.1119E+00 2.9910E+02 7.8945E+01 -1.0221E-01 1.1855E-04
4.3922E+05 1.8701E+01 2.9149E+02 7.7161E+01 -1.0756E-01 1.2524E-04
4.6940E+05 8.8183E+00 3.4871E+02 7.9318E+01 -7.7374E-02 8.0488E-05
4.6339E+05 -1.5946E+01 2.6158E+02 5.2118E+01 -6.8194E-02 1.0888E-04
4.8141E+05 1.5163E+00 3.0694E+02 8.4051E+01 -1.2888E-01 1.3569E-04
4.4092E+05 -3.9408E+01 4.1526E+02 8.6385E+01 -5.0809E-02 4.8883E-05
4.6525E+05 -1.1426E+01 4.0446E+02 9.0512E+01 -6.4410E-02 6.5011E-05
3.9719E+05 -1.1194E+01 2.2160E+02 6.7658E+01 -7.5200E-02 1.1585E-04
4.4267E+05 -1.2919E+01 3.5725E+02 6.5504E+01 -2.1315E-02 5.5098E-05
4.0597E+05 -1.1694E+01 2.0739E+02 5.6493E+01 -1.0124E-01 1.6029E-04
4.5875E+05 -4.9669E+00 3.2452E+02 8.4534E+01 -1.0484E-01 1.0549E-04
4.6810E+05 1.2840E+01 4.2715E+02 1.1657E+02 -8.9360E-02 6.6431E-05
4.1775E+05 4.1003E-01 2.3719E+02 6.2507E+01 -1.1525E-01 1.5913E-04
4.7493E+05 -1.5962E+01 3.5943E+02 7.7249E+01 -6.2836E-02 7.0837E-05
4.4196E+05 -6.8094E+01 4.1223E+02 7.9797E+01 -5.8530E-02 5.5492E-05
4.8184E+05 -5.3351E+01 3.0007E+02 5.5377E+01 -4.9652E-02 7.6767E-05
4.4399E+05 4.1081E+01 3.8393E+02 1.0397E+02 -1.1238E-01 1.0095E-04
4.7662E+05 -6.9507E+00 3.8462E+02 9.0708E+01 -8.4219E-02 9.0416E-05
3.9759E+05 -2.0140E+02 2.2695E+02 1.5915E+01 6.1815E-02 1.5061E-05
4.5620E+05 -3.0291E+01 3.7879E+02 8.1548E+01 -7.3833E-02 7.5843E-05
4.6272E+05 -3.1040E+00 3.5039E+02 1.0569E+02 -1.2871E-01 1.1062E-04
4.5334E+05 -5.3047E+01 3.8110E+02 6.3204E+01 -4.1799E-02 6.2254E-05
4.6165E+05 2.0296E+00 2.8355E+02 6.1998E+01 -8.7001E-02 1.2055E-04
4.5029E+05 -1.4912E+01 2.9270E+02 8.0736E+01 -1.2816E-01 1.3910E-04
4.5305E+05 -2.3417E+01 2.9951E+02 7.6776E+01 -8.1134E-02 9.4532E-05
4.5620E+05 -4.4785E+01 3.2532E+02 6.5746E+01 -3.5951E-02 6.0586E-05
4.1862E+05 1.4502E+01 2.9376E+02 8.6325E+01 -9.6702E-02 1.0571E-04
4.3560E+05 -2.6181E-01 4.0578E+02 1.1946E+02 -1.2820E-01 1.1727E-04
4.6634E+05 -4.4697E+01 3.9204E+02 7.2718E+01 -5.5549E-02 5.8692E-05
4.3678E+05 -7.8690E+01 3.6349E+02 5.4722E+01 1.8191E-02 2.4496E-05
4.5755E+05 -7.3747E+01 3.4475E+02 6.0123E+01 -3.7238E-03 3.5613E-05
4.5790E+05 -2.6066E+00 2.5630E+02 6.2608E+01 -9.3131E-02 1.2918E-04
4.6159E+05 -5.8091E+00 3.8322E+02 1.0841E+02 -1.2341E-01 1.1605E-04
4.3550E+05 -2.8976E+01 2.1484E+02 3.8872E+01 -3.0570E-02 9.9370E-05
4.5449E+05 -7.2495E+00 3.5241E+02 9.3516E+01 -8.1942E-02 8.6087E-05
4.5640E+05 -7.6091E+01 3.0651E+02 4.1515E+01 2.6533E-02 2.0757E-05
4.3810E+05 -1.0594E+02 3.3594E+02 3.9507E+01 3.8974E-02 6.0247E-06
4.6888E+05 -6.8669E+00 3.4841E+02 8.8140E+01 -1.2674E-01 1.4867E-04
4.7747E+05 -1.5944E+01 3.4965E+02 7.2799E+01 -8.8810E-02 1.0158E-04
4.3439E+05 2.9458E+00 3.5507E+02 7.2671E+01 -6.3275E-02 7.5260E-05
4.6539E+05 2.2868E+00 2.3884E+02 4.9335E+01 -9.1952E-02 1.4888E-04
4.9179E+05 3.0038E+00 4.0535E+02 1.1021E+02 -1.2935E-01 1.0561E-04
4.6118E+05 3.1327E+01 4.1555E+02 1.1723E+02 -6.8459E-02 5.3299E-05
4.8541E+05 -4.1578E+01 3.8359E+02 8.4070E+01 -9.1015E-02 9.2353E-05
4.6978E+05 -1.0508E-02 2.1315E+02 5.3317E+01 -8.9575E-02 1.4768E-04
4.4151E+05 -4.3513E+01 3.5633E+02 7.4825E+01 -6.8823E-02 8.8592E-05
4.5280E+05 4.7357E-02 2.4466E+02 7.1634E+01 -1.0833E-01 1.4163E-04
4.3957E+05 -7.9218E+00 3.6224E+02 8.2704E+01 -6.1464E-02 7.7855E-05
4.5288E+05 1.6014E+01 3.4532E+02 7.7415E+01 -7.8815E-02 8.6367E-05
4.5417E+05 -4.8350E+01 3.4334E+02 5.7188E+01 -1.0175E-02 3.6254E-05
5.0718E+05 -2.9478E+01 4.2080E+02 8.2175E+01 -7.7100E-02 7.7621E-05
4.7077E+05 -3.1035E+01 3.4710E+02 7.3900E+01 -5.8105E-02 6.9162E-05
4.5907E+05 -3.4231E+01 3.9530E+02 6.7509E+01 -3.0055E-02 5.2995E-05
4.8654E+05 -1.6490E+00 3.9805E+02 7.7195E+01 -5.8262E-02 6.8977E-05
4.7937E+05 -4.3330E+00 3.4609E+02 1.0079E+02 -1.2959E-01 1.1521E-04
4.3563E+05 5.1098E+00 2.2856E+02 5.1562E+01 -8.1772E-02 1.4301E-04
4.2685E+05 -2.7961E+01 2.7826E+02 5.6943E+01 -2.6346E-02 6.3524E-05
4.2697E+05 -5.7340E+01 3.6584E+02 6.9115E+01 2.3820E-02 -2.4888E-06
4.6676E+05 -3.1583E+01 3.9153E+02 6.9809E+01 -2.3897E-02 5.6258E-05
4.8139E+05 3.7583E+01 4.3155E+02 8.2087E+01 -3.9709E-02 4.2736E-05
4.3989E+05 -1.8533E+01 3.0724E+02 7.6893E+01 -8.6809E-02 1.0489E-04
4.2812E+05 1.4927E+00 2.3098E+02 6.7315E+01 -8.7692E-02 1.2718E-04
4.2823E+05 -2.8561E+01 4.0543E+02 7.4462E+01 -1.4467E-03 8.3246E-06
4.4339E+05 -1.2265E+01 2.8472E+02 6.1966E+01 -6.9670E-02 1.0915E-04
4.4395E+05 1.4950E+00 2.7017E+02 6.7070E+01 -8.2654E-02 1.1277E-04
4.4228E+05 1.8301E+00 3.4879E+02 8.7020E+01 -7.5335E-02 7.6173E-05
4.6306E+05 1.4610E-01 3.5648E+02 1.0137E+02 -1.0687E-01 1.0085E-04
4.4943E+05 -9.9368E+00 3.6599E+02 9.3364E+01 -7.2176E-02 8.3398E-05
4.4988E+05 -1.8334E+01 3.5415E+02 7.6913E+01 -8.7839E-02 1.0638E-04
4.8326E+05 -3.1534E+01 3.3744E+02 7.5143E+01 -7.2061E-02 8.1562E-05
4.4008E+05 -2.0400E+00 2.7180E+02 7.4911E+01 -1.1597E-01 1.3863E-04
4.7025E+05 -1.1080E+01 3.6050E+02 8.8342E+01 -5.3595E-02 5.7315E-05
4.5640E+05 -6.8924E+00 2.3836E+02 5.5519E+01 -5.7955E-02 1.0895E-04
4.4773E+05 -3.5572E+01 3.3169E+02 8.1840E+01 -7.1617E-02 8.1136E-05
4.7339E+05 -2.0975E+01 2.5407E+02 4.7856E+01 -5.5368E-02 1.0190E-04
4.6290E+05 4.0221E+00 3.4200E+02 8.8001E+01 -9.1349E-02 9.3211E-05
4.3323E+05 -6.8817E+00 2.2120E+02 4.8824E+01 -6.8571E-02 1.3018E-04
4.3157E+05 -3.7370E+00 3.8188E+02 8.7566E+01 -3.5997E-02 5.1934E-05
4.6814E+05 2.6281E+00 3.1818E+02 8.8805E+01 -1.2719E-01 1.3532E-04
4.0233E+05 -5.9682E+01 2.7208E+02 4.7231E+01 -1.0367E-02 5.6583E-05
4.0127E+05 -8.5220E-02 3.2151E+02 8.4728E+01 -2.9680E-02 4.2848E-05
4.2428E+05 -4.4275E+00 2.4707E+02 5.8712E+01 -9.0344E-02 1.3680E-04
5.0806E+05 -1.9689E+01 3.9966E+02 6.0543E+01 -1.3479E-02 3.6271E-05
4.5089E+05 -1.5706E+01 3.0135E+02 5.7530E+01 -4.0788E-02 7.3950E-05
4.6115E+05 -6.4860E+01 4.3171E+02 7.9902E+01 -4.7056E-02 5.0196E-05
4.5458E+05 -5.9576E+01 3.9323E+02 7.3106E+01 -3.6401E-02 5.0874E-05
4.6764E+05 -2.3110E+01 4.0148E+02 7.7448E+01 -5.2303E-02 7.0730E-05
4.3112E+05 -1.4260E+00 3.0123E+02 9.2371E+01 -9.9037E-02 1.0516E-04
4.7447E+05 -1.9847E+01 3.7578E+02 5.7997E+01 -8.1241E-03 3.6737E-05
4.6400E+05 1.7054E+00 3.4408E+02 8.6390E+01 -6.5340E-02 7.4692E-05
4.1603E+05 -5.5364E+00 2.5578E+02 6.3340E+01 -3.3931E-02 7.0080E-05
4.5467E+05 -3.8164E+00 2.4125E+02 6.1495E+01 -9.7407E-02 1.4133E-04
4.3277E+05 -2.8656E+01 2.4352E+02 5.3438E+01 -5.9613E-02 1.0676E-04
4.2596E+05 4.0739E+00 2.0717E+02 5.5156E+01 -9.9019E-02 1.6400E-04
5.0173E+05 -2.0896E+00 3.2114E+02 7.1900E+01 -9.7503E-02 1.1276E-04
4.8818E+05 2.6512E+00 4.5918E+02 7.7556E+01 -2.5463E-02 3.3119E-05
4.5738E+05 -2.7552E+01 3.0655E+02 6.8785E+01 -7.7211E-02 9.6132E-05
4.7407E+05 -2.4579E+01 3.9057E+02 6.2380E+01 -3.5629E-02 4.8403E-05
4.5212E+05 -1.0079E+02 3.7038E+02 4.8413E+01 2.0183E-02 1.0948E-05
4.9719E+05 -1.7137E+01 4.4740E+02 8.3390E+01 -7.9076E-02 7.6564E-05
4.5432E+05 -1.4081E+01 3.4910E+02 8.0805E+01 -7.1664E-02 9.0901E-05
4.5124E+05 -2.2108E+01 2.8547E+02 6.5471E+01 -1.0226E-01 1.2716E-04
4.5586E+05 -4.7892E+00 3.5061E+02 9.3323E+01 -1.0772E-01 1.0492E-04
4.3649E+05 -1.9523E+01 2.5497E+02 6.7113E+01 -9.6365E-02 1.3047E-04
4.6119E+05 4.0792E+00 3.8543E+02 1.0466E+02 -1.1502E-01 9.9707E-05
4.8290E+05 1.0791E+01 4.2942E+02 9.5036E+01 -1.0228E-01 9.7642E-05
3.9900E+05 -1.0129E+01 2.6316E+02 7.4974E+01 -9.8708E-02 1.2402E-04
4.7358E+05 -1.7825E+01 2.8270E+02 4.6811E+01 -5.6358E-02 1.1092E-04
4.7986E+05 -1.4575E+01 3.3645E+02 7.0180E+01 -6.4279E-02 8.3592E-05
4.8329E+05 -4.5755E+01 3.8051E+02 4.5586E+01 -3.1983E-02 6.2455E-05
4.7083E+05 -5.5651E+00 4.1872E+02 1.0599E+02 -8.1347E-02 6.2753E-05
4.5061E+05 -1.4589E+01 2.3955E+02 4.7326E+01 -7.1360E-02 1.2497E-04
4.4727E+05 -4.6437E+01 3.2243E+02 7.0197E+01 -5.0188E-02 6.7160E-05
4.5919E+05 2.6828E+01 4.4308E+02 9.6074E+01 -3.4758E-02 4.1169E-05
4.2875E+05 -3.2589E+01 2.7397E+02 5.4968E+01 -5.0408E-02 9.1407E-05
4.3414E+05 -3.2333E+01 4.3196E+02 7.8292E+01 -4.5342E-02 6.8339E-05
4.3463E+05 -3.6955E+00 3.1658E+02 8.5246E+01 -1.1776E-01 1.2701E-04
4.9443E+05 2.0960E+01 2.7025E+02 6.8165E+01 -1.2323E-01 1.5826E-04
4.6996E+05 -1.8950E+01 3.5048E+02 5.5176E+01 -1.7827E-02 5.0085E-05
4.6953E+05 -1.1744E+01 3.8722E+02 9.0599E+01 -7.4304E-02 6.9214E-05
4.5251E+05 -3.4949E+01 4.1950E+02 9.6188E+01 -9.9583E-02 9.3245E-05
4.2819E+05 -8.3718E+01 3.3876E+02 5.7553E+01 5.6479E-02 -1.6431E-05
4.6295E+05 -2.1496E+00 3.2972E+02 6.8493E+01 -5.9900E-02 8.2523E-05
4.5755E+05 -1.4316E+01 2.5594E+02 6.0840E+01 -9.1851E-02 1.2739E-04
4.6133E+05 -2.2830E+01 2.3778E+02 5.4840E+01 -8.6808E-02 1.3231E-04
4.6196E+05 -1.6102E+01 3.3474E+02 8.3360E+01 -9.3083E-02 9.5438E-05
4.3782E+05 -5.4861E+01 3.0485E+02 5.4025E+01 1.8115E-02 1.9978E-05
4.5753E+05 -2.9908E+00 2.2766E+02 4.7894E+01 -8.6369E-02 1.4834E-04
4.4330E+05 -7.0154E+01 3.7671E+02 6.6697E+01 -1.6603E-02 4.2681E-05
4.6965E+05 -4.5387E+00 3.9297E+02 8.7509E+01 -8.6346E-02 8.4737E-05
4.8606E+05 -1.5019E+01 3.1000E+02 6.7229E+01 -6.5022E-02 9.4899E-05
4.5255E+05 -4.7393E+01 3.4504E+02 7.7770E+01 -7.4235E-02 9.2327E-05
4.6765E+05 -5.9609E+01 3.3058E+02 6.2588E+01 -3.3932E-02 5.6574E-05
4.6993E+05 -9.5420E+00 3.0852E+02 7.1419E+01 -8.8163E-02 1.0563E-04
4.4070E+05 -1.6762E+01 3.6653E+02 7.9919E+01 -8.3963E-02 9.6898E-05
4.7394E+05 1.6046E+01 2.9719E+02 7.5852E+01 -1.1291E-01 1.3616E-04
4.0693E+05 -1.3869E+01 2.3745E+02 5.8920E+01 -6.5749E-02 1.1114E-04
4.7662E+05 -1.5133E+00 4.3135E+02 9.2905E+01 -8.2999E-02 8.0609E-05
4.4014E+05 -3.6696E+01 3.1741E+02 6.5787E+01 -2.9282E-02 4.6848E-05
4.5342E+05 -4.1206E+01 3.3652E+02 6.5314E+01 -3.6672E-02 5.2000E-05
4.5433E+05 3.6422E+00 2.8163E+02 8.1039E+01 -1.1734E-01 1.3320E-04
4.3221E+05 -8.9763E+00 4.2003E+02 1.1137E+02 -1.1199E-01 8.9530E-05
4.4192E+05 -6.9927E+00 3.0939E+02 7.8073E+01 -8.4045E-02 9.7186E-05
4.4339E+05 -2.0266E+00 2.4691E+02 5.2980E+01 -7.2266E-02 1.2403E-04
4.4089E+05 -8.2650E+00 2.8922E+02 7.3513E+01 -9.2812E-02 1.1316E-04
4.3775E+05 -7.8427E+00 2.6597E+02 6.5610E+01 -7.1918E-02 1.0546E-04
4.8615E+05 -1.3279E+01 3.8050E+02 9.0544E+01 -5.5846E-02 6.2914E-05
4.5019E+05 1.8089E+01 2.9763E+02 7.8897E+01 -1.1094E-01 1.2435E-04
4.6686E+05 -3.6464E+01 2.8546E+02 5.3995E+01 -3.7043E-02 7.2207E-05
4.5114E+05 -1.4692E+01 2.3597E+02 5.7660E+01 -1.1833E-01 1.6616E-04
4.3696E+05 -1.1763E+01 2.6737E+02 4.9751E+01 -6.8570E-02 1.1791E-04
4.6206E+05 -2.0892E+01 3.8165E+02 7.7530E+01 -5.0729E-02 5.7173E-05
4.5866E+05 -1.3952E+01 3.8888E+02 8.0085E+01 -4.6446E-02 6.5177E-05
4.5808E+05 -5.1672E+00 3.3005E+02 9.2276E+01 -8.6255E-02 8.8010E-05
4.3999E+05 -1.8758E+01 2.2187E+02 4.5731E+01 -7.5344E-02 1.3532E-04
4.5945E+05 -1.1595E+01 3.7603E+02 9.0107E+01 -5.1084E-02 5.5256E-05
4.6850E+05 -3.4979E+01 4.1201E+02 8.0195E+01 -3.1712E-02 3.8252E-05
3.9160E+05 -7.7202E+01 2.6903E+02 4.1531E+01 1.1250E-02 4.6902E-05
4.4804E+05 -1.3042E+01 2.4778E+02 5.9616E+01 -9.2451E-02 1.3089E-04
4.3981E+05 -1.5035E+01 3.0928E+02 7.1187E+01 -6.0235E-02 8.0309E-05
4.7248E+05 3.1315E+01 3.2810E+02 8.0144E+01 -1.1460E-01 1.3181E-04
4.0173E+05 -1.9297E+01 2.6207E+02 6.3932E+01 -3.6410E-02 6.9281E-05
4.5469E+05 -4.5068E+01 3.6109E+02 8.1392E+01 -5.9217E-02 6.0279E-05
4.1068E+05 -5.8719E+00 2.8410E+02 7.4886E+01 -2.6525E-02 5.5531E-05
4.6276E+05 -3.7742E+01 3.0945E+02 5.7001E+01 -5.1717E-02 8.4743E-05
4.8474E+05 -1.6820E-01 3.2015E+02 8.2602E+01 -1.3237E-01 1.3636E-04
4.1998E+05 8.7999E+00 2.4081E+02 6.4082E+01 -7.3698E-02 1.1517E-04
4.4346E+05 -4.7045E+01 3.5662E+02 8.1158E+01 -5.8484E-02 6.6096E-05
4.3227E+05 2.8795E+01 3.1220E+02 8.8494E+01 -1.3629E-01 1.5340E-04
4.0252E+05 -8.4492E+00 2.9837E+02 7.3193E+01 -1.7183E-02 4.8656E-05
4.5844E+05 -6.9757E+01 4.1395E+02 6.2169E+01 2.2335E-02 -2.6989E-07
4.5093E+05 -6.9344E+01 4.2166E+02 7.4188E+01 -1.4766E-02 2.6724E-05
4.3793E+05 -1.6986E+01 2.4156E+02 5.5749E+01 -1.0081E-01 1.4928E-04
4.3637E+05 -5.5487E+01 3.5722E+02 7.0355E+01 -3.3887E-02 5.1883E-05
4.2529E+05 -2.5673E+00 2.4680E+02 6.4381E+01 -1.0355E-01 1.4977E-04
4.0957E+05 -2.9823E+01 2.1374E+02 4.2298E+01 -9.9529E-03 7.4540E-05
4.3100E+05 -1.1392E+01 3.0522E+02 6.5122E+01 -3.5880E-02 5.8608E-05
4.5960E+05 -5.1712E+00 2.2582E+02 5.4019E+01 -8.1395E-02 1.3787E-04
4.7006E+05 -8.2965E+00 3.6846E+02 9.4586E+01 -9.5175E-02 9.2830E-05
4.2395E+05 -1.0401E+00 2.8126E+02 7.6150E+01 -8.8181E-02 1.0504E-04
4.5747E+05 -3.9188E+01 2.8880E+02 6.3019E+01 -6.8656E-02 1.0520E-04
4.6822E+05 -6.7873E+01 3.8417E+02 7.2884E+01 -5.5730E-02 8.0063E-05
4.8333E+05 9.1406E+00 3.1311E+02 6.5385E+01 -5.6782E-02 7.9475E-05
4.5982E+05 -2.5523E+00 2.9393E+02 6.5032E+01 -7.5606E-02 1.0242E-04
4.4411E+05 -4.5456E+00 2.6153E+02 6.8095E+01 -1.1603E-01 1.4764E-04
4.3863E+05 4.2030E+00 3.0411E+02 7.1115E+01 -7.9009E-02 1.0291E-04
4.3989E+05 -1.4634E+01 2.8791E+02 7.5723E+01 -9.5412E-02 1.1410E-04
4.4099E+05 1.0256E+00 3.6689E+02 9.0847E+01 -6.0612E-02 5.5547E-05
4.3943E+05 -3.2796E-01 3.1479E+02 7.2758E+01 -1.7134E-02 5.2560E-05
4.7334E+05 4.5950E+01 4.6944E+02 1.1542E+02 -1.2551E-01 1.0035E-04
4.3038E+05 -1.4849E+01 2.2963E+02 6.0837E+01 -1.0299E-01 1.4804E-04
4.5679E+05 -3.2976E+01 2.8695E+02 5.9253E+01 -6.0703E-02 9.1377E-05
4.2198E+05 -6.5233E+01 2.3321E+02 3.9373E+01 -2.4022E-02 8.8195E-05
4.1766E+05 2.3847E+00 2.7821E+02 7.6675E+01 -8.4635E-02 1.1306E-04
4.4683E+05 6.2290E-01 2.7736E+02 6.8500E+01 -8.2840E-02 1.1273E-04
5.0782E+05 2.7488E+00 4.2836E+02 8.2119E+01 -8.1579E-02 8.7021E-05
4.7261E+05 -6.4380E+01 3.6241E+02 5.3822E+01 -2.2515E-02 4.7441E-05
5.0605E+05 -1.3936E+01 3.5908E+02 8.0009E+01 -1.0246E-01 1.0555E-04
4.6903E+05 8.2403E+00 4.0690E+02 1.0136E+02 -9.4667E-02 7.9752E-05