6.6757E+06 -3.7317E+01 4.1149E+02 4.3712E+01 -3.3945E-02 3.8860E-05
6.3249E+06 1.1057E+01 4.7232E+02 6.2578E+01 -6.2543E-02 5.4661E-05
6.1636E+06 -1.1309E+02 4.9301E+02 5.5905E+01 -1.5374E-02 1.1485E-05
5.2926E+06 5.5364E-02 3.3383E+02 6.4554E+01 -7.4794E-02 7.6484E-05
5.8866E+06 2.2020E+00 3.4895E+02 5.4766E+01 -7.3684E-02 7.9403E-05
5.2590E+06 -4.9460E+00 4.5139E+02 6.3429E+01 -2.0769E-02 2.1675E-05
5.9298E+06 1.0320E+01 3.3432E+02 5.9322E+01 -8.0424E-02 8.5885E-05
5.8477E+06 5.4016E+00 4.3380E+02 6.3899E+01 -6.3060E-02 5.9071E-05
5.8519E+06 -7.1218E+01 3.9049E+02 4.9503E+01 -2.4030E-02 3.5057E-05
6.0120E+06 2.6651E+01 3.1091E+02 5.9853E+01 -1.1917E-01 1.2596E-04
5.7077E+06 -2.5157E+01 4.5642E+02 7.3544E+01 -5.3109E-02 5.1397E-05
6.2283E+06 4.5495E+01 4.1669E+02 5.7345E+01 -7.6026E-02 7.1678E-05
5.9331E+06 4.9480E+01 5.6987E+02 9.5423E+01 -8.3928E-02 5.5491E-05
6.2260E+06 2.2994E+01 3.5057E+02 4.7236E+01 -8.7567E-02 9.6437E-05
5.8701E+06 -2.7200E+01 3.0427E+02 5.1599E+01 -6.5156E-02 7.9999E-05
6.1591E+06 -7.5963E+01 5.6434E+02 6.5070E+01 -1.5660E-02 1.1198E-05
5.8760E+06 7.0303E+01 5.3159E+02 7.2862E+01 -1.0060E-01 8.5432E-05
5.3925E+06 -3.3556E+01 3.1589E+02 3.7785E+01 -3.2461E-02 6.0988E-05
6.1596E+06 -3.3441E+00 4.2647E+02 6.8303E+01 -8.3816E-02 6.6870E-05
5.4792E+06 -2.9125E+01 5.1497E+02 8.8348E+01 -8.1187E-02 5.2355E-05
5.3775E+06 -2.1520E+00 3.1386E+02 5.3093E+01 -6.7751E-02 8.3138E-05
5.6193E+06 -3.6168E+01 2.8795E+02 3.8104E+01 -5.0001E-02 8.3011E-05
5.2163E+06 1.1963E+02 7.8218E+02 2.6809E+02 -4.0686E-01 1.9067E-04
5.7709E+06 -5.4387E+01 4.6991E+02 4.6676E+01 -3.9924E-02 4.1395E-05
6.3579E+06 -1.1814E+02 5.3116E+02 5.1782E+01 -1.3794E-06 -1.1144E-06
5.7610E+06 -1.0183E+01 4.1064E+02 7.6293E+01 -8.2261E-02 6.8709E-05
5.9655E+06 8.8545E+01 3.9609E+02 6.6789E+01 -1.0297E-01 9.6018E-05
5.8623E+06 4.7445E+00 4.0769E+02 6.7000E+01 -1.0968E-01 1.0883E-04
5.5408E+06 1.5993E+01 3.5086E+02 6.8611E+01 -8.4432E-02 8.4150E-05
5.5689E+06 4.3267E+01 3.3416E+02 6.5772E+01 -1.1463E-01 1.1867E-04
5.9856E+06 -3.3110E+01 4.2815E+02 6.1151E+01 -4.7839E-02 5.3232E-05
6.1487E+06 1.5605E+01 4.3297E+02 7.4121E+01 -8.5635E-02 6.6977E-05
5.9887E+06 -3.7061E+01 2.7724E+02 3.9864E+01 -4.9466E-02 7.7895E-05
5.5049E+06 -1.4327E+01 5.7741E+02 7.7695E+01 -7.1812E-02 6.0261E-05
5.8518E+06 3.0450E+01 4.1663E+02 6.4072E+01 -6.8506E-02 5.9303E-05
5.5787E+06 5.8422E+00 2.8132E+02 5.0045E+01 -8.0524E-02 1.0518E-04
4.9489E+06 -6.6428E-02 4.2568E+02 7.5259E+01 -1.4357E-02 -4.1562E-06
5.9409E+06 4.3022E+01 6.6263E+02 8.7966E+01 -5.9853E-02 3.9203E-05
4.5868E+06 5.1951E+00 6.7640E+02 6.4507E+01 9.1299E-02 -7.7957E-05
6.1207E+06 -2.5343E+01 4.3774E+02 7.5970E+01 -8.9080E-02 6.7315E-05
6.2132E+06 -2.2045E+01 4.8774E+02 7.1915E+01 -4.9642E-02 3.1556E-05
5.5121E+06 -1.3938E+02 2.9061E+02 1.4123E+01 3.1540E-02 1.4646E-05
5.6192E+06 -3.1428E+02 7.6472E+02 3.7935E+01 1.0339E-02 -2.4151E-06
6.3796E+06 -3.7496E-01 4.7643E+02 6.1385E+01 -3.8425E-02 3.0879E-05
6.0283E+06 -4.9562E+01 4.2182E+02 5.2377E+01 -4.3913E-02 4.5859E-05
5.9713E+06 -2.1628E+01 4.4140E+02 6.8904E+01 -7.1366E-02 5.8131E-05
5.9170E+06 -1.2848E+01 3.8284E+02 7.6263E+01 -1.0018E-01 8.0917E-05
5.7155E+06 1.3460E+00 5.4580E+02 9.0596E+01 -6.5938E-02 3.2671E-05
6.2738E+06 2.8446E+00 2.9777E+02 5.7022E+01 -1.1251E-01 1.1610E-04
5.8470E+06 -1.1809E+01 5.6139E+02 7.2311E+01 -3.8214E-02 3.6846E-05
5.0335E+06 1.8409E+01 5.5576E+02 1.1409E+02 -1.0344E-01 4.8012E-05
6.0969E+06 1.1064E+02 4.9397E+02 7.1467E+01 -8.7752E-02 6.3738E-05
5.9816E+06 -3.8922E+00 5.5138E+02 7.3084E+01 -4.3289E-02 3.0286E-05
5.5289E+06 -6.4771E+01 6.5190E+02 6.6351E+01 -5.4072E-02 4.3477E-05
6.4694E+06 2.1766E+01 3.4283E+02 6.4215E+01 -1.1545E-01 1.1073E-04
5.3951E+06 -2.2628E+01 5.5550E+02 1.0112E+02 -8.0462E-02 5.2102E-05
6.2178E+06 1.2075E+02 6.5845E+02 9.2107E+01 -9.6755E-02 4.8828E-05
6.0764E+06 -2.8934E+01 4.2848E+02 7.0842E+01 -6.7338E-02 5.7818E-05
6.5295E+06 -1.2935E+01 3.7226E+02 4.9341E+01 -4.0925E-02 4.5474E-05
6.5991E+06 -4.2598E+01 5.3103E+02 6.6180E+01 -4.9308E-02 3.5612E-05
5.3069E+06 -1.7197E+02 3.9790E+02 2.0959E+01 2.1088E-02 9.6075E-06
6.0156E+06 1.1635E+02 5.5510E+02 7.5597E+01 -8.6971E-02 6.7855E-05
5.3272E+06 -4.7180E+00 4.5700E+02 6.1399E+01 -1.9139E-02 2.8245E-05
5.6546E+06 2.5681E+01 4.0716E+02 6.7961E+01 -8.5642E-02 7.4843E-05
5.9174E+06 2.6021E+01 3.9757E+02 6.6843E+01 -8.5609E-02 7.5601E-05
6.0774E+06 -1.1228E+02 4.7158E+02 5.4524E+01 -2.0075E-02 2.6733E-05
6.2039E+06 6.7079E+00 5.1218E+02 8.5841E+01 -8.4007E-02 6.5871E-05
5.5986E+06 -3.2385E+01 5.9035E+02 8.2605E+01 -7.6748E-02 5.4483E-05
5.7629E+06 9.9678E+01 4.8395E+02 5.7666E+01 -7.6921E-02 7.4032E-05
6.2871E+06 -3.3664E+01 3.4883E+02 4.7685E+01 -5.1918E-02 6.3889E-05
5.9547E+06 -3.4164E+00 4.3669E+02 7.3057E+01 -5.5186E-02 4.0961E-05
6.3438E+06 1.2369E+02 6.8092E+02 7.9648E+01 -7.5247E-02 5.0881E-05
6.0630E+06 -9.4687E+00 5.2486E+02 9.0468E+01 -9.7894E-02 6.7303E-05
5.6607E+06 6.8399E+00 4.4461E+02 8.0774E+01 -7.5990E-02 5.7489E-05
6.2129E+06 -3.6511E+01 5.3769E+02 6.7346E+01 -3.3808E-02 2.1238E-05
5.9425E+06 1.9904E+02 6.8042E+02 1.0551E+02 -1.0435E-01 6.5238E-05
4.3476E+06 -2.3086E+02 4.5383E+02 2.6602E+01 7.1258E-02 -2.6779E-05
5.9230E+06 7.2811E+01 5.9998E+02 1.0668E+02 -1.1186E-01 8.0313E-05
5.5074E+06 7.7636E+00 4.0466E+02 2.8466E+01 1.7153E-02 2.4838E-06
5.7765E+06 8.0494E+01 5.4184E+02 8.9529E+01 -8.2880E-02 5.4049E-05
5.2773E+06 2.6247E+01 3.9678E+02 6.3188E+01 -3.2338E-02 2.6101E-05
5.1203E+06 -3.5819E+00 4.4005E+02 8.7293E+01 -4.2839E-02 1.6866E-05
6.2611E+06 8.3320E+01 6.4937E+02 9.7677E+01 -1.0578E-01 6.9358E-05
6.5051E+06 -3.1422E+01 4.9827E+02 7.9649E+01 -7.7914E-02 5.8860E-05
5.7976E+06 -3.6842E+01 4.3357E+02 5.9658E+01 -3.1374E-02 2.8511E-05
5.8152E+06 1.9415E+01 3.8273E+02 6.5396E+01 -8.8949E-02 8.2178E-05
5.4150E+06 -4.7596E+00 3.7412E+02 3.9676E+01 -3.2526E-02 5.6896E-05
6.4224E+06 -1.3461E+01 3.5619E+02 5.8087E+01 -7.7149E-02 6.9932E-05
5.5894E+06 -2.3766E+01 5.6261E+02 8.9621E+01 -5.9000E-02 4.2602E-05
5.5105E+06 3.0228E-02 3.5136E+02 4.9821E+01 -8.4025E-02 9.5712E-05
6.1427E+06 1.3395E+01 4.2746E+02 4.9493E+01 -5.5778E-02 6.5943E-05
4.9854E+06 -1.4886E+01 3.8578E+02 6.2981E+01 -2.4435E-02 2.3448E-05
5.8175E+06 1.9944E+01 5.2020E+02 7.7082E+01 -7.2154E-02 5.0163E-05
5.5117E+06 -1.6366E+01 3.6213E+02 6.4952E+01 -9.6379E-02 9.0047E-05
6.6482E+06 -3.2565E+01 4.1261E+02 6.2251E+01 -7.9357E-02 6.4494E-05
6.1228E+06 2.4371E+01 5.0221E+02 6.9465E+01 -5.1107E-02 3.7090E-05
5.4582E+06 1.6311E+02 7.6332E+02 1.0678E+02 -4.9686E-02 2.0538E-05
5.7433E+06 -7.3629E+00 5.9904E+02 5.3041E+01 -4.5963E-02 4.6547E-05
5.0641E+06 -6.6916E+00 5.3402E+02 9.6584E+01 -6.2202E-02 3.7774E-05
5.7392E+06 1.6556E+01 4.8375E+02 9.7013E+01 -9.9815E-02 6.4888E-05
6.2678E+06 -1.0553E+01 3.5838E+02 5.7291E+01 -9.0727E-02 9.1642E-05
6.4446E+06 1.0835E+01 4.4640E+02 6.3690E+01 -6.3113E-02 5.0426E-05
5.7433E+06 2.1010E-01 4.8073E+02 7.4831E+01 -4.0486E-02 2.8723E-05
6.2480E+06 3.9923E+01 4.4869E+02 6.6865E+01 -6.1633E-02 4.7665E-05
5.2794E+06 1.4477E+01 3.7626E+02 7.1762E+01 -8.8025E-02 8.2592E-05
5.9120E+06 3.1510E+01 5.0029E+02 9.0699E+01 -7.3532E-02 4.9295E-05
5.7671E+06 -5.6250E+01 5.0221E+02 7.3986E+01 -6.4099E-02 5.0984E-05
5.8563E+06 -7.1529E+00 5.3604E+02 9.1561E+01 -7.7421E-02 4.6699E-05
5.8566E+06 2.8164E+00 4.6924E+02 6.4882E+01 -6.3149E-02 6.5230E-05
5.2545E+06 -2.1160E+01 4.9273E+02 7.3064E+01 -7.4926E-03 1.2491E-05
6.3909E+06 6.3179E+01 4.8936E+02 5.7367E+01 -3.7886E-02 3.0068E-05
5.8604E+06 5.4006E+00 3.5059E+02 6.8710E+01 -9.9649E-02 8.9328E-05
5.2457E+06 1.4573E+01 5.6931E+02 9.4758E+01 -5.5325E-02 4.0265E-05
6.0563E+06 -1.8186E+01 4.7716E+02 8.6250E+01 -8.0158E-02 5.7768E-05
5.7092E+06 -2.5087E+01 4.5945E+02 6.8425E+01 -3.7753E-02 3.2425E-05
5.8625E+06 -1.0576E+01 4.2301E+02 6.3831E+01 -5.0112E-02 4.6942E-05
5.7532E+06 1.1423E+00 2.8529E+02 5.6779E+01 -9.2439E-02 1.0920E-04
5.6520E+06 -8.1065E+00 3.1177E+02 6.3979E+01 -1.0963E-01 1.0799E-04
5.6172E+06 -1.7537E+02 5.6865E+02 3.5940E+01 1.9503E-02 4.3744E-07
5.1771E+06 -3.1041E+01 6.2848E+02 9.5981E+01 -3.2247E-02 7.5924E-06
6.0312E+06 -2.0371E+02 6.6355E+02 5.6854E+01 -1.1200E-01 8.0357E-05
6.0870E+06 1.8333E+01 3.4223E+02 3.8090E+01 -5.0685E-02 7.0120E-05
5.9666E+06 -7.5704E+00 3.4324E+02 6.2995E+01 -8.9872E-02 8.7659E-05
5.6194E+06 -2.5867E+01 4.9679E+02 5.8566E+01 -2.9101E-02 2.8634E-05
5.9058E+06 3.8665E+00 2.9304E+02 5.6491E+01 -8.4754E-02 9.6340E-05
5.6003E+06 2.7969E+00 5.5116E+02 4.2983E+01 2.8440E-02 -3.7725E-06
6.0391E+06 -1.3815E+01 4.6539E+02 7.0001E+01 -3.9675E-02 2.5331E-05
5.4554E+06 -2.7809E+01 3.6047E+02 4.7082E+01 -4.1845E-02 5.5342E-05
5.3022E+06 -1.7568E+02 5.0689E+02 4.9427E+01 1.6244E-02 1.3620E-05
5.4933E+06 -2.7357E+01 5.0399E+02 8.2153E+01 -2.3325E-02 1.9013E-05
5.9992E+06 4.2691E+00 3.7636E+02 6.4515E+01 -7.8417E-02 7.4174E-05
5.7538E+06 2.8847E+01 5.7134E+02 9.6553E+01 -7.7760E-02 4.6028E-05
5.6909E+06 -3.9001E+01 5.4724E+02 8.8276E+01 -4.4382E-02 2.0707E-05
5.6202E+06 8.2308E+00 3.3292E+02 6.5021E+01 -1.1341E-01 1.1450E-04
5.9115E+06 -2.5207E+01 4.4378E+02 7.2990E+01 -7.0693E-02 5.8641E-05
5.6785E+06 5.9715E+01 5.0495E+02 6.9409E+01 -4.7454E-02 4.2679E-05
5.1631E+06 6.8803E+01 4.5768E+02 9.0039E+01 -1.1671E-01 8.0355E-05
5.8023E+06 1.7877E+01 2.9995E+02 6.0671E+01 -1.0951E-01 1.1479E-04
6.4193E+06 -5.6005E+01 5.5727E+02 5.1015E+01 -2.3212E-02 2.6291E-05
5.6372E+06 4.3256E+01 5.8249E+02 9.8618E+01 -7.6821E-02 3.5690E-05
6.0727E+06 -3.6742E+00 3.3531E+02 5.5606E+01 -8.0883E-02 8.3551E-05
5.9587E+06 -4.6011E+00 2.8810E+02 5.1921E+01 -7.4112E-02 8.9850E-05
5.4497E+06 -9.5815E+01 3.5882E+02 3.8210E+01 1.3315E-02 1.0164E-05
6.1770E+06 -2.1797E+01 4.3562E+02 6.1698E+01 -5.8002E-02 4.8143E-05
5.8240E+06 -4.0808E+01 3.3782E+02 5.3192E+01 -5.3700E-02 6.5525E-05
6.2121E+06 -3.8862E+00 3.4917E+02 6.4243E+01 -1.0047E-01 9.6206E-05
6.5829E+06 7.4108E+01 5.6058E+02 6.0225E+01 -4.5483E-02 3.3932E-05
6.0634E+06 -7.6776E+00 2.7769E+02 5.0959E+01 -9.8861E-02 1.2006E-04
6.0940E+06 4.7420E+00 4.8819E+02 7.9414E+01 -6.5634E-02 3.9639E-05
6.4133E+06 -3.9897E+01 4.8425E+02 6.0198E+01 -5.4131E-02 4.4066E-05
6.5009E+06 -1.7689E+01 4.6584E+02 7.3354E+01 -7.7162E-02 5.3024E-05
6.0499E+06 -1.0754E+02 5.6817E+02 5.4639E+01 -1.3642E-02 8.7313E-06
6.7860E+06 3.3347E+01 3.8415E+02 5.5521E+01 -7.1091E-02 6.5665E-05
4.9578E+06 1.6830E+00 3.1281E+02 5.1666E+01 -2.3412E-02 4.1741E-05
6.1290E+06 5.1858E+00 3.4072E+02 5.2009E+01 -7.5947E-02 8.3085E-05
5.5284E+06 1.6918E+01 3.6650E+02 5.5869E+01 -8.6258E-02 9.3564E-05
5.8238E+06 4.5033E+01 4.9067E+02 6.4521E+01 -4.6240E-02 3.6570E-05
6.1488E+06 -2.1912E+01 4.6718E+02 7.4341E+01 -4.9647E-02 3.1765E-05
5.7637E+06 3.8387E+01 5.6262E+02 6.3853E+01 1.0526E-06 2.2473E-06
5.0124E+06 5.6092E+00 3.5550E+02 8.7983E+01 -1.4708E-01 1.2173E-04
5.7322E+06 9.1157E+01 6.1263E+02 9.2011E+01 -7.1463E-02 3.7599E-05
5.3803E+06 1.5694E+02 6.2991E+02 9.4641E+01 -8.3247E-02 6.3722E-05
5.9026E+06 1.9604E+01 4.6614E+02 6.5759E+01 -4.6344E-02 3.4748E-05
5.5714E+06 -5.6936E+00 3.5789E+02 7.0094E+01 -8.1937E-02 7.3994E-05
5.9198E+06 -3.5886E+01 3.6854E+02 4.8059E+01 -2.2161E-02 3.7263E-05
4.9760E+06 -4.5176E+01 4.5144E+02 5.0791E+01 1.4942E-02 1.3978E-05
5.7707E+06 2.9545E+00 5.1924E+02 6.4951E+01 -3.5765E-02 2.9448E-05
6.5237E+06 -2.8783E+01 5.0469E+02 6.1288E+01 -4.0806E-02 3.7970E-05
5.4272E+06 -4.0742E+01 3.8698E+02 5.9649E+01 -5.5461E-02 5.5426E-05
4.9238E+06 1.2568E+00 4.8323E+02 5.6973E+01 3.2630E-02 -1.0981E-05
5.8901E+06 -8.8232E+00 4.4640E+02 7.6611E+01 -8.4290E-02 5.7769E-05
5.8404E+06 8.0493E+01 3.9032E+02 5.8587E+01 -1.0550E-01 1.0428E-04
5.9035E+06 -9.4513E+01 6.6024E+02 3.2688E+01 1.4800E-02 2.4196E-06
5.2906E+06 -2.0018E+01 3.9117E+02 4.3983E+01 1.1795E-02 1.1820E-05
6.2320E+06 -4.0798E+01 3.5670E+02 5.2538E+01 -5.0513E-02 5.3230E-05
2.5513E+07 1.5298E+02 1.0164E+04 6.8717E+03 -8.6250E-02 3.1779E-03
5.6611E+06 1.0669E+02 6.4371E+02 4.2717E+01 2.0751E-02 -9.9380E-06
5.7635E+06 -6.6278E+01 5.9235E+02 7.1196E+01 -5.1643E-02 4.1070E-05
6.0095E+06 5.2691E+01 5.2157E+02 6.4060E+01 -5.2494E-02 4.3913E-05
5.7850E+06 -2.1954E+01 6.2409E+02 9.1470E+01 -9.8824E-02 7.0647E-05
5.5523E+06 -7.6887E-02 3.3984E+02 6.2922E+01 -9.5129E-02 9.5473E-05
4.8716E+06 -2.3755E+01 5.6760E+02 1.1115E+02 -8.4692E-02 4.9108E-05
5.4142E+06 -5.1024E+01 4.7345E+02 6.7426E+01 -4.6172E-02 4.4503E-05
6.1207E+06 4.5986E+01 5.9981E+02 9.0416E+01 -7.4685E-02 4.7693E-05
5.8317E+06 -3.8932E+01 3.7068E+02 6.1779E+01 -6.2190E-02 5.3709E-05
5.7066E+06 -5.0703E+00 3.6214E+02 6.3158E+01 -8.3765E-02 8.2778E-05
6.4132E+06 5.7916E+01 5.8247E+02 9.3473E+01 -9.3257E-02 6.1870E-05
6.2659E+06 -3.6022E+01 5.5496E+02 8.4384E+01 -7.2503E-02 4.3114E-05
6.2922E+06 -9.1092E+00 2.9098E+02 4.6520E+01 -6.4969E-02 7.9660E-05
5.8566E+06 4.1613E+00 4.1556E+02 6.9511E+01 -6.6033E-02 5.9177E-05
6.5872E+06 1.4936E+01 3.5272E+02 5.9831E+01 -9.3707E-02 8.6940E-05
5.9255E+06 6.4451E+01 5.8454E+02 6.8936E+01 -3.4479E-02 2.2922E-05
5.9635E+06 -5.2792E+01 4.0557E+02 5.8343E+01 -3.9717E-02 3.1399E-05
4.5973E+06 -6.3019E+00 5.2133E+02 1.1167E+02 -2.1147E-01 1.4281E-04
5.5606E+06 -5.9159E+01 4.0887E+02 4.7524E+01 -3.2322E-02 3.5761E-05
6.5352E+06 1.8850E+01 4.4045E+02 5.5548E+01 -7.1516E-02 6.3337E-05
5.6171E+06 -6.5767E+00 3.3477E+02 6.2174E+01 -7.3890E-02 7.3800E-05
4.7246E+06 -9.3045E+00 5.2363E+02 1.1010E+02 -6.8258E-02 2.3833E-05
5.6958E+06 -3.7229E+01 3.4523E+02 4.5746E+01 -3.0739E-02 4.8486E-05
5.7575E+06 -7.8652E+01 5.5087E+02 5.4488E+01 -3.4214E-02 4.3636E-05
5.9393E+06 1.8373E+01 3.2412E+02 6.2838E+01 -1.1246E-01 1.1587E-04
5.8952E+06 -5.5700E+01 3.7649E+02 5.0973E+01 -2.2401E-02 2.7715E-05
5.1199E+06 -5.7797E+01 4.8679E+02 2.4005E+01 1.8639E-02 2.3273E-06
5.8141E+06 5.7135E+00 4.3802E+02 6.4809E+01 -4.7848E-02 4.0352E-05
5.7206E+06 -2.9302E+01 5.5061E+02 6.9756E+01 -2.9659E-03 -4.7052E-06
6.0422E+06 8.4007E+01 6.6859E+02 1.2172E+02 -1.2291E-01 5.5969E-05
5.7291E+06 3.2973E+01 5.3934E+02 8.2088E+01 -6.8655E-02 4.9055E-05
5.7721E+06 -1.0823E+01 3.2831E+02 6.1881E+01 -9.7413E-02 1.0104E-04
5.4586E+06 -1.4525E+01 5.4077E+02 1.0798E+02 -6.4113E-02 2.7550E-05
6.5424E+06 -1.9713E+01 5.0179E+02 6.4112E+01 -3.2815E-02 2.4835E-05
5.6954E+06 -7.5263E+00 4.1998E+02 5.8052E+01 -1.8030E-02 1.7989E-05
5.7196E+06 8.3686E+00 4.3950E+02 8.6849E+01 -1.1892E-01 8.8259E-05
5.4833E+06 -1.8375E+01 4.4859E+02 7.9774E+01 -4.0071E-02 2.5095E-05
5.3718E+06 -1.7173E+01 3.8587E+02 5.6566E+01 -3.0260E-02 3.9142E-05
6.0977E+06 -1.8882E+00 3.3438E+02 5.6824E+01 -8.5081E-02 8.4418E-05
6.4967E+06 -6.0163E+01 5.4663E+02 7.1508E+01 -3.6796E-02 2.0902E-05
6.1906E+06 -8.0068E+01 5.2661E+02 2.9855E+01 -3.2905E-02 3.7348E-05
5.4134E+06 5.8265E-01 4.4693E+02 6.7562E+01 -4.5476E-02 3.1577E-05
5.8819E+06 -2.7812E+01 2.8648E+02 4.8078E+01 -6.2909E-02 8.0648E-05
6.4783E+06 -2.5351E+01 4.2851E+02 6.6394E+01 -7.8056E-02 6.0960E-05
5.5760E+06 -1.2906E+01 3.2055E+02 5.4866E+01 -7.3918E-02 8.8043E-05
6.2398E+06 -3.2499E+01 5.4396E+02 7.2246E+01 -3.7274E-02 2.4934E-05
5.3920E+06 6.0135E+01 5.7015E+02 8.5082E+01 -2.5998E-02 1.4077E-05
5.3930E+06 1.9372E+01 3.4488E+02 7.8496E+01 -1.2837E-01 1.1845E-04
5.6681E+06 6.6578E+00 4.7616E+02 4.9214E+01 1.1882E-02 1.7948E-05
4.1201E+06 -2.4493E+02 4.1937E+02 2.0459E+01 5.9499E-02 3.7226E-05
5.6006E+06 -1.3869E+01 4.0322E+02 5.9580E+01 -5.4365E-02 6.5752E-05
6.1143E+06 9.3998E+01 5.5656E+02 7.4425E+01 -6.1372E-02 4.3692E-05
5.1553E+06 -9.0305E+01 3.4473E+02 3.7400E+01 1.6580E-03 2.6517E-05
6.1676E+06 7.4229E+01 6.0249E+02 9.2127E+01 -5.6978E-02 1.8442E-05
5.4743E+06 9.4789E+00 3.1566E+02 6.4161E+01 -1.0319E-01 1.0664E-04
5.9664E+06 -6.9567E+01 6.1867E+02 7.9853E+01 -6.1965E-02 3.8464E-05
6.0614E+06 1.6285E+01 4.3667E+02 6.1921E+01 -8.8386E-02 9.2203E-05
5.7838E+06 5.8749E+01 5.3291E+02 6.7504E+01 -2.2621E-02 1.4773E-05
5.7939E+06 -4.9730E+00 5.4321E+02 7.9556E+01 -4.3144E-02 3.3799E-05
6.2842E+06 3.4464E+01 5.6967E+02 8.4878E+01 -8.2392E-02 5.7381E-05
5.2459E+06 1.6998E+01 5.7195E+02 9.1986E+01 -4.9051E-02 5.0839E-05
6.1779E+06 1.1088E+02 6.3600E+02 1.0782E+02 -1.3024E-01 8.0522E-05
5.8934E+06 3.7485E+01 5.4651E+02 9.2452E+01 -1.0170E-01 6.3368E-05
5.8008E+06 1.0063E+00 5.1907E+02 1.0022E+02 -1.3115E-01 1.1275E-04
5.6944E+06 6.3302E+01 3.8561E+02 5.5225E+01 -5.9852E-02 6.6953E-05
6.0958E+06 1.2377E+02 6.9000E+02 8.3021E+01 -5.5577E-02 3.5133E-05
6.0932E+06 4.1197E+01 5.5685E+02 6.9847E+01 -7.0284E-02 5.2179E-05
5.6820E+06 1.6565E+01 5.4097E+02 8.1779E+01 -4.4547E-02 3.4492E-05
5.4944E+06 -5.7825E+01 5.2594E+02 8.3591E+01 -4.8225E-02 3.0031E-05
6.4299E+06 8.5874E+00 4.7036E+02 5.2027E+01 -3.1374E-02 2.9444E-05
5.6692E+06 -2.1529E+01 6.4643E+02 6.9944E+01 -7.3416E-03 2.0843E-06
5.6629E+06 -1.6505E+00 4.3898E+02 8.4912E+01 -8.4198E-02 7.0024E-05
5.9323E+06 -1.6768E+01 5.7439E+02 5.7810E+01 -2.5427E-05 1.7182E-08
5.9230E+06 2.3932E+01 3.2480E+02 6.4670E+01 -1.1680E-01 1.1533E-04
5.3657E+06 7.9278E+01 5.2360E+02 8.3208E+01 -5.7465E-02 4.5686E-05
5.4739E+06 3.2253E+00 2.7066E+02 5.1060E+01 -7.4029E-02 9.9314E-05
5.2105E+06 4.0344E+01 4.6331E+02 7.6551E+01 -1.8958E-02 1.0365E-05
6.1804E+06 2.6836E+00 4.1191E+02 7.4427E+01 -9.2599E-02 7.9019E-05
5.6050E+06 -7.7835E+01 5.1002E+02 5.5939E+01 -1.5458E-02 2.6049E-05
6.2102E+06 7.2347E+01 5.8244E+02 6.5643E+01 -3.0266E-02 1.8971E-05
5.5030E+06 -1.5331E+01 3.1470E+02 5.5526E+01 -4.2063E-02 4.9470E-05
6.6060E+06 6.2985E+01 6.0558E+02 9.3645E+01 -9.0793E-02 5.8916E-05
5.7033E+06 -8.2753E+01 3.5470E+02 3.8560E+01 -5.5658E-02 6.8581E-05
4.7723E+06 -2.0883E+02 6.3229E+02 3.8399E+01 1.0950E-01 -6.4019E-05
5.6798E+06 2.5181E+00 3.9790E+02 6.3828E+01 -6.8085E-02 6.3121E-05
4.9951E+06 5.3315E+00 4.0898E+02 6.2606E+01 -2.9116E-02 2.7919E-05
5.6339E+06 8.2058E+00 4.0300E+02 6.9910E+01 -7.9661E-02 7.1731E-05
5.8012E+06 -1.4084E+01 4.4811E+02 6.8618E+01 -5.7971E-02 4.7685E-05
5.7000E+06 -4.7322E+01 5.6713E+02 7.8266E+01 -5.4689E-02 4.1262E-05
5.6990E+06 2.2911E+01 3.1572E+02 5.5965E+01 -1.0585E-01 1.2052E-04
5.8313E+06 5.2051E+01 5.1290E+02 8.9557E+01 -1.0604E-01 6.5689E-05
6.2601E+06 -3.1524E+01 5.2554E+02 8.3473E+01 -5.5135E-02 3.4829E-05
5.9313E+06 -2.6704E+01 5.2494E+02 6.8646E+01 -2.5841E-02 2.4889E-05
6.9243E+06 -2.0310E+01 3.7057E+02 4.8252E+01 -4.1467E-02 4.1386E-05
5.7668E+06 -6.1553E+01 4.9584E+02 7.7201E+01 -5.2399E-02 4.6165E-05
6.7615E+06 -3.3545E+01 3.5982E+02 4.5820E+01 -5.9334E-02 6.5398E-05
5.3612E+06 -4.4199E+01 4.7209E+02 6.4784E+01 -1.1597E-02 1.1439E-05
5.7010E+06 1.4031E+01 3.3945E+02 5.5117E+01 -8.1167E-02 8.8916E-05
6.4611E+06 -3.5298E+00 5.8040E+02 1.0254E+02 -1.2555E-01 8.3698E-05
5.7398E+06 2.6569E+01 4.1666E+02 6.3344E+01 -5.2323E-02 5.4505E-05
5.4154E+06 -8.2394E+00 5.2277E+02 8.6934E+01 -2.5266E-02 -9.0951E-07
5.2746E+06 8.3267E+00 3.8093E+02 6.4249E+01 -4.0931E-02 4.0598E-05
5.5149E+06 -3.0274E+01 5.1798E+02 8.3400E+01 -4.7041E-02 3.8680E-05
5.3122E+06 -5.8629E+00 4.9898E+02 6.8926E+01 3.5113E-02 -2.6429E-05
6.1142E+06 2.1001E+02 6.3993E+02 9.6493E+01 -1.1632E-01 7.7208E-05
6.0989E+06 1.6513E+01 4.4880E+02 7.1304E+01 -6.3390E-02 4.5425E-05
5.9593E+06 -4.4671E+00 5.8353E+02 8.1786E+01 -3.4930E-02 1.5428E-05
6.0832E+06 1.9184E+01 5.8668E+02 8.2561E+01 -6.5688E-02 4.3560E-05
6.3148E+06 -1.2554E+01 3.8318E+02 5.6097E+01 -5.2489E-02 5.1032E-05
5.2628E+06 -4.4049E+01 3.2790E+02 5.0831E+01 -5.3792E-02 6.9799E-05
5.7840E+06 8.8175E+00 3.0910E+02 5.3502E+01 -7.9335E-02 9.3070E-05
5.6197E+06 1.7094E+01 3.4115E+02 6.6992E+01 -1.0120E-01 1.0215E-04
6.4125E+06 4.2057E+01 4.7749E+02 7.0780E+01 -8.6386E-02 6.5577E-05
5.9622E+06 -7.1159E+01 4.9478E+02 6.5561E+01 -2.9287E-02 2.0966E-05
5.6270E+06 -6.6667E+00 5.2547E+02 8.4071E+01 -4.5839E-02 3.2158E-05
4.2410E+06 -1.0137E+02 7.2691E+02 4.2429E+01 2.2263E-01 -1.6372E-04
6.0589E+06 6.5399E+01 6.4386E+02 1.1844E+02 -1.5233E-01 9.7469E-05
6.3287E+06 -7.4336E+01 4.3080E+02 5.5616E+01 -3.4384E-02 2.9871E-05
6.2888E+06 -1.6205E+01 5.1770E+02 7.5471E+01 -6.2158E-02 4.6173E-05
4.7555E+06 1.8761E+01 4.3348E+02 1.2827E+02 -2.2129E-01 1.4496E-04
6.3954E+06 -1.8470E+01 3.5384E+02 5.3324E+01 -6.2968E-02 6.5254E-05
6.5735E+06 6.5862E+01 6.3543E+02 8.0608E+01 -7.0861E-02 4.5211E-05
5.9229E+06 1.8325E+01 4.9628E+02 8.7239E+01 -1.1223E-01 7.5912E-05
5.1402E+06 4.2703E+01 3.7094E+02 9.1253E+01 -1.5207E-01 1.2119E-04
6.0640E+06 6.0892E+01 3.6974E+02 6.1888E+01 -9.6512E-02 9.3257E-05
6.2798E+06 -8.2378E+01 5.1187E+02 5.7338E+01 -9.0220E-03 1.1866E-05
5.8425E+06 3.3391E+01 5.8302E+02 9.0548E+01 -7.9695E-02 5.3473E-05
4.6614E+06 2.4347E+00 5.2931E+02 7.9606E+01 6.9272E-03 -1.6542E-05
5.6130E+06 -5.7540E+00 3.2189E+02 5.5713E+01 -7.8664E-02 8.6743E-05
6.0310E+06 1.1596E+01 5.7330E+02 6.2115E+01 -2.8506E-05 2.9385E-08
5.5795E+06 -6.3781E+00 5.1383E+02 9.0380E+01 -6.7611E-02 5.2398E-05
6.6409E+06 8.5349E+00 5.8655E+02 8.6336E+01 -8.5430E-02 5.8861E-05
5.8336E+06 -8.3011E-01 5.0323E+02 8.5859E+01 -6.1139E-02 4.2879E-05
6.2221E+06 -2.0419E+00 2.7044E+02 4.9830E+01 -9.3640E-02 1.1375E-04
6.0554E+06 1.6540E+01 5.4675E+02 9.0011E+01 -6.8834E-02 4.2151E-05
5.4884E+06 2.5745E+00 4.8813E+02 7.8506E+01 -3.8448E-02 3.1713E-05
6.0869E+06 -6.2801E+00 4.0654E+02 6.9820E+01 -7.6221E-02 6.5793E-05
5.5744E+06 7.7092E+01 3.8517E+02 7.5865E+01 -1.2872E-01 1.1219E-04
5.6098E+06 -3.5115E+01 4.7469E+02 7.1109E+01 -7.1285E-02 5.6383E-05
5.6844E+06 1.0182E+01 4.6422E+02 9.3347E+01 -1.0154E-01 7.3347E-05
6.0060E+06 1.8409E+02 7.1351E+02 9.6944E+01 -9.6357E-02 5.8109E-05
5.5120E+06 -9.9540E+01 5.0652E+02 6.6189E+01 -3.9420E-03 8.1972E-06
6.3606E+06 -5.1778E+01 5.3343E+02 7.4462E+01 -6.8284E-02 5.5474E-05
5.3835E+06 -8.0735E+01 3.9664E+02 4.9815E+01 -1.0016E-03 4.0148E-06
6.5653E+06 8.2214E+00 6.0794E+02 6.5639E+01 -3.1028E-02 1.8079E-05
5.6076E+06 -4.3360E+01 4.5074E+02 6.5762E+01 -2.1921E-02 3.7249E-05
6.1496E+06 -3.2185E+01 3.9781E+02 6.0228E+01 -4.9372E-02 4.5991E-05
5.3254E+06 -1.0007E+02 7.0696E+02 5.5343E+01 5.9086E-02 -5.3066E-05
5.4269E+06 -2.5585E+01 5.2176E+02 8.4932E+01 -3.0290E-02 1.2144E-05
5.2858E+06 6.2149E+00 3.9796E+02 7.8383E+01 -6.5522E-02 4.5606E-05
5.2212E+06 -2.3889E+01 4.9506E+02 8.4723E+01 -5.9138E-02 4.6913E-05
6.3109E+06 -2.9447E+01 3.4033E+02 3.4138E+01 8.4807E-05 8.4168E-09
5.6531E+06 -3.8715E+00 4.5718E+02 6.5940E+01 -3.0312E-02 2.5905E-05
6.2220E+06 4.6117E-01 2.7681E+02 5.3071E+01 -1.1358E-01 1.3249E-04
5.9978E+06 9.7241E+00 3.6226E+02 5.9159E+01 -7.1700E-02 7.1804E-05
5.2923E+06 4.0869E+01 3.9171E+02 6.8308E+01 -9.0330E-02 8.2938E-05
5.8408E+06 1.0248E+02 5.6177E+02 7.8402E+01 -8.4723E-02 6.9443E-05
5.5386E+06 5.9984E+01 5.7771E+02 8.3282E+01 -5.0270E-02 2.9973E-05
5.9057E+06 1.0935E+02 5.3822E+02 9.4519E+01 -1.3631E-01 9.8746E-05
6.1559E+06 7.3581E+01 3.6139E+02 6.0284E+01 -1.0105E-01 9.7353E-05
5.6772E+06 3.5196E+00 4.8155E+02 8.4744E+01 -7.4834E-02 5.5896E-05
5.9797E+06 -1.8281E+01 3.8903E+02 7.0829E+01 -7.8860E-02 6.7174E-05
6.0049E+06 3.0732E+01 4.8911E+02 8.7940E+01 -9.2691E-02 7.0447E-05
5.9007E+06 4.3797E+01 4.4834E+02 6.6371E+01 -7.3039E-02 6.3446E-05
5.1817E+06 6.6555E+00 3.9073E+02 7.2863E+01 -5.6599E-02 4.9218E-05
5.9975E+06 1.3001E+02 6.8429E+02 1.0058E+02 -1.1651E-01 7.6733E-05
5.9238E+06 1.3917E+01 4.6351E+02 7.9226E+01 -7.5915E-02 6.0808E-05
6.1237E+06 -1.2639E+02 5.3229E+02 5.0463E+01 -1.3476E-03 3.1042E-06
6.1163E+06 -1.7475E+01 3.6501E+02 6.3057E+01 -8.7554E-02 8.0398E-05
6.3370E+06 -2.3077E+01 5.4098E+02 7.4076E+01 -5.3120E-02 3.9813E-05
5.5605E+06 4.6112E+00 4.9016E+02 8.1562E+01 -1.1528E-01 9.2922E-05
6.0284E+06 -3.5886E+01 3.7867E+02 5.3169E+01 -4.9104E-02 5.6506E-05
6.0051E+06 3.4586E+01 4.1750E+02 7.7487E+01 -1.0343E-01 7.9314E-05
5.4908E+06 1.2035E+01 5.2674E+02 7.3161E+01 -4.7347E-02 3.5599E-05
5.6202E+06 2.7565E+01 6.0061E+02 8.1998E+01 -6.7145E-02 4.5882E-05
5.8432E+06 4.5511E+01 5.1348E+02 9.0170E+01 -8.6669E-02 5.6493E-05
5.5587E+06 -2.1845E+01 3.0874E+02 4.1087E+01 -3.0466E-02 7.1340E-05
5.4844E+06 -1.9953E+02 5.0258E+02 3.9133E+01 4.5341E-03 2.3235E-05
6.2139E+06 -3.4429E+01 4.4556E+02 6.4679E+01 -5.8331E-02 4.9614E-05
5.7886E+06 -2.0684E+01 3.7608E+02 5.6024E+01 -4.5978E-02 5.1233E-05
6.1925E+06 -1.2721E+00 3.7506E+02 5.0258E+01 -4.1656E-02 4.8337E-05
6.2021E+06 -1.5190E+00 5.4214E+02 6.6470E+01 -3.6753E-02 2.6942E-05
5.9360E+06 4.7260E+00 4.4799E+02 7.2788E+01 -5.9562E-02 5.2088E-05
6.5995E+06 -4.2481E+01 3.2949E+02 4.9712E+01 -6.5784E-02 7.0443E-05
5.4744E+06 -1.7975E-01 6.3093E+02 1.0454E+02 -1.0362E-01 6.5229E-05
5.9676E+06 9.3004E+00 4.6501E+02 5.6129E+01 -4.6622E-02 4.3133E-05
5.1899E+06 -1.2489E+02 5.5151E+02 2.7012E+01 6.3065E-02 -2.9270E-05
4.6054E+06 -1.8990E+01 5.3452E+02 1.0502E+02 -4.2926E-02 7.6610E-05
5.9108E+06 -5.3745E+01 4.8297E+02 5.2720E+01 -2.7867E-02 3.2837E-05
6.4970E+06 -3.9989E+00 5.0239E+02 8.0774E+01 -6.3314E-02 4.0173E-05
5.4109E+06 -9.5661E+01 4.4004E+02 4.1408E+01 3.3831E-02 -1.0856E-05
5.4230E+06 2.4694E+01 3.9215E+02 9.4917E+01 -1.6600E-01 1.2372E-04
6.0167E+06 4.1461E+01 6.0940E+02 7.4034E+01 -7.1500E-02 5.1227E-05
6.2888E+06 2.3075E+01 3.6904E+02 6.5730E+01 -1.1403E-01 1.0676E-04
4.2999E+06 -1.1798E+02 6.1121E+02 7.8697E+01 -3.9255E-02 7.5740E-06
5.8634E+06 1.1101E+00 4.9723E+02 8.0812E+01 -6.4687E-02 5.1942E-05
5.7113E+06 2.5475E+00 5.5564E+02 8.5008E+01 -5.5057E-02 3.7118E-05
6.1284E+06 1.1103E+02 6.7578E+02 9.1678E+01 -8.9689E-02 5.6510E-05
6.2740E+06 -4.2826E+01 6.0779E+02 8.3642E+01 -7.1020E-02 4.4567E-05
5.7302E+06 -1.9674E+01 5.3450E+02 9.2116E+01 -5.9082E-02 3.4409E-05
5.6833E+06 -2.0379E+01 5.4088E+02 9.2030E+01 -6.7282E-02 4.1415E-05
6.0858E+06 -2.5632E+01 4.5735E+02 6.3670E+01 -5.3770E-02 4.5977E-05
6.2106E+06 2.8973E+01 4.5165E+02 6.3329E+01 -7.3739E-02 6.2661E-05
5.6783E+06 -6.6661E+00 3.6927E+02 7.3593E+01 -8.5082E-02 7.2722E-05
6.1566E+06 -4.4501E+01 4.3325E+02 5.4727E+01 -4.0989E-02 3.8437E-05
5.9114E+06 2.0769E+01 2.9572E+02 5.5923E+01 -1.0903E-01 1.2366E-04
6.1885E+06 1.1913E+02 5.4457E+02 6.0728E+01 -6.6983E-02 5.2677E-05
5.5364E+06 -2.8864E+01 5.0176E+02 6.6936E+01 -8.0433E-02 5.7961E-05
5.8575E+06 -3.9187E+01 4.9112E+02 2.4189E+01 2.3372E-02 -2.7981E-06
5.2706E+06 3.0974E+00 4.6242E+02 8.7952E+01 -6.7857E-02 5.9484E-05
5.2106E+06 -7.7612E+00 3.5104E+02 6.0782E+01 -7.1755E-02 7.0867E-05
5.3684E+06 1.2041E+01 4.3346E+02 7.6324E+01 -7.8149E-02 6.2545E-05
5.7794E+06 -1.5008E+01 3.3445E+02 4.8866E+01 -5.2042E-02 6.2506E-05
5.2096E+06 -4.0024E+01 5.6184E+02 7.1014E+01 -2.7230E-03 -2.8962E-06
5.4968E+06 2.8035E+01 5.8259E+02 7.9817E+01 -3.2998E-02 2.9857E-05
5.4930E+06 1.5297E+01 2.7934E+02 6.1991E+01 -1.1170E-01 1.2514E-04
6.0836E+06 -5.9393E+00 5.5930E+02 8.1216E+01 -6.6885E-02 4.5823E-05
7.1874E+06 -1.5555E+01 5.5108E+02 6.1334E+01 -3.8171E-02 2.9113E-05
6.1038E+06 -6.5705E+00 5.8356E+02 6.0249E+01 -2.2989E-02 1.7575E-05
5.3285E+06 7.7649E+01 6.6656E+02 7.0641E+01 -9.6496E-03 7.5678E-06
7.1049E+06 -3.0357E+01 5.4797E+02 6.7633E+01 -3.7954E-02 2.4871E-05
6.3991E+06 -1.4540E+01 5.0165E+02 5.3753E+01 -4.4319E-02 3.7385E-05
5.2841E+06 -4.3364E+01 4.7077E+02 3.7969E+01 -1.1414E-03 1.4220E-05
5.5339E+06 -2.1652E+01 5.3786E+02 9.0953E+01 -8.6706E-02 5.9297E-05
5.8480E+06 7.4831E+01 5.8921E+02 1.0011E+02 -1.0801E-01 7.3767E-05
5.1192E+06 1.4038E+02 8.1643E+02 1.1063E+02 -1.1572E-01 1.2165E-04
6.1938E+06 -2.9872E+01 4.3917E+02 6.6597E+01 -6.8491E-02 5.4232E-05
5.4160E+06 5.2238E+01 5.5843E+02 7.2926E+01 -2.6954E-03 -6.3598E-06
5.9411E+06 6.5990E+01 4.2790E+02 6.3850E+01 -7.2989E-02 6.7537E-05
6.0579E+06 -2.6939E+00 5.0111E+02 8.1289E+01 -7.4990E-02 5.3171E-05
5.0331E+06 -5.0710E+00 4.5776E+02 8.7800E+01 -8.1326E-02 5.1571E-05
6.3030E+06 7.9259E+01 5.9006E+02 8.6794E+01 -8.4772E-02 5.7043E-05
6.2213E+06 1.3970E+02 6.4686E+02 7.6897E+01 -6.9303E-02 4.7219E-05
6.5117E+06 6.8046E+00 4.0500E+02 6.7073E+01 -9.6198E-02 8.5765E-05
6.2807E+06 4.6145E+01 3.6625E+02 5.8470E+01 -8.7863E-02 8.6314E-05
5.5731E+06 -3.4121E+01 5.6351E+02 6.1237E+01 -1.3505E-03 7.6519E-06
5.9850E+06 -8.5085E+01 5.2421E+02 4.7515E+01 1.5056E-02 1.7648E-06
5.8951E+06 -7.6469E-01 4.5558E+02 7.1705E+01 -5.8477E-02 4.2654E-05
5.9780E+06 8.5612E+01 4.3767E+02 7.6974E+01 -8.8697E-02 6.9027E-05
5.2424E+06 1.7653E+02 6.0836E+02 8.6832E+01 -9.5784E-02 9.4111E-05
5.8442E+06 1.2126E+01 4.4923E+02 8.1370E+01 -7.0316E-02 5.2553E-05
5.4086E+06 2.7672E+01 3.1874E+02 5.1606E+01 -6.3726E-02 8.3171E-05
5.2404E+06 -2.1116E+01 4.7318E+02 7.4898E+01 -4.2200E-02 2.5760E-05
6.0966E+06 -1.4533E+00 3.2681E+02 6.0090E+01 -9.7279E-02 1.0426E-04
5.8959E+06 8.3768E+01 5.5011E+02 8.0700E+01 -5.9180E-02 4.9281E-05
5.5962E+06 -3.5137E+00 2.8276E+02 5.1894E+01 -7.7699E-02 1.0440E-04
6.0002E+06 -3.9130E+01 5.4712E+02 6.6790E+01 -3.7847E-02 3.5910E-05
5.8491E+06 -3.7117E+01 3.9658E+02 5.3930E+01 -4.2130E-02 4.5905E-05
6.3268E+06 -4.2517E+01 4.8058E+02 4.9381E+01 -4.7934E-02 4.1731E-05
6.1780E+06 -1.6332E+01 4.3824E+02 6.5437E+01 -8.2881E-02 6.6583E-05
6.0344E+06 3.1045E+01 3.0847E+02 6.0657E+01 -1.2393E-01 1.2956E-04
6.3282E+06 -3.5393E+01 4.7851E+02 7.1329E+01 -5.0602E-02 3.9094E-05
6.7814E+06 -8.9930E+00 3.9186E+02 5.2600E+01 -6.9862E-02 6.1992E-05
5.1306E+06 -7.8219E-01 2.9903E+02 5.6769E+01 -8.4675E-02 1.0003E-04
5.8676E+06 6.5087E+00 3.2159E+02 6.1457E+01 -8.8052E-02 9.2406E-05
6.1694E+06 -3.7560E+01 3.7793E+02 5.7901E+01 -5.2025E-02 5.1060E-05
5.8254E+06 1.8099E+01 3.5481E+02 6.5331E+01 -1.0608E-01 1.0396E-04
6.4740E+06 -1.8618E+01 4.4047E+02 6.8233E+01 -5.7889E-02 4.3926E-05
5.7605E+06 1.7108E+02 7.0590E+02 1.1178E+02 -1.3803E-01 8.9684E-05
5.1506E+06 -4.8025E+01 4.9193E+02 8.4580E+01 -1.3296E-01 8.8397E-05
5.9148E+06 1.8003E+01 3.7870E+02 6.8982E+01 -9.1872E-02 8.3691E-05
6.3644E+06 1.4177E+02 6.4357E+02 9.9831E+01 -8.7757E-02 5.0704E-05
5.6210E+06 3.6642E+01 3.5110E+02 5.6762E+01 -7.5234E-02 9.2401E-05
5.9772E+06 5.4713E+01 5.2423E+02 6.4092E+01 -2.9389E-02 2.3164E-05
5.4258E+06 -7.4032E+01 5.5192E+02 6.9471E+01 -2.0073E-02 1.9081E-05
6.2530E+06 -2.1017E+01 4.5752E+02 6.6399E+01 -6.2498E-02 5.0589E-05
6.0003E+06 1.1197E+01 3.7383E+02 6.1054E+01 -9.8838E-02 9.2057E-05
6.3208E+06 1.0281E+01 3.2619E+02 4.6307E+01 -7.6617E-02 9.2029E-05
5.8719E+06 -2.5765E+01 3.0373E+02 5.0824E+01 -8.2017E-02 9.4458E-05
6.0254E+06 -2.0875E+01 5.3317E+02 8.6708E+01 -9.6902E-02 6.6344E-05
5.6847E+06 5.3921E+01 5.1512E+02 8.3815E+01 -6.6206E-02 5.3657E-05
5.3118E+06 5.2673E+01 4.5974E+02 7.5181E+01 -4.8087E-02 3.4639E-05
6.0901E+06 2.0168E+01 6.1040E+02 9.3989E+01 -9.1718E-02 6.5853E-05
6.1017E+06 5.4720E+01 5.7717E+02 1.0750E+02 -1.1744E-01 7.6394E-05
6.0685E+06 1.5152E+02 5.4189E+02 7.0039E+01 -6.2987E-02 4.9670E-05
5.6673E+06 -7.2366E+00 5.6496E+02 9.8940E+01 -7.8201E-02 4.6191E-05
5.6946E+06 8.9730E+01 4.9666E+02 8.3082E+01 -1.2813E-01 1.1584E-04
5.7846E+06 1.8917E+01 6.0895E+02 8.6309E+01 -7.5204E-02 5.2276E-05
5.4380E+06 -2.7873E+01 3.6508E+02 5.8987E+01 -3.0630E-02 3.3660E-05
5.7932E+06 -8.9184E+00 3.0228E+02 4.6858E+01 -6.4668E-02 8.7360E-05
6.0116E+06 -6.7230E+01 7.0729E+02 3.5185E+01 -1.4336E-02 2.0532E-05
5.6518E+06 -7.6386E+01 5.0884E+02 6.8315E+01 -1.1929E-02 1.9699E-06
5.8689E+06 -3.6493E+01 4.8539E+02 7.7445E+01 -7.5593E-02 7.6024E-05
6.3414E+06 -3.2842E+01 4.0106E+02 5.9011E+01 -5.8281E-02 5.2120E-05
5.8654E+06 4.0620E+01 6.4671E+02 8.3730E+01 -3.7076E-02 1.7592E-05
5.9314E+06 -9.8166E+00 3.3313E+02 5.8377E+01 -8.3486E-02 8.6847E-05
5.9579E+06 -1.1541E+01 3.6359E+02 6.5759E+01 -9.6510E-02 8.8455E-05
5.7380E+06 7.4927E+01 4.1361E+02 5.9058E+01 -7.4669E-02 7.5269E-05
6.0037E+06 -2.6447E+01 5.7183E+02 9.4816E+01 -1.0146E-01 7.0433E-05
5.6172E+06 4.3552E+01 4.1621E+02 6.0403E+01 -6.7651E-02 6.9851E-05
5.5270E+06 -6.0937E+01 4.3041E+02 5.0604E+01 -2.4899E-02 3.4359E-05
5.4136E+06 -5.6292E-01 3.8439E+02 6.6211E+01 -4.4124E-02 3.7482E-05
6.0542E+06 1.4558E+02 7.1782E+02 7.8548E+01 -5.1502E-02 3.1885E-05
5.8932E+06 4.1831E+01 5.3917E+02 9.1463E+01 -1.0818E-01 6.7959E-05
5.0497E+06 -2.2812E-01 4.6020E+02 7.6585E+01 -3.4013E-02 3.2408E-05
6.5655E+06 4.5025E+00 4.7376E+02 6.2643E+01 -5.1740E-02 4.0172E-05
5.8488E+06 2.8195E+01 5.1353E+02 4.0978E+01 -1.5660E-02 2.7328E-05
5.6839E+06 3.3164E+00 5.3762E+02 9.4846E+01 -8.1337E-02 6.0007E-05
5.3029E+06 4.7659E+01 5.1930E+02 8.7042E+01 -7.6216E-02 7.1203E-05
5.8965E+06 3.0855E+01 3.6433E+02 6.6772E+01 -9.5743E-02 8.5524E-05
5.9819E+06 -1.4411E+01 4.9191E+02 8.8347E+01 -7.9742E-02 5.9444E-05
5.6088E+06 3.5355E+01 4.2506E+02 6.2631E+01 -6.4758E-02 5.9636E-05
5.6160E+06 1.1463E+02 6.2957E+02 9.8765E+01 -9.7825E-02 6.0160E-05
5.6950E+06 8.0472E+01 4.5290E+02 7.1176E+01 -7.6684E-02 5.7436E-05
6.2208E+06 1.3276E+02 7.1331E+02 1.4222E+02 -1.7359E-01 9.2930E-05
5.8321E+06 -1.8560E+01 4.2784E+02 7.4934E+01 -4.9912E-02 4.7551E-05
5.8956E+06 1.9379E-01 3.6702E+02 5.8840E+01 -4.4841E-02 4.9217E-05
5.4688E+06 -1.7978E+01 4.8598E+02 7.7463E+01 -3.8350E-02 4.0501E-05
5.3863E+06 -1.4285E+01 6.1267E+02 6.3017E+01 -1.0516E-02 1.0772E-05
5.7670E+06 4.3261E+01 5.5074E+02 7.0104E+01 -2.9543E-02 2.2979E-05
5.7253E+06 4.5768E+00 6.3265E+02 5.6605E+01 -1.0867E-02 1.7536E-05
6.3197E+06 2.1054E+00 3.9476E+02 6.7865E+01 -8.9237E-02 7.4610E-05
6.4679E+06 -6.7858E+01 6.0053E+02 5.1548E+01 -1.0452E-02 1.4259E-05
5.7973E+06 1.0696E+02 5.0817E+02 8.8098E+01 -1.1353E-01 7.3826E-05
6.1050E+06 8.6719E+01 6.1475E+02 1.1164E+02 -1.5506E-01 9.5458E-05
5.8343E+06 7.2291E+00 3.8594E+02 6.3206E+01 -7.5335E-02 7.0238E-05
5.6355E+06 5.1859E+01 7.0998E+02 2.1761E+02 -3.1814E-01 1.5578E-04
5.7923E+06 1.5649E+02 7.0082E+02 1.3612E+02 -2.0679E-01 1.3397E-04
5.3927E+06 1.8463E+01 4.1133E+02 6.3366E+01 -3.0969E-02 3.5283E-05
5.7346E+06 -8.9985E+00 4.6853E+02 8.8779E+01 -9.3117E-02 6.7736E-05
6.9155E+06 2.0324E+02 7.3881E+02 1.0352E+02 -1.4977E-01 8.9102E-05
6.2827E+06 3.8733E+01 5.4054E+02 9.5489E+01 -1.0054E-01 6.9082E-05
5.9291E+06 1.1049E+02 6.0699E+02 9.8491E+01 -1.3489E-01 1.0766E-04
6.0292E+06 -2.1832E+01 5.5225E+02 8.8582E+01 -7.5403E-02 4.7535E-05
5.3926E+06 -1.4963E+02 2.7107E+02 1.3066E+01 4.7543E-02 6.3937E-06
6.2241E+06 1.5609E+02 7.1924E+02 1.0054E+02 -9.4350E-02 5.8758E-05
6.0006E+06 -5.3038E+01 4.1751E+02 5.9402E+01 -4.3619E-02 3.7573E-05
5.3619E+06 -3.1811E+01 4.1899E+02 4.7544E+01 -6.1405E-03 1.8721E-05
4.7520E+06 -1.8677E+01 4.8839E+02 5.3297E+01 -5.5654E-05 -1.2030E-05
5.8342E+06 1.8492E+02 6.1771E+02 1.0408E+02 -1.2622E-01 7.7113E-05
6.1143E+06 1.8350E+01 4.9422E+02 8.6758E+01 -9.1101E-02 6.5067E-05
6.3374E+06 9.7138E+00 3.1962E+02 5.6966E+01 -8.6387E-02 9.2499E-05
5.9922E+06 4.7069E+01 4.0878E+02 5.8200E+01 -5.9207E-02 5.4847E-05
5.6744E+06 7.5193E+01 5.2377E+02 5.1991E+01 -2.0089E-02 2.4195E-05
6.0530E+06 2.0676E+00 2.8959E+02 5.3564E+01 -9.1564E-02 1.0855E-04
5.6408E+06 1.3051E+02 6.7646E+02 1.3734E+02 -1.4448E-01 8.3371E-05
5.2161E+06 -2.5419E+01 4.3275E+02 7.5289E+01 -4.1878E-02 4.4666E-05
5.7378E+06 9.1305E+01 4.0902E+02 7.5023E+01 -1.0855E-01 9.1802E-05
6.2095E+06 2.2596E+01 3.8179E+02 6.7673E+01 -8.9223E-02 7.5832E-05
5.8638E+06 -2.9113E+00 4.0903E+02 5.9892E+01 -4.8109E-02 4.9067E-05
6.5953E+06 1.6006E+02 7.0863E+02 1.0832E+02 -1.1950E-01 6.8189E-05
5.8473E+06 2.0861E+01 3.7634E+02 7.2758E+01 -1.0287E-01 8.8256E-05
6.0406E+06 5.2169E+01 5.4516E+02 8.3805E+01 -5.4749E-02 3.1491E-05
5.7349E+06 1.7079E+02 6.8473E+02 9.6446E+01 -7.4584E-02 4.1016E-05
5.9964E+06 2.4200E+01 3.7855E+02 6.3158E+01 -9.3343E-02 9.0423E-05
6.1205E+06 -3.1705E+01 4.9422E+02 5.5615E+01 -3.6812E-02 2.9593E-05
6.1350E+06 -1.2507E+01 5.4262E+02 8.4419E+01 -6.3943E-02 3.8936E-05
5.4474E+06 -5.0829E+01 4.2271E+02 4.8498E+01 -1.7608E-02 2.8829E-05
6.1013E+06 5.7792E+01 4.4925E+02 5.3540E+01 -5.4035E-02 4.9438E-05
5.2626E+06 -6.6502E+00 3.6107E+02 5.6855E+01 -5.8461E-02 6.6712E-05
6.3862E+06 1.8673E+02 7.3257E+02 1.2405E+02 -1.4530E-01 8.2397E-05
5.8043E+06 1.3279E+01 5.2729E+02 7.1314E+01 -5.1419E-02 4.3693E-05
5.6673E+06 -1.7043E+02 6.2232E+02 3.7832E+01 2.5758E-02 -1.1006E-05
6.0471E+06 2.3953E+01 3.8992E+02 6.5676E+01 -6.4146E-02 5.6157E-05
5.1652E+06 -1.8999E+02 4.8620E+02 2.3762E+01 5.9831E-02 -3.8201E-05
6.1039E+06 4.4272E+00 4.1966E+02 7.1253E+01 -7.9497E-02 6.6189E-05
6.2604E+06 2.7662E+01 4.7857E+02 7.4057E+01 -8.7934E-02 7.5200E-05
4.2090E+06 -3.7539E+01 6.0858E+02 9.5666E+01 2.4572E-02 2.2611E-05
6.3305E+06 9.1620E+00 3.6198E+02 5.3530E+01 -7.3159E-02 7.7035E-05
5.7261E+06 1.2720E+01 5.0206E+02 8.1730E+01 -7.0986E-02 5.5317E-05
6.5607E+06 -3.2415E+01 3.4194E+02 5.3134E+01 -8.0514E-02 7.6569E-05
5.8475E+06 -2.4390E+01 4.8559E+02 7.1131E+01 -7.1844E-02 5.6875E-05
5.2297E+06 -4.0401E+01 4.6999E+02 6.8627E+01 -9.4687E-02 7.5495E-05
5.7266E+06 -4.4941E+01 5.6354E+02 6.4505E+01 -4.3338E-02 3.4116E-05
5.8333E+06 4.0713E+01 4.8626E+02 7.0470E+01 -6.2042E-02 4.9389E-05
5.5770E+06 -8.8180E+00 4.9484E+02 8.0013E+01 -5.6321E-02 4.6867E-05
6.3671E+06 2.2630E+02 7.1737E+02 8.1847E+01 -7.7111E-02 4.1766E-05
5.5572E+06 -3.8755E+01 5.1167E+02 7.4673E+01 -1.7459E-02 1.0010E-05
5.7639E+06 1.3776E+01 5.3595E+02 8.0421E+01 -5.9608E-02 4.6274E-05
5.8258E+06 3.3205E+01 5.5638E+02 8.5563E+01 -6.0261E-02 3.7613E-05
5.9861E+06 4.6031E+01 6.4948E+02 9.9213E+01 -6.2113E-02 2.7965E-05
6.0769E+06 5.6618E+01 5.2029E+02 7.7252E+01 -6.3708E-02 4.5950E-05
5.9519E+06 -3.5869E+01 5.3657E+02 8.2627E+01 -3.8967E-02 2.5227E-05
5.8255E+06 7.8183E+00 5.7744E+02 9.5081E+01 -1.0704E-01 7.0176E-05
4.8460E+06 4.5414E+01 5.6721E+02 9.8265E+01 -7.3627E-02 4.3639E-05
6.1945E+06 4.7295E+01 3.4412E+02 5.9462E+01 -1.1513E-01 1.1686E-04
5.3587E+06 4.1878E+00 5.4128E+02 9.7766E+01 -9.7490E-02 5.8449E-05
5.5771E+06 1.6655E+01 3.4978E+02 6.9809E+01 -1.0742E-01 9.8388E-05
6.3028E+06 -1.1637E+02 5.7084E+02 3.9175E+01 6.8033E-06 2.4236E-06
5.2490E+06 3.4851E+01 3.6822E+02 5.6915E+01 -5.7572E-02 6.6214E-05
5.0631E+06 1.7453E+01 5.4308E+02 8.8687E+01 -2.1368E-02 -3.2350E-06
5.7301E+06 -2.5466E+01 3.6585E+02 4.5671E+01 -3.3720E-02 4.7803E-05
5.6052E+06 2.1830E+01 3.0986E+02 5.5209E+01 -8.2046E-02 9.8368E-05
5.6412E+06 7.0593E+01 5.7738E+02 8.2961E+01 -4.9162E-02 3.1288E-05
5.7973E+06 -2.6167E+01 4.3642E+02 6.7972E+01 -6.3979E-02 5.4771E-05
5.2262E+06 -8.7913E+00 4.5038E+02 6.8809E+01 -8.0657E-02 7.0415E-05
6.3070E+06 2.6045E+00 5.1641E+02 8.4952E+01 -9.2584E-02 6.7364E-05
6.0814E+06 -5.4138E+01 4.8541E+02 6.0654E+01 -3.2252E-02 3.1345E-05
5.8515E+06 4.0412E+01 4.9106E+02 6.5442E+01 -5.1077E-02 4.1261E-05
5.4426E+06 6.3031E+01 4.4785E+02 6.1827E+01 -7.1599E-02 6.5492E-05
6.1408E+06 5.0631E+01 6.0488E+02 8.4985E+01 -6.2341E-02 3.7428E-05
6.1384E+06 1.9944E+02 7.0299E+02 1.1810E+02 -1.4517E-01 8.4599E-05
5.6129E+06 -1.1196E+02 5.5719E+02 7.4314E+01 -2.7279E-02 1.8639E-05
5.8271E+06 8.8367E+01 6.9767E+02 8.1171E+01 -5.7943E-02 4.3490E-05
5.6969E+06 1.2463E+02 4.9006E+02 8.1136E+01 -9.5441E-02 6.2094E-05
5.9654E+06 -1.1695E+01 4.8942E+02 5.9068E+01 -4.4512E-02 3.8346E-05
6.1806E+06 8.9352E+00 3.0322E+02 5.5064E+01 -1.0755E-01 1.1889E-04
5.3147E+06 -1.4638E+00 3.3571E+02 6.5614E+01 -7.1634E-02 7.4493E-05
5.1433E+06 -2.6737E+01 4.4159E+02 6.6301E+01 -4.4800E-02 5.4530E-05
5.3946E+06 -9.6859E+00 2.8570E+02 4.1641E+01 -4.9869E-02 8.3389E-05
5.8907E+06 5.7787E+00 5.4067E+02 8.6249E+01 -5.5099E-02 3.5170E-05
5.5923E+06 -7.3517E+00 3.4131E+02 6.7267E+01 -9.1834E-02 9.1432E-05
5.8404E+06 -1.4950E+01 4.3396E+02 5.8923E+01 -4.9366E-02 5.0476E-05
6.1280E+06 1.8543E+01 5.8515E+02 9.6087E+01 -8.6483E-02 5.3077E-05
5.4016E+06 4.1915E+01 5.1416E+02 8.3998E+01 -4.7950E-02 2.9261E-05
6.0488E+06 3.4701E+01 3.9426E+02 6.6856E+01 -8.7551E-02 7.9017E-05
5.1081E+06 -5.0972E-01 6.7339E+02 7.3405E+01 1.4078E-02 -1.2434E-05
6.1557E+06 -7.4050E+00 4.0507E+02 5.6559E+01 -5.7945E-02 4.8758E-05
5.6288E+06 -3.2985E+01 3.8837E+02 4.7761E+01 5.3134E-04 1.4063E-06
5.8847E+06 -5.0659E+01 4.6215E+02 5.7406E+01 -3.6414E-05 -1.5777E-09
6.2910E+06 2.1931E+01 5.3897E+02 8.2579E+01 -7.9023E-02 5.6194E-05
5.6881E+06 5.2219E+01 4.0124E+02 7.5694E+01 -1.2425E-01 1.0562E-04
5.6819E+06 -2.8967E+01 4.8126E+02 5.8441E+01 -2.7355E-02 2.6599E-05
6.3696E+06 4.3045E+01 3.3572E+02 5.6504E+01 -1.1625E-01 1.2106E-04
5.7236E+06 -8.3621E+00 3.2421E+02 6.0213E+01 -6.5119E-02 6.7939E-05
4.9936E+06 6.0237E+00 3.9826E+02 5.5205E+01 -4.1945E-02 4.9156E-05
5.5247E+06 -2.9432E+01 4.4186E+02 7.2892E+01 -2.8083E-02 2.7118E-05
5.7300E+06 8.8690E+01 5.4726E+02 7.9425E+01 -6.3900E-02 4.9775E-05
5.0929E+06 5.2599E+01 4.8186E+02 4.3024E+01 3.5244E-02 -1.6889E-05
5.4655E+06 -1.2137E+01 3.6354E+02 7.0074E+01 -8.3587E-02 6.8726E-05
5.6449E+06 1.0800E+01 5.6091E+02 1.0047E+02 -8.0156E-02 4.9235E-05
5.3400E+06 -2.5052E+01 5.6021E+02 5.8193E+01 -4.0718E-02 3.6489E-05
5.9640E+06 6.7591E+01 5.4581E+02 7.4367E+01 -5.1405E-02 3.7812E-05
5.7317E+06 -1.9317E+00 5.3721E+02 6.5392E+01 -6.3049E-02 5.1154E-05
6.1522E+06 4.6328E+01 3.4950E+02 5.1637E+01 -7.8448E-02 8.2755E-05
6.0704E+06 8.7494E+01 5.1796E+02 5.3900E+01 -1.9424E-02 1.8200E-05
5.8281E+06 5.6387E+01 3.9724E+02 5.9793E+01 -7.5320E-02 7.5867E-05
5.3992E+06 9.2544E+01 5.8905E+02 9.5813E+01 -8.2385E-02 5.9929E-05
6.0146E+06 4.2046E+00 5.6266E+02 8.9121E+01 -7.8995E-02 5.5341E-05
5.8998E+06 7.8828E+01 6.1304E+02 1.0881E+02 -1.0799E-01 7.2297E-05
5.6747E+06 4.2302E+01 5.0067E+02 8.2212E+01 -6.0931E-02 4.9309E-05
5.6592E+06 -2.7430E+02 4.2687E+02 2.4134E+01 1.7456E-02 6.5680E-06
6.0071E+06 1.0460E+01 3.8119E+02 5.7090E+01 -5.6728E-02 6.1272E-05
6.6170E+06 2.8220E+01 5.3499E+02 6.7462E+01 -6.0170E-02 4.1627E-05
5.9678E+06 5.7716E+00 2.9006E+02 4.9291E+01 -7.9838E-02 1.0003E-04
5.5771E+06 7.0845E+01 4.9344E+02 7.2666E+01 -7.8741E-02 6.0573E-05
5.6077E+06 -5.7766E+01 5.7535E+02 8.0421E+01 -2.3615E-02 6.1377E-06
5.9300E+06 -2.7615E+01 4.1322E+02 5.4524E+01 -2.4230E-02 2.6893E-05
5.7515E+06 -7.7802E+00 2.8092E+02 4.9946E+01 -7.5450E-02 9.4316E-05
5.5690E+06 2.8079E+01 5.4245E+02 7.9908E+01 -9.7749E-02 6.2399E-05
5.9470E+06 5.1870E+01 3.5859E+02 6.0648E+01 -1.1234E-01 1.0944E-04
5.5758E+06 -3.6808E+00 5.4364E+02 8.1504E+01 -6.7862E-02 4.1516E-05
6.0876E+06 2.1926E+00 3.8906E+02 5.8140E+01 -5.4341E-02 5.2079E-05
5.6811E+06 2.0746E+01 5.4616E+02 7.7703E+01 -7.4486E-02 4.9444E-05
6.1958E+06 -4.4449E+01 5.4886E+02 7.3166E+01 -4.8484E-02 3.1859E-05
5.7353E+06 2.5325E+01 4.2135E+02 6.0892E+01 -4.4777E-02 3.9467E-05
6.3623E+06 -1.0277E+02 4.7222E+02 5.4895E+01 -1.7548E-02 2.0437E-05
6.1041E+06 2.7472E+01 5.6659E+02 7.3578E+01 -5.8236E-02 4.3940E-05
5.8827E+06 -1.7898E+01 4.8503E+02 6.2243E+01 -1.9166E-02 1.6428E-05
6.0786E+06 8.5105E+01 4.5888E+02 5.1788E+01 -5.5658E-02 6.1758E-05
5.6389E+06 -2.4484E+01 3.8318E+02 7.0338E+01 -8.9441E-02 7.7129E-05
6.2264E+06 -3.9101E+00 4.5627E+02 7.1823E+01 -6.0488E-02 4.6065E-05
6.2675E+06 2.0403E+01 5.3033E+02 5.5954E+01 -4.6367E-02 3.7544E-05
6.0416E+06 3.4479E+01 3.3601E+02 6.3725E+01 -1.0941E-01 1.0907E-04
5.6187E+06 -1.0394E+01 2.9895E+02 5.2471E+01 -8.3676E-02 1.0180E-04
5.8858E+06 -1.2713E+02 4.9447E+02 3.1811E+01 -8.7657E-03 1.6816E-05
5.7261E+06 -2.0622E+01 4.4933E+02 7.5307E+01 -5.8503E-02 4.3168E-05
5.8507E+06 3.7947E+01 4.5129E+02 5.4913E+01 -5.3527E-02 5.3242E-05
5.9296E+06 1.0403E+01 3.0002E+02 5.1394E+01 -6.7675E-02 8.2845E-05
5.9542E+06 -1.5663E+01 4.5638E+02 7.7104E+01 -8.3969E-02 6.2838E-05
6.0310E+06 5.1560E+01 6.2000E+02 1.0466E+02 -1.3391E-01 8.1058E-05
6.0443E+06 2.6438E+01 3.8439E+02 6.7648E+01 -1.0434E-01 9.4500E-05
5.8201E+06 2.0823E+01 4.9103E+02 7.4287E+01 -3.8052E-02 2.4019E-05
5.7517E+06 2.2218E+01 5.0469E+02 4.7090E+01 -5.8933E-02 7.1785E-05
5.7357E+06 3.8343E+00 3.9397E+02 6.4346E+01 -6.4106E-02 6.3096E-05
6.1937E+06 -3.7832E+01 4.7435E+02 7.3056E+01 -5.4840E-02 3.9612E-05
5.5315E+06 9.2277E+01 4.4159E+02 6.2279E+01 -5.3888E-02 5.4210E-05
5.0976E+06 -5.6150E+01 4.2078E+02 6.4290E+01 -4.6450E-02 5.8495E-05
5.9213E+06 -2.6353E+01 5.0003E+02 9.1840E+01 -9.1524E-02 6.2295E-05
6.0796E+06 1.4792E+02 6.5737E+02 1.0861E+02 -1.2130E-01 7.7889E-05
6.1875E+06 -5.8943E+01 4.8142E+02 7.1412E+01 -4.9140E-02 3.7386E-05
6.1227E+06 1.1409E+02 6.4991E+02 8.4532E+01 -5.6575E-02 3.2579E-05
5.5642E+06 7.8016E+01 5.8687E+02 9.1562E+01 -1.0857E-01 7.4251E-05
5.5010E+06 -2.4915E+01 6.4778E+02 8.4581E+01 -8.2591E-02 7.0011E-05
5.6545E+06 3.8604E+01 4.3341E+02 6.0091E+01 -5.2524E-02 4.4377E-05
5.8301E+06 2.2788E+01 3.2473E+02 5.9250E+01 -9.7861E-02 1.0258E-04
6.3345E+06 7.2219E+00 3.2563E+02 4.9184E+01 -8.8512E-02 9.8170E-05
5.7440E+06 3.5637E+01 3.8382E+02 5.7058E+01 -7.3772E-02 7.2682E-05
5.1069E+06 -2.7940E+00 4.0986E+02 8.7378E+01 -8.0926E-02 6.0166E-05
6.2449E+06 -1.3175E-01 3.3987E+02 5.6628E+01 -9.7376E-02 9.9123E-05
5.4292E+06 1.2992E+02 7.4304E+02 9.1090E+01 -7.7238E-02 4.6626E-05
5.7509E+06 1.3030E+02 5.6139E+02 8.0173E+01 -8.8244E-02 6.4265E-05
6.1305E+06 4.2550E+01 5.6105E+02 1.0054E+02 -9.9987E-02 6.5554E-05
5.4054E+06 -1.3732E+02 4.9105E+02 4.4076E+01 -1.6502E-03 6.5321E-06
5.7035E+06 2.8950E+01 3.5875E+02 5.6462E+01 -8.0961E-02 8.4089E-05
5.1651E+06 2.9479E+01 3.8003E+02 6.1031E+01 -8.4497E-02 8.9302E-05
5.1913E+06 -1.6493E+01 5.9382E+02 8.5077E+01 -3.2726E-02 2.5206E-05
5.2959E+06 1.2094E+01 5.4215E+02 1.0031E+02 -8.7557E-02 7.1733E-05
5.1756E+06 -5.0955E+00 3.8090E+02 7.7795E+01 -1.0201E-01 7.1942E-05
6.1776E+06 2.1841E+01 3.4930E+02 5.3461E+01 -8.8922E-02 9.3334E-05
5.2172E+06 3.3261E+00 3.9182E+02 5.4355E+01 -6.7636E-03 8.9763E-06
5.5248E+06 -1.5153E+02 4.7520E+02 4.1914E+01 2.2738E-02 -1.4921E-05
5.7082E+06 -3.7551E+01 4.2159E+02 5.3727E+01 -1.1831E-02 1.1076E-05
5.4801E+06 7.9900E+01 5.6810E+02 1.1102E+02 -1.2761E-01 6.7223E-05
6.2713E+06 1.6496E-01 5.8837E+02 8.7677E+01 -9.0824E-02 6.0545E-05
6.2640E+06 -2.5223E+01 5.3318E+02 6.9565E+01 -5.6995E-02 3.9625E-05
5.8555E+06 1.6040E+01 5.2930E+02 7.9248E+01 -5.6087E-02 3.5255E-05
6.1932E+06 -2.2907E+01 4.3610E+02 7.1439E+01 -6.6244E-02 5.2215E-05
5.8223E+06 -1.7269E+01 3.7541E+02 6.4362E+01 -7.1730E-02 7.7417E-05
5.0057E+06 -8.2126E+00 2.8792E+02 5.6906E+01 -7.7784E-02 9.5700E-05
5.7997E+06 2.2988E+02 7.9218E+02 1.4250E+02 -1.6881E-01 9.4525E-05
6.2065E+06 6.6695E+01 6.1489E+02 9.2647E+01 -8.6877E-02 5.8012E-05
5.7304E+06 -2.0890E+01 4.6376E+02 6.5278E+01 -4.6918E-02 4.8299E-05
5.9915E+06 -1.4169E+01 4.7588E+02 7.8815E+01 -7.1225E-02 5.3405E-05
6.1717E+06 1.1591E+02 5.1106E+02 7.8553E+01 -1.0533E-01 8.1848E-05
6.1554E+06 9.9057E+01 5.7651E+02 9.0208E+01 -9.6405E-02 7.9177E-05
5.5634E+06 3.1464E+01 5.3056E+02 8.9939E+01 -8.3120E-02 6.3309E-05
5.4042E+06 -1.0919E+01 3.7712E+02 6.2917E+01 -4.4791E-02 5.2282E-05
5.7926E+06 -1.2314E+01 4.6874E+02 7.2434E+01 -6.3847E-02 5.9064E-05
5.8612E+06 5.9723E+01 3.7760E+02 7.0757E+01 -1.1925E-01 1.0878E-04
6.2639E+06 3.1736E+01 5.9862E+02 8.4963E+01 -6.4413E-02 3.6799E-05
5.1160E+06 8.9596E+00 3.2760E+02 6.6015E+01 -8.5798E-02 8.6865E-05
5.8695E+06 3.7870E+01 3.4781E+02 5.9131E+01 -9.2596E-02 9.5294E-05
5.8241E+06 -2.9867E+01 4.9011E+02 7.7892E+01 -6.4742E-02 5.1100E-05
6.4105E+06 -9.8680E+01 4.6893E+02 5.8137E+01 -3.8131E-02 3.0965E-05
6.0518E+06 -9.7001E-01 3.3177E+02 5.9878E+01 -8.7708E-02 8.8696E-05
5.6654E+06 2.5111E+01 4.8379E+02 8.3178E+01 -5.0365E-02 3.0554E-05
6.6674E+06 -1.5957E+00 4.3237E+02 6.2972E+01 -5.6550E-02 4.1954E-05
5.8943E+06 -1.6183E+01 3.8823E+02 5.8894E+01 -8.9595E-02 8.1144E-05
5.3749E+06 4.2067E+01 3.8831E+02 6.1684E+01 -4.4129E-02 4.0344E-05
5.7137E+06 3.3641E+01 6.1087E+02 1.0538E+02 -7.5379E-02 4.0021E-05
6.0820E+06 3.7221E+01 3.4063E+02 6.3298E+01 -1.1417E-01 1.1003E-04
5.3983E+06 1.3008E+01 3.3878E+02 5.4747E+01 -7.8774E-02 8.8869E-05
5.8577E+06 -4.7547E+01 4.5808E+02 7.0230E+01 -4.4779E-02 3.3559E-05
5.6037E+06 -1.3604E+01 5.1563E+02 9.0955E+01 -6.8928E-02 4.3818E-05
5.4941E+06 1.2833E+02 4.7184E+02 7.5222E+01 -9.9787E-02 7.6405E-05
5.5246E+06 -4.7801E+01 5.2868E+02 9.1859E+01 -7.2826E-02 4.3195E-05
6.4409E+06 3.8407E+01 5.9558E+02 8.6064E+01 -7.5162E-02 5.3702E-05
6.1287E+06 -4.1166E+01 5.0990E+02 7.3478E+01 -6.6208E-02 5.4555E-05
5.9096E+06 2.3805E+01 5.5421E+02 7.9179E+01 -4.5525E-02 3.0455E-05
5.4596E+06 -1.6116E+02 5.0157E+02 2.9885E+01 5.0015E-02 -2.3534E-05
5.6144E+06 -1.7719E+01 3.2620E+02 4.7522E+01 -3.5755E-02 4.6281E-05
5.9404E+06 -9.6648E+01 4.5003E+02 5.5493E+01 -3.3309E-02 3.9527E-05
5.6819E+06 2.1048E+01 4.3135E+02 7.8158E+01 -8.0883E-02 6.0462E-05
6.3541E+06 4.7856E+01 4.1836E+02 8.2035E+01 -1.4137E-01 1.2293E-04
6.3470E+06 -3.8167E+00 4.5749E+02 7.9079E+01 -7.2802E-02 5.4004E-05
5.8407E+06 -1.9640E+01 3.9233E+02 5.9415E+01 -4.0575E-02 4.2272E-05
6.2910E+06 3.3966E+01 6.1280E+02 9.4798E+01 -8.8414E-02 5.4183E-05
5.3363E+06 2.6939E+01 3.2256E+02 6.0591E+01 -1.0189E-01 1.1147E-04
5.7097E+06 4.5505E+00 4.4060E+02 6.6758E+01 -5.2321E-02 4.7198E-05
6.1373E+06 -8.5850E+00 3.8221E+02 6.0636E+01 -7.8308E-02 7.4422E-05
5.7376E+06 7.2198E+01 4.7699E+02 6.5502E+01 -5.1741E-02 4.0271E-05
5.6389E+06 1.2902E+02 5.2060E+02 8.9214E+01 -1.0169E-01 6.3337E-05
5.6794E+06 2.6868E+01 5.1450E+02 7.8290E+01 -8.8943E-02 7.4892E-05
4.6046E+06 6.1668E+01 8.1864E+02 2.2014E+02 -2.5954E-01 9.7106E-05
5.4366E+06 3.2618E-01 5.7694E+02 1.0325E+02 -8.2797E-02 4.9724E-05
5.7299E+06 1.2017E+02 4.4926E+02 7.6881E+01 -1.2032E-01 9.5662E-05
6.1862E+06 2.6177E+01 4.2009E+02 7.6702E+01 -1.1453E-01 9.8579E-05
5.2747E+06 4.3007E+01 5.1436E+02 8.2298E+01 -4.1873E-02 2.1912E-05
5.3740E+06 1.7548E+01 3.2128E+02 7.2446E+01 -1.1473E-01 1.1453E-04
5.7239E+06 -7.2196E+01 3.8654E+02 5.6359E+01 -2.8127E-02 3.6818E-05
5.5960E+06 1.0784E+01 4.0050E+02 7.4434E+01 -7.9519E-02 6.5417E-05
6.2069E+06 1.5406E+01 5.2532E+02 8.4068E+01 -7.9490E-02 6.0644E-05
5.6695E+06 3.9324E+01 5.1537E+02 8.3624E+01 -7.2067E-02 4.6547E-05
6.4716E+06 5.7464E+01 6.0167E+02 9.6319E+01 -9.6729E-02 5.9786E-05
6.0369E+06 -3.8964E+01 5.1082E+02 6.0241E+01 -4.3094E-02 3.5041E-05
4.2294E+06 -1.8836E+02 7.9675E+02 4.4029E+01 1.1625E-01 -1.3971E-04
4.2461E+06 -1.2256E+00 3.1380E+02 6.5885E+01 -3.7597E-02 4.2154E-05
6.0811E+06 1.5399E+01 5.3982E+02 9.2337E+01 -6.8252E-02 4.3731E-05
5.8162E+06 3.4798E+01 4.6208E+02 6.0663E+01 -6.9104E-02 5.7342E-05
5.6421E+06 -2.0469E+01 2.9070E+02 5.6253E+01 -9.3951E-02 1.0671E-04
5.8940E+06 -3.1435E+00 4.5773E+02 7.2745E+01 -5.5742E-02 4.5629E-05
5.8279E+06 -7.9656E+00 4.5359E+02 5.8333E+01 -3.4892E-02 4.2133E-05
5.5817E+06 -2.0213E+00 2.7375E+02 5.3264E+01 -9.1165E-02 1.1388E-04
5.6689E+06 1.9525E+01 3.9666E+02 6.8088E+01 -1.0610E-01 9.0648E-05
5.8474E+06 -1.3627E+01 4.0779E+02 5.8177E+01 -5.2740E-02 4.6820E-05
5.4995E+06 -1.8699E+01 4.9635E+02 9.1411E+01 -8.2962E-02 8.2173E-05
5.6937E+06 1.2026E+02 4.5013E+02 7.8708E+01 -1.0920E-01 7.9755E-05
6.1843E+06 1.1979E+01 3.2124E+02 5.2509E+01 -9.3370E-02 1.0771E-04
6.2232E+06 -2.1492E+01 4.8694E+02 7.0298E+01 -5.8193E-02 4.0667E-05
6.0705E+06 1.4409E+02 7.0319E+02 7.2885E+01 -3.7681E-02 2.0880E-05
5.5265E+06 -7.3815E+01 4.5602E+02 6.0300E+01 -4.1301E-02 4.2825E-05
5.4197E+06 -1.3936E+01 6.5752E+02 1.4501E+02 -2.8123E-01 1.8231E-04
6.1966E+06 -2.2291E+00 3.2288E+02 5.7538E+01 -8.4655E-02 9.1296E-05
6.1990E+06 -3.4991E+01 4.1825E+02 4.9621E+01 -3.0696E-02 3.0566E-05
5.9559E+06 3.1034E+01 6.1619E+02 1.0229E+02 -1.1937E-01 7.6264E-05
6.5358E+06 -2.3304E+01 5.3691E+02 6.9075E+01 -4.0447E-02 2.5775E-05
6.0494E+06 9.1406E+01 5.0722E+02 7.6040E+01 -9.1866E-02 6.8426E-05
6.1270E+06 4.0628E+01 5.8227E+02 1.1040E+02 -1.3330E-01 7.7844E-05
6.1399E+06 9.0902E+01 5.1893E+02 5.5465E+01 -3.6411E-02 2.9916E-05
6.0104E+06 -8.9842E+00 4.0910E+02 6.6441E+01 -7.5192E-02 6.5488E-05
5.4721E+06 3.3888E+01 4.3738E+02 6.6157E+01 -8.1228E-02 7.0334E-05
5.3461E+06 5.1356E+01 6.4189E+02 7.8664E+01 -1.1175E-02 1.1480E-06
5.5681E+06 -4.5973E+01 5.8962E+02 7.8555E+01 -6.7256E-02 4.1716E-05
5.6601E+06 4.4277E+01 5.2786E+02 8.3963E+01 -6.9152E-02 4.5839E-05
5.1499E+06 2.7998E+00 4.5517E+02 8.6238E+01 -7.1489E-02 4.5969E-05
5.8095E+06 5.9611E+01 5.9910E+02 8.8678E+01 -3.6878E-02 2.2151E-05
6.5248E+06 3.5608E+01 4.6793E+02 5.7288E+01 -5.2419E-02 3.8150E-05
5.7029E+06 2.8170E+00 5.4960E+02 7.2913E+01 -4.8585E-02 4.3527E-05
5.9484E+06 -2.3106E+01 4.3981E+02 6.4627E+01 -7.2056E-02 5.0343E-05
6.1256E+06 -3.1926E+01 3.9977E+02 6.1631E+01 -7.5024E-02 8.0773E-05
5.8903E+06 -5.7544E+00 4.2303E+02 6.6286E+01 -7.9904E-02 7.7751E-05
5.5331E+06 7.9466E+01 6.8569E+02 8.8063E+01 -7.0937E-02 6.3430E-05
6.3579E+06 4.7121E+00 2.8449E+02 6.0856E+01 -1.0730E-01 1.0929E-04
5.1673E+06 3.4870E+01 4.0211E+02 6.2492E+01 -4.5817E-02 5.5039E-05
5.2314E+06 -8.6490E+01 4.2378E+02 5.3863E+01 -3.2944E-03 2.2112E-05
5.7835E+06 1.2788E+01 3.0925E+02 5.2904E+01 -1.0176E-01 1.1831E-04
5.5734E+06 3.3758E+01 4.8427E+02 7.4164E+01 -4.6341E-02 3.5640E-05
5.9217E+06 8.3374E+00 3.6722E+02 5.9263E+01 -7.1603E-02 6.9940E-05
6.3104E+06 5.5376E-01 5.9162E+02 6.1279E+01 -3.0438E-02 2.3004E-05
5.7807E+06 1.2580E+01 3.9519E+02 5.9095E+01 -6.2146E-02 6.0469E-05
5.6727E+06 -1.0553E+02 3.4557E+02 2.6582E+01 -3.4372E-04 3.0062E-05
5.3891E+06 1.6727E+01 5.8546E+02 9.1584E+01 -5.7854E-02 4.8215E-05
5.8535E+06 -3.0583E+01 4.9525E+02 6.6936E+01 -4.1733E-02 3.1713E-05
5.6928E+06 2.9711E+01 4.2085E+02 6.6269E+01 -7.5800E-02 6.6328E-05
5.7887E+06 -3.9294E+00 4.3933E+02 7.8503E+01 -6.9701E-02 4.9760E-05
5.9743E+06 4.5277E+01 4.0938E+02 5.7778E+01 -7.7099E-02 7.4318E-05
5.8591E+06 2.5816E+01 5.4596E+02 9.6385E+01 -8.8302E-02 6.4665E-05
6.3699E+06 5.4975E+00 5.5653E+02 5.4659E+01 5.7292E-06 1.3649E-06
4.6393E+06 -5.0749E+01 5.2533E+02 7.0887E+01 4.5819E-02 -4.1500E-05
5.6164E+06 3.5736E+00 4.9514E+02 5.9391E+01 -4.8136E-02 5.0641E-05
6.3271E+06 -2.6790E+01 5.5859E+02 7.8003E+01 -6.2935E-02 4.6009E-05
5.7719E+06 1.4494E+00 5.3564E+02 9.0754E+01 -8.3697E-02 6.7537E-05
5.9763E+06 -1.0302E+01 5.2918E+02 9.5492E+01 -9.2919E-02 5.9522E-05
5.6908E+06 8.1525E+01 5.4193E+02 7.3079E+01 -7.2132E-02 5.9224E-05
6.0040E+06 -2.5185E+01 4.0500E+02 5.5568E+01 -8.0040E-02 7.8114E-05
5.4957E+06 5.2801E+00 4.8012E+02 7.6348E+01 -7.0824E-02 4.9996E-05
6.6512E+06 -7.3442E+01 5.1037E+02 4.6753E+01 -1.7287E-02 1.3800E-05
5.7726E+06 4.7082E+01 6.0675E+02 1.0564E+02 -1.0554E-01 6.1482E-05
5.0104E+06 -9.9915E+01 5.0116E+02 6.0722E+01 2.0181E-02 6.7632E-07
5.8922E+06 2.3388E+01 5.7922E+02 9.4829E+01 -1.0470E-01 6.8867E-05
6.0245E+06 -2.4007E+00 3.5826E+02 4.7699E+01 -7.0207E-02 8.0126E-05
5.4929E+06 1.4830E+02 5.0214E+02 9.9338E+01 -1.3963E-01 8.8053E-05
5.4719E+06 2.8399E+01 4.0695E+02 5.1513E+01 -7.2976E-02 7.7658E-05
6.0231E+06 -1.7809E+01 3.1292E+02 4.2753E+01 -6.0210E-02 8.2148E-05
5.9842E+06 3.4414E+01 4.8424E+02 8.2801E+01 -8.3831E-02 6.5394E-05
6.0301E+06 -3.0741E+01 6.0165E+02 7.7685E+01 -3.8766E-02 2.2214E-05
5.8459E+06 -1.0806E+01 4.8658E+02 7.2764E+01 -7.3099E-02 6.3448E-05
6.2240E+06 3.1332E+01 5.3981E+02 8.6693E+01 -8.8986E-02 6.1542E-05
5.9876E+06 -6.8502E+00 3.9354E+02 5.9586E+01 -6.2360E-02 6.3101E-05
5.5564E+06 7.3685E+00 3.7017E+02 7.7915E+01 -9.4472E-02 7.3357E-05
5.9528E+06 -1.4299E+01 4.9046E+02 7.4810E+01 -5.3918E-02 4.2581E-05
3.9212E+06 -2.6408E+01 4.4979E+02 2.1203E+01 2.0817E-01 -1.5584E-04
6.1868E+06 2.1625E+01 5.6379E+02 8.2596E+01 -6.1476E-02 4.3471E-05
5.7326E+06 -3.0097E+01 4.9598E+02 6.7873E+01 -2.9942E-02 2.3518E-05
5.8792E+06 -7.8876E+01 5.3072E+02 5.9101E+01 -7.2786E-04 -2.8252E-10
5.1609E+06 -2.1781E+01 3.0147E+02 4.6767E+01 -4.9283E-02 6.8667E-05
5.2114E+06 9.3034E+01 4.7632E+02 9.3312E+01 -1.1742E-01 8.2983E-05
5.4776E+06 2.6767E+01 3.7103E+02 5.5440E+01 -1.8782E-02 2.3181E-05
5.2733E+06 2.2127E+02 7.4266E+02 8.8819E+01 -1.1772E-01 1.0460E-04
6.1042E+06 -3.9453E+01 4.5470E+02 6.8222E+01 -5.1996E-02 3.8668E-05
5.9129E+06 -1.3425E+01 3.1967E+02 5.5217E+01 -8.8613E-02 1.0222E-04
5.9730E+06 -4.6949E+01 4.5698E+02 6.1032E+01 -3.3974E-02 2.8427E-05
5.8056E+06 -3.9487E+00 4.4283E+02 7.3715E+01 -6.6630E-02 5.4247E-05
5.6473E+06 5.2149E+01 4.4152E+02 6.7523E+01 -7.6626E-02 6.7720E-05
5.9760E+06 2.7323E+01 7.1038E+02 8.5943E+01 -6.4410E-02 3.9770E-05
5.7557E+06 3.8177E+01 4.9704E+02 6.7134E+01 -7.1084E-02 5.7412E-05
6.0129E+06 1.2441E+02 6.2614E+02 9.6675E+01 -9.0825E-02 6.5141E-05
6.3125E+06 7.6929E+01 3.7991E+02 6.0638E+01 -1.0938E-01 1.0649E-04
6.2448E+06 -1.2394E+01 4.5216E+02 7.9967E+01 -8.0304E-02 5.8553E-05
6.1008E+06 9.9292E+00 4.9599E+02 7.1950E+01 -5.7942E-02 4.4110E-05
5.5281E+06 1.9028E+01 3.5659E+02 6.5499E+01 -9.0741E-02 8.4570E-05
4.9084E+06 -2.6744E+01 5.0852E+02 7.2517E+01 3.9100E-02 -4.6301E-05
5.7255E+06 3.2483E+01 5.1917E+02 8.2515E+01 -6.9472E-02 5.4422E-05
6.3041E+06 -4.7912E+01 3.7955E+02 5.3724E+01 -5.3610E-02 5.6916E-05
6.0058E+06 -2.7531E+01 4.4121E+02 7.4566E+01 -7.7880E-02 6.3566E-05
5.4065E+06 1.5104E+01 3.7355E+02 6.8028E+01 -1.1748E-01 1.0468E-04
5.7565E+06 3.0939E+01 6.0362E+02 9.6761E+01 -7.7495E-02 4.3621E-05
5.5755E+06 -3.3994E+01 3.6184E+02 5.4378E+01 -5.1850E-02 5.2282E-05
5.2899E+06 -2.7998E+01 4.3706E+02 7.0335E+01 -3.8402E-02 2.7941E-05
4.9340E+06 -1.2090E+02 3.1852E+02 2.2258E+01 9.1622E-02 -5.1810E-05
6.0477E+06 1.3491E+01 4.7187E+02 8.2585E+01 -9.0262E-02 6.8710E-05
5.8943E+06 5.0839E+01 4.6020E+02 6.8368E+01 -6.4394E-02 5.4244E-05
6.5758E+06 -1.8236E+01 5.1618E+02 4.3885E+01 -3.1085E-02 2.8305E-05
4.9683E+06 -6.9605E+00 4.6071E+02 9.7201E+01 -4.8942E-02 1.9496E-05
5.4718E+06 5.1747E+01 6.0387E+02 9.4149E+01 -8.3655E-02 4.9257E-05
5.4592E+06 -7.8428E+00 3.9741E+02 7.6007E+01 -8.2618E-02 6.9761E-05
5.9723E+06 -2.4759E+01 4.5831E+02 8.2243E+01 -6.8046E-02 4.7862E-05
6.2610E+06 8.6570E-01 5.5848E+02 8.0801E+01 -7.4859E-02 5.2977E-05
6.2383E+06 -5.1049E+01 4.5225E+02 3.7654E+01 1.2348E-03 1.4637E-05
5.6828E+06 5.5872E+01 5.2942E+02 7.8460E+01 -6.3936E-02 3.9854E-05
6.4843E+06 -4.2817E+01 4.0029E+02 6.3523E+01 -8.6873E-02 7.4528E-05
5.8684E+06 3.6092E+01 4.4557E+02 4.7473E+01 -3.2931E-02 3.4805E-05
5.6885E+06 -3.2954E+01 3.7573E+02 5.9554E+01 -5.4777E-02 5.6605E-05
4.7685E+06 -2.2175E+02 4.0389E+02 2.2558E+01 6.8297E-02 -2.5970E-05
5.7155E+06 1.4711E+02 6.8419E+02 1.2210E+02 -1.1527E-01 6.3083E-05
5.8312E+06 -6.8816E+01 5.6139E+02 6.8486E+01 -2.3792E-02 2.1829E-05
6.0445E+06 3.2571E-01 4.0843E+02 6.9806E+01 -9.3532E-02 8.0103E-05
5.4344E+06 6.8462E+01 6.0996E+02 8.8092E+01 -7.2671E-02 5.5487E-05
6.0932E+06 2.1735E+00 2.9184E+02 4.6130E+01 -6.2405E-02 8.1142E-05
5.9885E+06 -4.4161E+01 3.9468E+02 5.0461E+01 -3.8655E-02 4.5159E-05
6.1447E+06 -6.2250E+01 4.0306E+02 5.8639E+01 -5.3492E-02 5.3569E-05
5.8418E+06 -9.7488E+01 4.2600E+02 5.1638E+01 -1.9606E-02 3.7827E-05
5.8289E+06 1.0249E+01 3.3248E+02 5.1839E+01 -6.9018E-02 8.0715E-05
5.7173E+06 -4.4096E+01 6.2528E+02 9.0341E+01 -6.5406E-02 4.0546E-05
5.5870E+06 8.6966E+01 5.9276E+02 1.0482E+02 -9.2929E-02 4.2987E-05
6.1666E+06 3.1993E+00 4.7646E+02 4.4057E+01 -3.7275E-02 3.2924E-05
6.1211E+06 1.1447E+02 6.2293E+02 8.8594E+01 -7.5205E-02 5.3369E-05
4.9503E+06 1.1077E+02 4.4478E+02 4.7863E+01 -1.4020E-02 2.2983E-05
5.5404E+06 -4.0659E+01 3.4974E+02 5.5331E+01 -4.9500E-02 5.8027E-05
5.6901E+06 -6.8424E+00 5.1027E+02 1.0285E+02 -7.5797E-02 3.9140E-05
5.9691E+06 -3.7406E+01 4.3471E+02 6.0616E+01 -3.9238E-02 3.5649E-05
5.6302E+06 -1.7264E+01 3.9452E+02 5.4765E+01 -3.0212E-02 2.9028E-05
5.8144E+06 2.4067E+01 3.5967E+02 6.1788E+01 -8.9649E-02 8.8286E-05
5.9343E+06 1.2060E+02 5.7484E+02 5.9670E+01 -4.1743E-02 3.7649E-05
5.7689E+06 2.0387E+02 7.3028E+02 1.2933E+02 -1.4427E-01 7.2138E-05
5.2552E+06 -3.9694E+01 4.1728E+02 5.3921E+01 2.0730E-03 2.0343E-05
6.1402E+06 -3.3137E-01 3.9544E+02 6.3872E+01 -7.6292E-02 6.8142E-05
5.9153E+06 1.0616E+01 3.6298E+02 4.7063E+01 -7.2605E-02 8.5756E-05
5.8394E+06 -1.3357E+02 5.9065E+02 6.0860E+01 -5.7072E-02 5.3095E-05
6.1767E+06 2.9854E+01 5.3468E+02 9.1051E+01 -1.0040E-01 6.8974E-05
5.7919E+06 -1.1913E+01 5.6477E+02 5.8782E+01 -3.6007E-03 -9.5462E-07
6.1301E+06 2.0574E+01 3.2452E+02 4.7940E+01 -7.3638E-02 8.5031E-05
5.8128E+06 9.0292E+00 5.8147E+02 5.2418E+01 -1.6669E-02 2.6382E-05
5.8140E+06 3.2784E+01 4.2594E+02 7.2922E+01 -9.2819E-02 7.0095E-05
5.7712E+06 2.7463E+00 3.7497E+02 6.8933E+01 -8.5893E-02 7.1019E-05
5.4827E+06 2.1573E+01 4.5661E+02 6.6518E+01 -6.2185E-02 5.6113E-05
5.3118E+06 -5.1411E+00 4.3934E+02 7.9210E+01 -6.4315E-02 4.7046E-05
6.1565E+06 -1.2757E+01 5.7655E+02 8.4244E+01 -7.4915E-02 5.1861E-05
5.3280E+06 -1.0128E+02 3.3016E+02 2.9929E+01 -9.3584E-03 4.0849E-05
6.2586E+06 -1.2316E+02 4.9804E+02 4.9423E+01 -1.2424E-02 1.3082E-05
6.2535E+06 -2.1773E+01 4.6252E+02 6.8748E+01 -5.2619E-02 4.1731E-05
6.2568E+06 1.0626E+02 5.6080E+02 6.2211E+01 -4.9120E-02 3.6692E-05
5.4277E+06 5.4650E+00 4.4886E+02 5.3756E+01 4.6446E-03 9.0078E-06
5.8396E+06 1.0216E+02 5.2495E+02 6.7911E+01 -4.8598E-02 4.0448E-05
5.9555E+06 -1.2827E+01 3.7908E+02 5.5018E+01 -6.4557E-02 6.5881E-05
5.9717E+06 -1.2766E+01 3.8356E+02 6.2294E+01 -6.3640E-02 6.0827E-05
5.9459E+06 -1.1187E+02 5.4057E+02 5.7937E+01 -1.7730E-02 2.7421E-05
6.0269E+06 -1.7747E+01 4.3651E+02 7.6307E+01 -7.8207E-02 5.3541E-05
5.1109E+06 3.3872E+01 4.0083E+02 6.5454E+01 -2.8015E-02 3.0870E-05
6.5257E+06 -3.9061E+00 5.3268E+02 4.7464E+01 -2.2267E-02 2.1247E-05
6.0369E+06 -7.4654E+01 5.3618E+02 4.2109E+01 -9.6558E-03 1.7107E-05
6.3394E+06 2.4289E+01 3.3808E+02 4.5587E+01 -8.1318E-02 9.2691E-05
5.5106E+06 7.7539E+01 4.8004E+02 5.2006E+01 -3.7797E-02 3.7115E-05
5.9612E+06 1.3636E+01 3.2156E+02 5.3315E+01 -9.3980E-02 1.0466E-04
5.3749E+06 -4.6650E+00 5.9258E+02 6.3271E+01 3.2796E-02 -1.1921E-05
5.3745E+06 7.0572E+00 3.8280E+02 7.7484E+01 -1.1394E-01 9.5780E-05
5.6808E+06 8.6947E+01 5.1775E+02 8.2672E+01 -7.1196E-02 4.2106E-05
5.7315E+06 -6.4998E+00 4.9086E+02 6.2383E+01 -3.2420E-02 3.0235E-05
5.7278E+06 1.0282E+01 3.3975E+02 6.0952E+01 -9.0706E-02 9.5764E-05
5.2599E+06 -1.2632E+01 5.5810E+02 7.7846E+01 -1.0026E-02 1.0725E-05
6.7022E+06 3.4283E+01 6.2451E+02 8.4779E+01 -9.3671E-02 6.1328E-05
5.7317E+06 -3.6328E+01 5.0180E+02 8.0546E+01 -6.1986E-02 4.8495E-05
5.6100E+06 -3.7958E+01 3.4649E+02 5.5575E+01 -5.5346E-02 6.4962E-05
5.5606E+06 -8.5080E+00 4.1723E+02 7.5179E+01 -6.5163E-02 5.6613E-05
5.9718E+06 1.6903E+01 3.0549E+02 6.1115E+01 -1.1129E-01 1.1532E-04
5.5983E+06 -1.7291E+01 5.6749E+02 7.7611E+01 -3.3048E-02 3.2724E-05
5.8320E+06 -1.8850E+01 3.4852E+02 6.6204E+01 -8.5641E-02 8.0196E-05
6.0080E+06 8.4882E+01 4.1840E+02 5.4859E+01 -5.7385E-02 6.0209E-05
6.3792E+06 -2.8848E+01 3.8152E+02 5.0645E+01 -5.6326E-02 6.0852E-05
6.2033E+06 2.9132E+01 4.5173E+02 7.3687E+01 -9.2074E-02 7.3513E-05
5.5224E+06 -4.4522E+01 3.5692E+02 5.9467E+01 -5.8118E-02 5.9312E-05
5.6410E+06 -1.0700E+01 6.0698E+02 8.6824E+01 -4.0967E-02 1.7301E-05
5.1363E+06 1.9911E+01 6.7127E+02 1.2164E+02 -9.7414E-02 5.1381E-05
5.6948E+06 -8.9614E+00 5.6685E+02 7.9826E+01 -2.6506E-02 2.3100E-05
5.6846E+06 -2.4966E+01 5.1005E+02 7.1829E+01 -7.1630E-02 5.2149E-05
6.3195E+06 2.2110E+00 5.7986E+02 7.9014E+01 -6.6822E-02 5.0294E-05
6.2725E+06 -2.7981E+01 4.6219E+02 6.6106E+01 -6.6368E-02 5.2470E-05
5.7415E+06 2.7473E+01 3.8011E+02 6.3832E+01 -1.0169E-01 9.5448E-05
6.9636E+06 1.1647E+02 5.1460E+02 6.6539E+01 -9.5569E-02 6.7517E-05
6.0662E+06 -5.2967E+00 5.0982E+02 5.7816E+01 -2.4182E-02 2.3394E-05
6.1153E+06 6.0020E+01 4.8706E+02 8.2403E+01 -1.0826E-01 8.6479E-05
5.9159E+06 2.5613E+01 4.0351E+02 5.8302E+01 -4.8928E-02 4.6985E-05
6.0101E+06 -7.8510E+00 4.7564E+02 7.5154E+01 -7.3555E-02 5.4460E-05
5.7293E+06 3.5770E+01 2.9824E+02 5.7416E+01 -9.7348E-02 1.1119E-04
6.0103E+06 1.5050E+02 6.9521E+02 7.4053E+01 -6.2346E-02 3.7372E-05
5.0573E+06 2.2081E+01 4.7711E+02 1.1080E+02 -1.2904E-01 7.9000E-05
6.2432E+06 -6.9453E+01 5.5874E+02 5.1467E+01 -2.6551E-02 2.2519E-05
6.2643E+06 6.6744E+01 6.1593E+02 8.1280E+01 -5.2764E-02 3.4472E-05
5.2269E+06 -2.4218E+01 3.2394E+02 4.6107E+01 -9.4048E-03 3.0102E-05
5.9917E+06 1.7336E+02 7.1473E+02 1.0552E+02 -1.1077E-01 7.6804E-05
6.0901E+06 -1.2400E+01 3.9256E+02 6.3317E+01 -5.1483E-02 4.4298E-05
5.4068E+06 -3.1873E+01 4.2756E+02 4.5924E+01 -2.6024E-02 3.6114E-05
6.1169E+06 7.3472E+01 5.7999E+02 4.2485E+01 -5.9476E-03 1.1779E-05
5.4190E+06 -1.0464E+02 5.4629E+02 5.3835E+01 3.3173E-02 -2.1337E-05
6.3576E+06 3.4871E+01 6.0877E+02 6.5462E+01 -5.1038E-02 3.1808E-05
5.8881E+06 3.8876E+01 5.7974E+02 8.2804E+01 -9.2578E-02 6.9403E-05
5.6290E+06 7.3229E+01 5.7080E+02 9.6692E+01 -8.8218E-02 6.8844E-05
5.0401E+06 -2.4405E+01 5.2154E+02 8.5249E+01 -3.1425E-03 -1.4795E-05
5.8407E+06 2.3341E+01 5.9189E+02 6.3046E+01 -5.9801E-05 -8.2635E-07
6.4468E+06 -2.7764E+01 3.8786E+02 4.4680E+01 -2.7817E-02 3.5515E-05
6.1046E+06 -1.2449E+01 5.0542E+02 8.8418E+01 -9.2864E-02 6.8821E-05
5.4143E+06 -2.6781E+02 6.1726E+02 3.1313E+01 6.2493E-02 -4.5945E-05
5.8531E+06 -1.0973E+01 3.8034E+02 6.4648E+01 -7.8992E-02 7.3510E-05
5.5355E+06 -1.3319E+01 4.4370E+02 8.3057E+01 -7.9358E-02 5.4449E-05
5.9093E+06 -4.4232E+01 4.1227E+02 4.0107E+01 1.0879E-03 1.1183E-06
5.6082E+06 -1.9187E+01 5.4108E+02 9.3086E+01 -5.6224E-02 3.0659E-05
5.3507E+06 -1.3091E+01 3.0432E+02 5.5857E+01 -5.7415E-02 6.9828E-05
5.4166E+06 2.7221E+01 5.1751E+02 9.2834E+01 -5.1588E-02 2.0078E-05
7.1640E+06 -8.9256E+00 2.8501E+02 3.9931E+01 -6.8451E-02 8.7066E-05
5.9281E+06 1.4282E+02 5.3843E+02 6.9585E+01 -8.9406E-02 7.5047E-05
5.9959E+06 -9.2535E+00 5.9142E+02 1.0050E+02 -7.8615E-02 4.1376E-05
5.8053E+06 3.8576E+01 4.1786E+02 5.8975E+01 -4.6233E-02 4.9677E-05
5.7544E+06 6.6217E+01 7.5367E+02 1.7827E+02 -2.6367E-01 1.3590E-04
4.9478E+06 2.3709E+01 4.5808E+02 5.5966E+01 3.6117E-02 -2.0924E-05
5.1717E+06 2.2202E+00 5.1099E+02 9.8664E+01 -8.7357E-02 5.1489E-05
4.5154E+06 -7.8383E+01 4.5270E+02 4.2888E+01 1.1214E-01 -8.1991E-05
6.1943E+06 -3.7585E+01 5.0689E+02 7.9466E+01 -7.8439E-02 5.8806E-05
5.9064E+06 2.2939E+01 5.0549E+02 7.8791E+01 -7.9252E-02 6.3915E-05
6.6981E+06 -1.0382E+02 4.5345E+02 4.9937E+01 -4.0471E-02 3.3868E-05
5.2607E+06 -2.8989E+01 5.5417E+02 5.0814E+01 -3.4547E-03 1.6962E-05
5.4858E+06 8.2620E+00 3.1132E+02 5.6784E+01 -7.5695E-02 8.7658E-05
6.1558E+06 -2.9755E+00 5.2146E+02 8.8940E+01 -8.0230E-02 5.3573E-05
6.4607E+06 7.2279E+01 5.8639E+02 1.1045E+02 -1.1984E-01 6.9439E-05
6.3886E+06 -2.1431E+01 3.9904E+02 6.9715E+01 -8.2326E-02 6.6365E-05
5.9754E+06 -2.9692E+01 4.3830E+02 6.7677E+01 -5.6929E-02 4.7143E-05
5.5843E+06 4.6499E+01 4.4280E+02 7.7873E+01 -9.3981E-02 7.3355E-05
5.8221E+06 1.4563E+02 6.2377E+02 6.3298E+01 -3.0849E-02 2.2282E-05
5.5953E+06 -3.8990E+01 4.5257E+02 4.5526E+01 -6.9173E-03 1.6936E-05
6.3634E+06 -1.7586E+01 6.0838E+02 6.3725E+01 -2.4918E-02 1.7016E-05
6.0515E+06 7.2751E+01 5.6714E+02 8.7945E+01 -7.4130E-02 4.5569E-05
5.5177E+06 3.1872E+01 6.7705E+02 9.9449E+01 -6.4467E-02 2.4615E-05
6.0230E+06 2.9857E+01 5.0810E+02 7.7192E+01 -6.6283E-02 5.3790E-05
5.8288E+06 2.4736E+02 7.7720E+02 1.2549E+02 -1.4577E-01 9.5694E-05
5.9724E+06 3.9975E+01 5.2465E+02 7.5618E+01 -5.1669E-02 3.7558E-05
5.9479E+06 7.8788E+01 5.6960E+02 1.0570E+02 -1.0403E-01 6.1131E-05
6.0643E+06 3.9665E+01 3.6659E+02 5.4758E+01 -1.0302E-01 1.0556E-04
5.6810E+06 1.3213E+01 5.1560E+02 6.1501E+01 -1.9339E-02 1.7919E-05
6.3129E+06 -1.7553E+01 5.5767E+02 8.1348E+01 -5.9466E-02 3.7666E-05
6.2770E+06 2.2830E+01 4.2807E+02 5.9968E+01 -7.2690E-02 6.2973E-05
6.1344E+06 -3.1690E+01 6.3558E+02 6.9161E+01 -5.9509E-02 4.4847E-05
6.1165E+06 3.7455E+01 5.4961E+02 8.2845E+01 -7.7637E-02 5.6659E-05
5.5465E+06 6.5436E+01 5.0449E+02 6.9474E+01 -4.5183E-02 4.6046E-05
6.0335E+06 2.5721E+01 4.5145E+02 6.4752E+01 -3.7347E-02 3.6797E-05
5.6290E+06 4.6586E+00 5.3795E+02 9.3379E+01 -6.5317E-02 3.9015E-05
5.8349E+06 4.2760E+01 5.0114E+02 7.6591E+01 -7.0899E-02 5.2301E-05
6.0299E+06 -3.0944E+01 5.4480E+02 4.7007E+01 1.7246E-05 3.2360E-06
5.7307E+06 -5.8689E+00 4.9563E+02 7.2034E+01 -2.7228E-02 1.6930E-05
5.0263E+06 -8.1257E-02 3.6032E+02 5.8171E+01 -3.9297E-02 5.3964E-05
5.7241E+06 8.2054E-01 4.5728E+02 9.7084E+01 -1.3802E-01 8.6275E-05
5.9959E+06 3.3952E+01 3.3136E+02 6.3116E+01 -1.0709E-01 1.0753E-04
5.7042E+06 -3.0902E+01 6.0120E+02 9.9662E+01 -1.3347E-01 9.0486E-05
5.8158E+06 -2.3858E+01 4.3570E+02 5.8342E+01 -5.6389E-02 5.1931E-05
5.0173E+06 8.2925E+01 5.6857E+02 1.2766E+02 -1.0740E-01 3.9939E-05